 1103     6       662567.6748648438    14943.7446898726
   0.80613   2.23799   2.03283    15.73857    67.94179   -52.20322
   1.99907   3.96626  -0.06717    14.27145    24.17596    -9.90451
   1.05926   4.32268  -0.06717    13.58935    33.57070   -19.98136
   0.54731   4.03814  -1.11717    13.68975    34.07036   -20.38062
   3.77935   1.92688   1.45942    13.47890     2.40209    11.07681
   4.79366  -1.52757   1.45942    21.01027    41.01483   -20.00455
   6.13817   0.12673   0.40942    16.69991    18.38648    -1.68657
   4.03817   0.12673  -1.69058    -8.53915   -46.91500    38.37585
  -2.19147  -3.78191  -0.24683     8.98970     5.58647     3.40323
  -0.62595  -1.69722  -1.29683    -6.83232   -66.74275    59.91043
  -4.18959  -1.18485  -1.29683    -0.73983     5.82294    -6.56278
  -4.18959  -2.20960  -1.29683     9.38127    21.26448   -11.88321
  -2.70342  -3.49736  -1.29683    11.27384    10.87117     0.40267
  -1.68910  -3.35153  -1.29683     7.01179    -6.06722    13.07902
   3.74510  -0.20041   2.73266    21.99107    45.95406   -23.96299
   3.22010   0.70891   2.73266     6.04229    28.64101   -22.59872
   2.17010   0.70891   2.73266    -0.34450    43.16208   -43.50658
   1.64510  -0.20041   2.73266    10.75740    55.99708   -45.23968
   3.45060   1.45389   1.96400     7.40336     7.41048    -0.00712
   2.43628   1.59973   1.96400     1.45017    31.90988   -30.45970
   1.50414   1.17403   1.96400     8.64269   114.25108  -105.60839
  -1.70463   2.55070  -0.57780    14.26517   119.09707  -104.83189
   0.09004   0.58716  -2.39646     5.44615   -15.81596    21.26211
  -1.48496  -0.32216  -2.39646     9.61972  -116.29678   125.91650
  -0.43496  -0.32216  -2.39646    -3.71235   -87.65814    83.94579
  -3.99461   2.34378   0.37724   -30.12861   -30.81040     0.68179
  -4.84331   1.72716   0.37724   -33.50022   -28.06132    -5.43890
  -5.16749   0.72945   0.37724   -30.22964   -20.98841    -9.24123
  -4.84331  -0.26826   0.37724   -15.09725     9.24182   -24.33907
  -2.49008   2.42686  -0.60276    -5.44741     3.61377    -9.06118
  -3.47008   2.68945  -0.60276   -24.74082   -25.87706     1.13624
  -4.45008   2.42686  -0.60276   -31.22864   -32.47152     1.24288
  -5.16749   1.70945  -0.60276   -32.39706   -28.99063    -3.40643
  -5.43008   0.72945  -0.60276   -31.10376   -17.87868   -13.22508
  -5.16749  -0.25055  -0.60276   -24.19363    -4.78162   -19.41201
  -2.94555   2.34378  -1.58276   -14.33106   -19.78734     5.45628
  -3.99461   2.34378  -1.58276   -26.70994   -32.60194     5.89200
  -4.84331   1.72716  -1.58276   -29.36682   -30.26288     0.89606
  -5.16749   0.72945  -1.58276   -29.27018    -9.13260   -20.13758
  -4.84331  -0.26826  -1.58276   -24.14406    -5.18609   -18.95796
  -3.99461  -0.88488  -1.58276    -6.25062    -3.34649    -2.90413
  -2.49008   0.72945  -2.30017     4.69816   -32.23486    36.93303
  -2.98008   1.57816  -2.30017   -12.01869   -28.52466    16.50597
  -3.96008   1.57816  -2.30017   -24.55445   -33.94484     9.39039
  -4.45008   0.72945  -2.30017   -26.12573   -26.37562     0.24989
  -3.96008  -0.11925  -2.30017   -18.87298   -23.90635     5.03337
  -2.98008  -0.11925  -2.30017    -2.94427   -26.76795    23.82367
  -3.47008   0.72945  -2.56276   -18.47764   -35.58530    17.10766
  -2.25486   0.20085   3.54999   -27.35251   -39.41175    12.05924
  -1.27486   0.20085   3.28740   -21.65661   -27.88569     6.22908
  -1.76486   1.04956   3.28740   -24.70066   -25.21296     0.51230
  -2.74486   1.04956   3.28740   -29.89393   -35.48714     5.59321
  -3.23486   0.20085   3.28740   -30.55281   -40.86715    10.31434
  -2.74486  -0.64785   3.28740   -28.03022   -42.80434    14.77412
  -1.76486  -0.64785   3.28740   -25.25914   -43.02914    17.77000
  -1.73033   1.81518   2.56999   -21.81913    -2.18948   -19.62965
  -2.77939   1.81518   2.56999   -29.44024   -26.45353    -2.98671
  -3.62809   1.19856   2.56999   -32.39141   -37.37875     4.98734
  -3.95227   0.20085   2.56999   -29.64982   -36.68589     7.03606
  -3.62809  -0.79686   2.56999   -23.97777   -29.27094     5.29318
  -2.77939  -1.41348   2.56999   -20.99898   -32.14815    11.14917
  -1.73033  -1.41348   2.56999   -20.98329   -48.08566    27.10236
  -0.88162  -0.79686   2.56999   -17.22765   -33.32705    16.09940
  -1.27486   1.89826   1.58999    -2.59914    71.12594   -73.72508
  -2.25486   2.16085   1.58999   -16.46961    -0.68196   -15.78765
  -3.23486   1.89826   1.58999   -26.01905   -31.10013     5.08108
   2.97319   1.48189  -1.56988    -4.54129   -86.04205    81.50077
   2.97319  -1.91293  -1.56988   -15.14682   -34.67052    19.52369
   3.69060  -1.19552  -1.56988   -11.93460   -28.23391    16.29931
   3.69060  -0.21552  -2.54988   -22.29667   -73.29839    51.00172
   3.36643   0.78219  -2.54988   -19.35051   -92.40457    73.05406
   2.51772   1.39881  -2.54988   -16.30646   -95.01961    78.71314
   1.46866   1.39881  -2.54988    -9.73644   -67.32389    57.58745
   0.61996   0.78219  -2.54988    -6.77083   -41.61000    34.83917
   0.29578  -0.21552  -2.54988   -14.69188   -63.06022    48.36834
   0.61996  -1.21323  -2.54988   -22.41401   -69.62085    47.20684
   1.46866  -1.82985  -2.54988   -28.36406   -65.82367    37.45962
   2.51772  -1.82985  -2.54988   -28.24044   -60.27795    32.03751
   3.36643  -1.21323  -2.54988   -25.43798   -60.48645    35.04847
   2.97319  -0.21552  -3.26729   -25.64506   -82.09846    56.45340
   2.48319   0.63318  -3.26729   -22.86331   -89.79462    66.93132
   1.50319   0.63318  -3.26729   -21.44074   -77.51968    56.07894
   1.01319  -0.21552  -3.26729   -24.39004   -71.86894    47.47891
   1.50319  -1.06422  -3.26729   -28.92944   -72.02038    43.09094
   2.48319  -1.06422  -3.26729   -28.93760   -72.81482    43.87722
   1.99319  -0.21552  -3.52988   -26.52232   -79.75237    53.23005
   0.84317  -1.76332   2.08382    -4.91779    15.33171   -20.24950
  -0.13683  -1.76332   1.82123   -13.25928   -11.95506    -1.30422
   0.35317  -2.61202   1.82123   -16.78462   -12.26967    -4.51495
   1.33317  -2.61202   1.82123   -10.09412     2.70671   -12.80083
   0.31865  -3.37765   1.10382   -18.66966   -24.15287     5.48321
   1.36770  -3.37765   1.10382   -19.41577   -19.10242    -0.31335
   2.21641  -2.76103   1.10382    -4.49485     7.03352   -11.52837
  -0.13683  -3.46073   0.12382   -15.79253   -33.63216    17.83963
   0.84317  -3.72332   0.12382   -23.42932   -34.45629    11.02697
   1.82317  -3.46073   0.12382   -22.38577   -30.07699     7.69122
   2.54058  -2.74332   0.12382    -7.89470   -14.65505     6.76036
   0.31865  -3.37765  -0.85618   -23.71986   -44.97721    21.25735
   1.36770  -3.37765  -0.85618   -26.68672   -44.40743    17.72071
   2.21641  -2.76103  -0.85618   -17.76103   -42.06861    24.30758
  -0.13683  -1.76332  -1.57359   -14.32102   -65.43400    51.11298
   0.35317  -2.61202  -1.57359   -24.05432   -56.19514    32.14082
   1.33317  -2.61202  -1.57359   -25.97701   -57.71440    31.73738
  -4.23940   0.59729   1.66660   -24.40635   -33.34476     8.93841
  -4.23940  -0.48202   1.66660   -10.11922   -12.62108     2.50186
  -1.87000   2.38632   0.68423     5.89922    42.42558   -36.52637
  -2.93301   2.38632   0.68423   -12.85014   -14.55800     1.70786
  -4.79008   0.05764   0.68423   -18.45505   -11.17928    -7.27577
  -4.55353  -0.97873   0.68423     6.70557    27.12048   -20.41491
  -4.55353  -0.97873  -0.40613    -2.47301    19.26229   -21.73531
  -2.40150   0.05764  -2.31095     9.55948   -35.47002    45.02950
   2.95459  -2.34255   0.32076    10.08031    24.52310   -14.44278
   2.95459  -2.34255  -0.76960    -0.50264     0.44960    -0.95224
   0.21096  -1.92272  -1.75197   -18.12436   -63.16363    45.03928
   1.19273  -2.37108  -1.75197   -24.95229   -60.81067    35.85838
   2.26106  -2.21747  -1.75197   -20.65071   -51.39147    30.74076
   2.64098   2.36978  -1.64695     7.73217   -28.67868    36.41085
   2.26717   3.39681  -1.64695    12.05571     2.29830     9.75741
   1.32065   3.94328  -1.64695    13.03274    17.65638    -4.62364
   0.24431   3.75349  -1.64695    14.41452    31.92605   -17.51153
  -0.45821   2.91625  -1.64695    23.55859    52.78901   -29.23042
   2.03068   2.36978  -2.48695     5.55534   -28.43848    33.99382
   1.34835   3.30893  -2.48695    12.66126     4.14165     8.51961
   0.24431   2.95020  -2.48695    17.04567    19.95052    -2.90485
   0.24431   1.78935  -2.48695    20.07905    15.55883     4.52022
   1.34835   1.43063  -2.48695    -6.31902   -58.62903    52.31001
   1.04320   2.36978  -2.80780    10.58985    -7.97576    18.56561
   0.07225   2.99192   1.91448    12.06701    60.80369   -48.73668
   0.37740   3.93107   1.59363    12.02496    45.89475   -33.86979
  -0.72663   3.57234   1.59363    10.59048    50.86514   -40.27466
  -0.72663   2.41149   1.59363    11.33157    72.94944   -61.61787
   0.34970   4.56542   0.75363    12.87085    36.57899   -23.70814
  -0.72663   4.37563   0.75363    12.55647    39.02979   -26.47333
  -1.42916   3.53839   0.75363    10.28802    51.56749   -41.27948
  -1.42916   2.44545   0.75363    11.68423    68.97916   -57.29493
   0.34970   4.56542  -0.28467    13.07416    34.20690   -21.13274
  -0.72663   4.37563  -0.28467    13.15762    37.51122   -24.35360
  -1.42916   3.53839  -0.28467    12.57780    49.08542   -36.50762
  -0.72663   3.57234  -1.12467    15.88729    46.78193   -30.89465
   1.71804   2.38960   2.19608    12.67067    47.43617   -34.76550
   2.70552   2.38960   1.87523    13.29630    24.83972   -11.54342
   2.02319   3.32874   1.87523    14.03425    32.11830   -18.08405
   3.31582   2.38960   1.03523    17.55772     6.25244    11.30527
   2.94201   3.41663   1.03523    16.49722    18.23658    -1.73936
   1.99549   3.96310   1.03523    14.07378    28.25938   -14.18559
   2.94201   3.41663  -0.00307    15.91992    11.92844     3.99148
   5.19992   2.02241   0.27174    15.59487     4.37574    11.21913
   4.25340   2.56888   0.27174    16.38427     0.68733    15.69694
   5.57373   0.99537  -0.76656    14.64168     2.87046    11.77122
   5.19992   2.02241  -0.76656    14.22941    -2.20671    16.43611
   4.25340   2.56888  -0.76656    15.38340    -6.15177    21.53517
   3.17707   2.37909  -0.76656    16.37110   -12.08894    28.46004
   4.96343   0.99537  -1.60656     8.18649   -13.85613    22.04262
   4.28110   1.93452  -1.60656     9.99874   -20.81046    30.80919
   3.17707   1.57580  -1.60656    -0.39031   -67.45467    67.06436
   3.97595   0.99537  -1.92741    -2.62675   -50.97087    48.34411
   6.10718  -0.69314   0.37431    15.13051    21.90903    -6.77852
   3.71052  -2.07686   0.37431    18.45819    50.01886   -31.56067
   4.78686  -2.26665   0.37431    14.54191    29.46051   -14.91860
   5.73337  -1.72017   0.37431    14.12461    23.70013    -9.57551
   6.10718  -0.69314  -0.66399    12.80810    12.40784     0.40025
   3.71052  -2.07686  -0.66399     7.94929    33.25369   -25.30440
   4.78686  -2.26665  -0.66399    10.19577    16.02983    -5.83406
   5.73337  -1.72017  -0.66399    12.04944    13.94974    -1.90030
   5.49688  -0.69314  -1.50399     8.33458     1.10425     7.23033
   3.71052  -1.27357  -1.50399    -9.14470   -22.44474    13.30004
   4.81455  -1.63229  -1.50399     5.48255     0.25475     5.22780
   4.50940  -0.69314  -1.82484    -1.82103   -19.06812    17.24708
   4.65833   0.38589   2.95215    18.05533    26.04095    -7.98562
   5.64581   0.38589   2.63130    18.02333    21.66270    -3.63937
   4.96348   1.32504   2.63130    16.50977    18.38778    -1.87800
   3.85944   0.96632   2.63130    12.99321    21.80970    -8.81649
   4.96348  -0.55326   2.63130    20.30181    31.62078   -11.31897
   6.25610   0.38589   1.79130    17.03626    19.07280    -2.03654
   5.88229   1.41292   1.79130    16.67858    15.21523     1.46334
   4.93578   1.95940   1.79130    15.33508    12.14978     3.18530
   3.85944   1.76961   1.79130    12.74848     7.17412     5.57436
   4.93578  -1.18761   1.79130    21.37737    38.70487   -17.32750
   5.88229  -0.64114   1.79130    16.99609    25.66437    -8.66828
   6.25610   0.38589   0.75300    16.49158    17.39437    -0.90279
   5.88229   1.41292   0.75300    16.22551    11.82167     4.40384
  -3.31791  -2.11344   1.94083     2.77798    13.74487   -10.96689
  -4.11680  -1.53301   1.61998     5.05208    12.58112    -7.52904
  -4.11680  -2.69386   1.61998     9.49610    16.34709    -6.85099
  -3.01276  -3.05259   1.61998     7.71648    23.79949   -16.08301
  -4.81933  -1.56697   0.77998     7.89721    18.41574   -10.51854
  -4.81933  -2.65991   0.77998    11.25250    17.17093    -5.91843
  -4.11680  -3.49715   0.77998    12.02873    18.50915    -6.48042
  -3.04046  -3.68694   0.77998    10.40034    18.09562    -7.69527
  -4.81933  -1.56697  -0.25831     5.39784    20.07103   -14.67319
  -4.81933  -2.65991  -0.25831    10.46121    18.34809    -7.88688
  -4.11680  -3.49715  -0.25831    11.95468    19.17468    -7.21999
  -4.11680  -2.69386  -1.09831    11.26380    22.06082   -10.79703
  -0.94034  -1.80877  -1.84745     0.93060   -48.50824    49.43883
  -4.03953  -1.26230  -1.84745     1.60956    12.18509   -10.57553
  -4.03953  -2.35524  -1.84745     9.20305    17.83996    -8.63690
  -3.33700  -3.19248  -1.84745    11.25250    13.81022    -2.55772
  -2.26066  -3.38227  -1.84745     9.57454     2.97574     6.59880
  -1.31414  -2.83580  -1.84745     4.38566   -17.24670    21.63236
  -1.55063  -1.80877  -2.68745     8.32705   -21.79156    30.11862
  -2.23296  -0.86962  -2.68745    11.92394    -8.87024    20.79418
  -3.33700  -1.22834  -2.68745     7.77108    14.81671    -7.04563
  -3.33700  -2.38919  -2.68745    11.12449    11.66938    -0.54489
  -2.23296  -2.74792  -2.68745    10.45933     0.00846    10.45086
  -2.53811  -1.80877  -3.00830    11.35165     3.16831     8.18334
  -1.51828  -2.14959   1.79032    -1.29581   -24.17859    22.88278
  -0.53080  -2.14959   1.46947   -10.21083   -21.65302    11.44219
  -1.21313  -3.08874   1.46947     1.74385    -6.26326     8.00711
  -1.24083  -3.72309   0.62947     3.52158    -7.05092    10.57251
  -1.24083  -3.72309  -0.40883     3.22540   -12.45905    15.68445
  -0.53080  -2.14959  -1.24883   -11.51919   -63.28273    51.76354
  -1.21313  -3.08874  -1.24883     2.97628   -20.33721    23.31349
   0.01453   0.69542   2.93134     6.32090    38.89804   -32.57714
   1.00201   0.69542   2.61049    12.53952    72.01165   -59.47213
   0.31968   1.63457   2.61049    12.13666    56.16679   -44.03013
  -0.78435   1.27585   2.61049    -6.00338    17.67546   -23.67884
   0.31968  -0.24373   2.61049     9.56136    56.41304   -46.85168
  -0.78435   2.07913   1.77049     7.67319    68.95533   -61.28215
   2.68886  -0.98579   3.24143    22.09084    49.27650   -27.18565
   3.67634  -0.98579   2.92057    26.52796    50.95271   -24.42475
   1.88998  -0.40537   2.92057    13.82654    52.59014   -38.76360
   1.88998  -1.56622   2.92057    19.75337    45.06278   -25.30941
   2.99401  -1.92494   2.92057    25.79064    48.05456   -22.26392
   1.18745  -1.53227   2.08057     7.74033    34.05423   -26.31390
   1.88998  -2.36951   2.08057    11.04166    32.91282   -21.87116
   2.96631  -2.55930   2.08057    22.10967    45.22816   -23.11849
   3.91283  -2.01282   2.08057    27.68007    49.89811   -22.21803
   2.96631  -2.55930   1.04228    14.81675    37.73608   -22.91933
   3.91283  -2.01282   1.04228    24.84749    51.16769   -26.32019
  -1.93148   2.55073  -0.87272    12.00175    52.11061   -40.10886
  -0.85514   2.74051  -1.91101    26.49345    46.65444   -20.16099
  -1.93148   2.55073  -1.91101    17.09587    24.34878    -7.25291
  -0.14511   1.16701  -2.75101    16.76078     2.49875    14.26203
  -0.82744   2.10616  -2.75101    25.23529    24.15431     1.08099
  -1.93148   1.74744  -2.75101    18.22476     7.62873    10.59603
  -1.93148   0.58659  -2.75101    15.04831   -19.45436    34.50266
  -0.82744   0.22786  -2.75101     9.69188   -43.86047    53.55236
  -1.13259   1.16701  -3.07186    19.76467     0.93269    18.83198
   0.80613   2.23799   2.33283    12.56400    59.19809   -46.63410
   1.32679   4.51916   0.46688    11.59010    29.24280   -17.65270
   2.26499   4.06735  -0.60122    11.94339    15.79392    -3.85054
   1.32679   4.51916  -0.60122    11.26066    24.07206   -12.81140
  -0.42265   3.65608  -1.56355    14.49108    37.25156   -22.76048
   3.77113   1.98403   1.90580    11.60391    10.08823     1.51568
   4.81765  -1.58010   1.90580    20.16627    37.40907   -17.24279
   4.55883   2.40790   0.94347    14.11457     4.81477     9.29981
   6.14628  -0.88848   0.94347    14.12587    22.83189    -8.70603
   6.37800   0.12673  -0.12463    13.19276    12.33208     0.86068
   6.14628   1.14195  -0.12463    13.44753     7.62635     5.82118
  -2.96526  -3.97838  -0.78088     8.19402     9.98053    -1.78651
  -1.92394  -3.97838  -0.78088     5.34136    -1.40836     6.74972
  -0.56820  -1.69722  -1.74320    -6.21360   -61.59569    55.38209
  -0.86607  -2.71168  -1.74320    -2.44352   -31.72022    29.27669
  -1.00055   2.26991   1.68709     4.95168    75.45142   -70.49975
   2.69510  -0.20041   3.31400    13.03149    42.18706   -29.15557
   3.73642  -0.20041   3.07633    18.13314    39.35832   -21.22518
   3.21576   0.70140   3.07633     7.97251    29.75662   -21.78411
   2.17444   0.70140   3.07633     3.86483    39.76497   -35.90014
   1.65378  -0.20041   3.07633     9.83558    47.35010   -37.51452
   3.47459   1.50642   2.41038     7.89219    16.83305    -8.94086
   2.42806   1.65688   2.41038     3.79894    33.99350   -30.19456
   1.46633   1.21767   2.41038     7.81187    73.90459   -66.09272
  -1.48062  -0.31465  -2.74013     7.89846   -67.23191    75.13038
  -0.43930  -0.31465  -2.74013    -2.43976   -66.95364    64.51388
  -4.01126   2.39504   0.79386   -24.28525   -24.02084    -0.26440
  -4.88691   1.75884   0.79386   -27.06511   -23.11105    -3.95407
  -5.22138   0.72945   0.79386   -23.72111   -17.57456    -6.14656
  -3.20685   2.89737  -0.10431   -15.86783   -11.22798    -4.63986
  -4.24448   2.77138  -0.10431   -24.30972   -23.06580    -1.24392
  -5.10471   2.17760  -0.10431   -26.93898   -23.95978    -2.97920
  -5.59046   1.25208  -0.10431   -26.42505   -19.38941    -7.03564
  -5.59046   0.20683  -0.10431   -22.25462    -9.73554   -12.51908
  -5.10471  -0.71870  -0.10431   -10.48568    17.22206   -27.70774
  -3.20685   2.89737  -1.10121   -14.65611   -12.88697    -1.76915
  -4.24448   2.77138  -1.10121   -22.69200   -23.84058     1.14858
  -5.10471   2.17760  -1.10121   -25.22212   -24.42444    -0.79768
  -5.59046   1.25208  -1.10121   -25.28675   -17.57625    -7.71050
  -5.59046   0.20683  -1.10121   -22.74534    -5.94550   -16.79983
  -5.10471  -0.71870  -1.10121   -14.77973    -0.65486   -14.12487
  -2.92890   2.39504  -1.99938    -7.98380   -12.79018     4.80638
  -4.01126   2.39504  -1.99938   -19.73392   -24.39434     4.66042
  -4.88691   1.75884  -1.99938   -22.97250   -23.64962     0.67712
  -5.22138   0.72945  -1.99938   -22.71898   -12.42793   -10.29106
  -4.88691  -0.29994  -1.99938   -17.95116    -7.33200   -10.61916
  -2.98413   1.57114  -2.62093    -7.18059   -21.17842    13.99783
  -3.95603   1.57114  -2.62093   -18.01454   -25.85257     7.83802
  -4.44198   0.72945  -2.62093   -19.49672   -21.78715     2.29043
  -3.95603  -0.11224  -2.62093   -13.14444   -17.80657     4.66213
  -2.98413  -0.11224  -2.62093    -1.74950   -19.78939    18.03989
  -3.47008   0.72945  -2.84276   -12.53701   -26.55657    14.01956
  -2.25486   0.20085   3.82999   -21.84047   -28.72963     6.88916
  -1.28296   0.20085   3.60816   -17.14732   -18.90519     1.75787
  -1.76891   1.04254   3.60816   -19.52182   -17.99861    -1.52322
  -2.74081   1.04254   3.60816   -23.70605   -26.62977     2.92372
  -3.22676   0.20085   3.60816   -24.32792   -31.19949     6.87158
  -2.74081  -0.64084   3.60816   -22.23392   -31.84781     9.61389
  -1.76891  -0.64084   3.60816   -19.81424   -29.93663    10.12239
  -0.83802   1.23024   2.98660    -8.90812     9.22959   -18.13771
  -1.71368   1.86644   2.98660   -17.24647    -2.64092   -14.60555
  -2.79604   1.86644   2.98660   -23.47011   -19.89920    -3.57091
  -3.67169   1.23024   2.98660   -26.12573   -28.98289     2.85716
  -4.00616   0.20085   2.98660   -24.47475   -29.39254     4.91779
  -3.67169  -0.82854   2.98660   -20.47563   -25.30707     4.83144
  -2.79604  -1.46474   2.98660   -17.95556   -25.15078     7.19522
  -1.71368  -1.46474   2.98660   -17.24522   -31.63627    14.39106
  -0.83802  -0.82854   2.98660   -13.71924   -19.76681     6.04757
  -1.99162   2.36877   2.08843   -13.81337    11.63773   -25.45109
  -3.02926   2.24277   2.08843   -21.81725   -17.02491    -4.79234
  -3.88948   1.64900   2.08843   -26.02219   -28.77595     2.75376
  -4.37524   0.72348   2.08843   -24.16727   -28.71670     4.54942
  -1.01429  -1.59641   2.08843   -10.24849   -40.10226    29.85378
   4.17703  -0.21552  -2.06833   -10.60805   -43.48387    32.87583
   3.23376   1.58174  -2.06833    -5.60052   -68.29888    62.69836
   3.23376  -2.01278  -2.06833   -16.23242   -36.12588    19.89347
   3.92689  -1.23040  -2.06833   -12.70142   -34.30673    21.60531
   3.74450  -0.21552  -2.96650   -17.66753   -61.02392    43.35639
   3.41003   0.81387  -2.96650   -15.18259   -71.62475    56.44216
   2.53438   1.45007  -2.96650   -12.37009   -71.15171    58.78161
   1.45201   1.45007  -2.96650    -7.62989   -53.44751    45.81763
   0.57636   0.81387  -2.96650    -5.61496   -40.00971    34.39475
   0.24189  -0.21552  -2.96650   -12.04002   -56.86962    44.82960
   0.57636  -1.24491  -2.96650   -18.83658   -60.92293    42.08635
   1.45201  -1.88111  -2.96650   -23.17581   -57.10778    33.93197
   2.53438  -1.88111  -2.96650   -22.92543   -53.09306    30.16762
   3.41003  -1.24491  -2.96650   -20.40912   -53.14227    32.73315
   2.96509  -0.21552  -3.58805   -20.26040   -66.43824    46.17785
   2.47914   0.62617  -3.58805   -17.81813   -70.16559    52.34746
   1.50724   0.62617  -3.58805   -16.30834   -62.49153    46.18318
   1.02129  -0.21552  -3.58805   -18.62887   -60.31531    41.68643
   1.50724  -1.05721  -3.58805   -22.44852   -60.89770    38.44918
   2.47914  -1.05721  -3.58805   -22.68886   -61.10502    38.41616
   1.99319  -0.21552  -3.80988   -20.70970   -65.14656    44.43686
   0.84317  -1.76332   2.36382    -0.40788    19.14325   -19.55113
  -0.12873  -1.76332   2.14199    -9.23757    -6.35964    -2.87793
   0.35722  -2.60501   2.14199   -10.82077    -5.05466    -5.76611
   1.32912  -2.60501   2.14199    -3.43373    10.21773   -13.65146
   0.30199  -3.42890   1.52044   -13.26994   -14.93612     1.66618
   1.38436  -3.42890   1.52044   -11.85867    -7.97541    -3.88326
   0.06877  -3.80524   0.62227   -13.38980   -22.82088     9.43109
   1.10641  -3.93123   0.62227   -16.70368   -21.85438     5.15071
   2.08374  -3.56058   0.62227   -12.82567   -13.47815     0.65249
   0.06877  -3.80524  -0.37463   -15.17945   -31.02336    15.84390
   1.10641  -3.93123  -0.37463   -19.28399   -30.74062    11.45662
   2.08374  -3.56058  -0.37463   -16.84110   -26.37226     9.53116
   0.30199  -3.42890  -1.27280   -18.47011   -39.76684    21.29673
   1.38436  -3.42890  -1.27280   -21.02345   -39.66795    18.64450
   0.35722  -2.60501  -1.89435   -18.75689   -50.52286    31.76597
  -4.11615  -0.93232   2.11895   -11.42632    -9.16705    -2.25927
  -1.60212   2.51789   1.21056     2.69453    52.63264   -49.93811
  -2.67191   2.63033   1.21056   -10.47251     1.18772   -11.66022
  -3.69494   2.29792   1.21056   -21.48028   -22.58747     1.10719
  -4.49432   1.57815   1.21056   -26.39305   -25.99371    -0.39934
  -4.93184   0.59547   1.21056   -20.82641   -19.01663    -1.80978
  -4.93184  -0.48020   1.21056    -7.73280    -1.52434    -6.20846
  -2.14315   2.84569   0.13905     2.56463    41.25422   -38.68958
  -2.40150   0.05764  -2.66095     6.59763   -27.45151    34.04915
   0.92958  -1.40304   2.36244     5.58358    31.96753   -26.38395
   2.71340  -2.98154  -0.22442    -7.20004   -10.29997     3.09993
   3.53456  -2.36143  -0.22442     8.69979    66.13109   -57.43130
   2.26472  -2.93534  -1.29593   -15.87411   -35.91260    20.03850
   3.19628  -2.39750  -1.29593    -6.02723   -13.10102     7.07379
  -0.24931  -1.46504  -2.20432    -8.59437   -65.04282    56.44845
   0.47539  -2.18973  -2.20432   -17.54266   -54.44418    36.90152
   1.46534  -2.45499  -2.20432   -21.36795   -52.17406    30.80610
   2.96320   2.36978  -1.12780    11.95531   -19.46498    31.42029
   2.70597   3.32978  -1.12780    11.81726     2.19328     9.62398
   2.00320   4.03255  -1.12780    11.66101    14.34977    -2.68876
   2.70597   2.36978  -2.08780     3.93511   -33.65726    37.59237
   2.38841   3.34713  -2.08780     9.31350    -4.69363    14.00713
   1.55703   3.95116  -2.08780    10.80822     9.15953     1.64870
   0.52938   3.95116  -2.08780    11.96284    19.42517    -7.46233
  -0.30201   3.34713  -2.08780    16.00714    30.60809   -14.60095
   2.00320   2.36978  -2.79057     3.19779   -28.26221    31.46000
   1.52320   3.20116  -2.79057     9.29781    -3.08822    12.38603
   0.56320   3.20116  -2.79057    12.22200     9.31331     2.90870
   0.08320   2.36978  -2.79057    16.66289    13.56496     3.09792
   0.56320   1.53839  -2.79057     7.52572   -13.24872    20.77444
   1.04320   2.36978  -3.04780     7.67193   -10.94098    18.61291
   0.07225   2.99192   2.15448     9.81864    52.00971   -42.19107
   0.55225   3.82330   1.89725    10.22589    41.92238   -31.69648
  -0.40775   3.82330   1.89725     8.62010    42.43821   -33.81811
  -0.88775   2.99192   1.89725     6.05358    50.60662   -44.55304
   0.58608   4.57331   1.19448    10.68900    33.69560   -23.00660
  -0.44157   4.57331   1.19448     9.83747    34.38483   -24.54736
  -1.27295   3.96927   1.19448     7.67632    37.97086   -30.29454
  -1.59051   2.99192   1.19448     4.51681    50.19663   -45.67982
   1.03225   4.65469   0.23448    11.48719    29.64622   -18.15903
   0.07225   4.91192   0.23448    10.83709    30.29690   -19.45981
  -0.88775   4.65469   0.23448    10.05960    32.12514   -22.06554
  -1.59051   3.95192   0.23448     8.17645    37.92776   -29.75131
  -1.84775   2.99192   0.23448     6.88190    78.86472   -71.98282
   0.58608   4.57331  -0.72552    11.50727    29.06109   -17.55382
  -0.44157   4.57331  -0.72552    11.07492    31.30709   -20.23218
  -1.27295   3.96927  -0.72552    10.82517    36.30984   -25.48468
  -1.59051   2.99192  -0.72552    13.54479    55.49492   -41.95012
  -0.40775   3.82330  -1.42829    13.59437    36.67556   -23.08120
   1.71804   2.38960   2.43608    10.61244    43.70416   -33.09172
   2.67804   2.38960   2.17885    10.76304    26.22004   -15.45700
   2.19804   3.22098   2.17885    11.95719    29.25050   -17.29331
   1.23804   3.22098   2.17885    11.04668    40.79607   -29.74939
   3.38081   2.38960   1.47608    13.96773    10.39542     3.57231
   3.06325   3.36695   1.47608    14.00225    18.08584    -4.08359
   2.23187   3.97098   1.47608    12.41465    25.01168   -12.59703
   3.38081   3.34960   0.51608    15.11419    10.47161     4.64258
   2.67804   4.05237   0.51608    13.10679    17.91685    -4.81006
   3.06325   3.36695  -0.44392    13.80019     6.21685     7.58334
   4.48978   2.57676   0.71259    14.21246     3.81165    10.40081
   5.63872   1.95538  -0.24741    13.24108     2.93454    10.30654
   4.93595   2.65814  -0.24741    13.34713     0.27872    13.06841
   3.97595   2.91538  -0.24741    14.89394    -0.37157    15.26551
   5.63872   0.99537  -1.20741    10.60115    -1.98841    12.58955
   5.32116   1.97273  -1.20741    10.94377    -5.21576    16.15953
   4.48978   2.57676  -1.20741    11.60704    -8.65355    20.26059
   3.46213   2.57676  -1.20741    11.81977   -14.79832    26.61809
   4.93595   0.99537  -1.91018     4.80359   -18.39440    23.19798
   4.45595   1.82676  -1.91018     6.33157   -22.13560    28.46717
   3.49595   1.82676  -1.91018     1.70494   -45.60158    47.30653
   3.97595   0.99537  -2.16741    -5.22213   -52.65088    47.42875
   3.99558  -2.27453   0.81516    18.39544    41.46385   -23.06841
   5.02323  -2.27453   0.81516    13.97777    28.19200   -14.21422
   5.85461  -1.67049   0.81516    13.18397    23.61766   -10.43369
   6.42940  -0.69314  -0.14484    12.16364    14.32999    -2.16634
   3.54940  -2.35591  -0.14484     9.54944    63.63050   -54.08106
   4.50940  -2.61314  -0.14484     9.53250    21.42162   -11.88912
   5.46940  -2.35591  -0.14484    10.54467    16.94079    -6.39612
   6.17217  -1.65314  -0.14484    11.24811    15.39186    -4.14375
   6.17217  -0.69314  -1.10484     9.60780     6.51791     3.08989
   3.99558  -2.27453  -1.10484     2.49686     6.20653    -3.70967
   5.02323  -2.27453  -1.10484     6.65160     7.22845    -0.57685
   5.85461  -1.67049  -1.10484     8.69540     7.57402     1.12138
   5.46940  -0.69314  -1.80761     5.05835    -4.31443     9.37278
   4.98940   0.13824  -1.80761     3.23669   -14.54548    17.78218
   4.02940  -1.52453  -1.80761    -6.44139   -19.72735    13.28597
   4.98940  -1.52453  -1.80761     2.82254    -5.03619     7.85873
   4.50940  -0.69314  -2.06484    -4.47979   -24.36492    19.88513
   4.65833   0.38589   3.19215    15.59361    24.59670    -9.00309
   5.61833   0.38589   2.93492    15.46999    20.31863    -4.84863
   5.13833   1.21728   2.93492    14.49421    18.15262    -3.65841
   4.17833   1.21728   2.93492    12.74723    20.40764    -7.66041
   4.17833  -0.44549   2.93492    20.74546    38.23587   -17.49040
   5.13833  -0.44549   2.93492    17.10026    26.85397    -9.75371
   6.32110   0.38589   2.23215    14.88327    17.71170    -2.82843
   6.00354   1.36324   2.23215    14.55132    15.00062    -0.44930
   5.17215   1.96728   2.23215    13.77697    13.58718     0.18979
   4.14450   1.96728   2.23215    12.25526    13.36661    -1.11135
   5.17215  -1.19549   2.23215    18.18146    31.65318   -13.47172
   6.00354  -0.59146   2.23215    15.29743    22.50958    -7.21215
   6.57833   0.38589   1.27215    14.23505    15.88703    -1.65198
   6.32110   1.34589   1.27215    14.15222    12.67271     1.47951
   5.61833   2.04866   1.27215    13.83847    10.13213     3.70634
   4.65833   2.30589   1.27215    13.79705     7.21760     6.57945
   6.32110  -0.57411   1.27215    14.25827    20.85132    -6.59305
  -3.31791  -2.11344   2.18084    -1.30961     8.66030    -9.96991
  -4.27791  -2.11344   1.92360     3.35843     9.37929    -6.02086
  -3.79791  -2.94482   1.92360     5.57103    14.03234    -8.46131
  -2.83791  -2.94482   1.92360     3.65964    27.46552   -23.80589
  -4.98068  -2.11344   1.22083     5.81388    12.19274    -6.37886
  -4.66312  -3.09079   1.22083     8.17080    13.78833    -5.61752
  -3.83173  -3.69482   1.22083     8.26869    14.90891    -6.64022
  -2.80409  -3.69482   1.22083     6.95155    14.47993    -7.52838
  -4.98068  -1.15344   0.26084     0.51519    25.43749   -24.92231
  -5.23791  -2.11344   0.26084     5.68586    14.33942    -8.65355
  -4.98068  -3.07344   0.26084     8.50275    14.55070    -6.04795
  -4.27791  -3.77621   0.26084     9.28902    15.03706    -5.74803
  -3.31791  -4.03344   0.26084     8.80772    14.10118    -5.29346
  -4.98068  -2.11344  -0.69917     4.84312    14.49093    -9.64781
  -4.66312  -3.09079  -0.69917     8.34839    15.60187    -7.25348
  -3.83173  -3.69482  -0.69917     9.52748    15.59376    -6.06629
  -0.87534  -1.80877  -2.28830    -0.34199   -46.64266    46.30067
  -3.88332  -0.83142  -2.28830    -3.85354     1.44018    -5.29372
  -4.20088  -1.80877  -2.28830     4.10956    11.10184    -6.99228
  -3.88332  -2.78612  -2.28830     7.92168    11.45605    -3.53437
  -3.05194  -3.39016  -2.28830     8.47326     6.70788     1.76538
  -2.02429  -3.39016  -2.28830     6.42632    -3.13939     9.56572
  -1.19290  -2.78612  -2.28830     2.12475   -20.01652    22.14127
  -1.57811  -1.80877  -2.99107     5.86533   -21.07257    26.93790
  -2.05811  -0.97738  -2.99107     8.31011   -18.78563    27.09574
  -3.01811  -0.97738  -2.99107     5.76932     2.67804     3.09128
  -3.49811  -1.80877  -2.99107     6.78338     7.69588    -0.91250
  -3.01811  -2.64015  -2.99107     8.41490     4.52778     3.88712
  -2.05811  -2.64015  -2.99107     7.14420    -5.62794    12.77214
  -2.53811  -1.80877  -3.24830     8.02459    -1.72737     9.75196
  -1.51828  -2.14959   2.03032    -4.68373   -19.60410    14.92037
  -1.99828  -2.98097   1.77309     2.37952    16.03994   -13.66043
  -1.03828  -2.98097   1.77309    -2.03878    -7.88529     5.84652
  -2.03210  -3.73097   1.07032     5.24661     5.89261    -0.64600
  -1.00445  -3.73097   1.07032    -0.41290    -7.80984     7.39694
  -1.51828  -4.06959   0.11032     3.42369    -4.51515     7.93884
  -0.55828  -3.81236   0.11032    -5.59425   -20.21636    14.62212
  -1.00445  -3.73097  -0.84968    -0.92495   -17.85321    16.92826
   0.01453   0.69542   3.17134     3.10931    31.19827   -28.08896
   0.97453   0.69542   2.91411     9.39131    56.58688   -47.19557
   0.49454   1.52681   2.91411     8.96711    48.84274   -39.87563
  -0.46547   1.52681   2.91411     0.01443    27.73383   -27.71940
  -0.46547  -0.13596   2.91411    -6.53677     5.33102   -11.86778
   0.49454  -0.13596   2.91411     7.59600    46.63573   -39.03972
  -0.49929   2.27681   2.21134     6.53175    51.31266   -44.78091
   2.68886  -0.98579   3.48143    17.68008    41.70862   -24.02854
   3.64886  -0.98579   3.22420    21.30960    42.70535   -21.39576
   1.72886  -0.98579   3.22420    14.04241    41.73639   -27.69398
   2.20886  -1.81718   3.22420    17.04630    37.99198   -20.94568
   3.16886  -1.81718   3.22420    20.91552    40.80824   -19.89273
   1.02610  -0.98579   2.52143    11.34474    46.12219   -34.77744
   1.34366  -1.96314   2.52143     7.39457    27.85101   -20.45644
   2.17504  -2.56718   2.52143    13.05596    31.63026   -18.57429
   3.20269  -2.56718   2.52143    19.44840    38.30718   -18.85878
   4.03407  -1.96314   2.52143    23.09235    42.10984   -19.01749
   2.68886  -2.90579   1.56143     9.69377    27.72829   -18.03452
   3.64886  -2.64856   1.56143    18.35905    38.22241   -19.86337
   3.20269  -2.56718   0.60143    11.13641    30.59775   -19.46134
  -1.13259   3.08701  -1.39186    19.11519    47.66547   -28.55027
  -2.09259   2.82978  -1.39186     8.73681    24.14537   -15.40855
  -0.61876   2.74840  -2.35186    21.81349    32.30419   -10.49070
  -1.64641   2.74840  -2.35186    16.29266    21.61754    -5.32488
  -2.47780   2.14436  -2.35186     4.90963    -1.56648     6.47612
  -0.17259   1.16701  -3.05463    11.64344    -7.00447    18.64791
  -0.65259   1.99840  -3.05463    18.51090    12.42147     6.08944
  -1.61259   1.99840  -3.05463    15.88478     8.43375     7.45103
  -2.09259   1.16701  -3.05463    10.79254    -8.11648    18.90901
  -1.61259   0.33563  -3.05463    10.90486   -27.02309    37.92795
  -0.65259   0.33563  -3.05463     6.99924   -31.90492    38.90416
  -1.13259   1.16701  -3.31186    14.29153    -4.53167    18.82319
   0.80613   2.23799   2.63283    10.04266    50.52452   -40.48186
   0.28951   3.13281   2.42730     8.29379    43.16406   -34.87026
   1.36120   4.66993   0.96607    10.22778    27.16297   -16.93519
   1.83937   4.73247  -0.06717    10.28237    20.20274    -9.92037
   3.05357   3.32031  -1.10042    11.17783    -0.85730    12.03513
   2.36141   4.18825  -1.10042    10.34324    10.46886    -0.12562
   1.36120   4.66993  -1.10042     9.94603    18.45264    -8.50662
   4.83127  -1.60993   2.31861    18.75877    34.03451   -15.27574
   4.59324   2.55867   1.44267    12.66251     8.31827     4.34424
   4.59324  -2.30520   1.44267    16.83984    33.63508   -16.79524
   5.59345  -1.82353   1.44267    13.71171    25.77271   -12.06100
   6.73817   0.12673   0.40942    12.14168    12.85944    -0.71776
   6.53264   1.15998   0.40942    12.44791     9.59033     2.85758
   5.94736   2.03592   0.40942    12.40461     6.51606     5.88855
   6.53264   0.12673  -0.62382    10.56036     7.52757     3.03279
   6.28561   1.20905  -0.62382    10.88101     3.76528     7.11573
   5.07141   0.12673  -2.08505     1.45708   -17.09343    18.55051
  -1.92798  -2.59204   2.24765    -2.83383    14.00930   -16.84313
  -2.44460  -4.39722  -0.24683     5.13177     4.03743     1.09434
  -4.93907  -1.69722  -1.28007    -0.30936     9.00285    -9.31221
  -4.69204  -2.77953  -1.28007     5.92934    13.26769    -7.33835
  -3.99988  -3.64748  -1.28007     7.38830    11.96852    -4.58022
  -2.99967  -4.12916  -1.28007     6.42319     6.36010     0.06309
  -1.88953  -4.12916  -1.28007     3.63830    -3.50667     7.14497
   2.69510  -0.20041   3.61400    11.54931    36.27157   -24.72225
   3.72835  -0.20041   3.40848    15.30747    34.07755   -18.77009
   3.21173   0.69440   3.40848     8.64332    28.68275   -20.03944
   2.17848   0.69440   3.40848     5.65010    35.58458   -29.93448
   1.66186  -0.20041   3.40848     8.72426    39.73549   -31.01122
   3.48821   1.53625   2.82319     8.30697    20.53473   -12.22776
   2.42340   1.68934   2.82319     5.28614    32.53577   -27.24963
   1.44485   1.24246   2.82319     7.12035    54.49664   -47.37629
  -1.47658  -0.30765  -3.07228     6.06739   -45.05049    51.11787
  -0.44334  -0.30765  -3.07228    -2.08333   -52.76516    50.68183
  -4.76030   2.21844   0.96843   -22.51128   -19.97512    -2.53616
  -5.36049   1.28453   0.96843   -21.89004   -17.56189    -4.32816
  -4.01677   3.12467  -0.04201   -18.05533   -15.00640    -3.04893
  -5.00188   2.65027  -0.04201   -21.74320   -19.28903    -2.45417
  -5.68359   1.79543  -0.04201   -22.35754   -17.74849    -4.60905
  -5.92690   0.72945  -0.04201   -20.42292   -12.23249    -8.19043
  -5.68359  -0.33652  -0.04201   -14.48229    -0.94599   -13.53630
  -2.92339   3.12467  -1.16351    -7.38202    -1.25763    -6.12439
  -4.01677   3.12467  -1.16351   -16.55684   -15.85917    -0.69766
  -5.00188   2.65027  -1.16351   -20.23153   -19.68539    -0.54614
  -5.68359   1.79543  -1.16351   -21.12699   -17.30338    -3.82360
  -5.92690   0.72945  -1.16351   -19.99245   -10.18403    -9.80843
  -5.68359  -0.33652  -1.16351   -15.79943    -2.75071   -13.04873
  -5.00188  -1.19137  -1.16351    -6.42821     4.46984   -10.89805
  -2.65162   2.52162  -2.17396    -0.14119    -2.40327     2.26208
  -3.75047   2.67961  -2.17396   -13.39294   -16.55069     3.15775
  -4.76030   2.21844  -2.17396   -18.07353   -19.80293     1.72940
  -5.36049   1.28453  -2.17396   -18.97902   -15.46957    -3.50945
  -5.36049   0.17438  -2.17396   -16.92770    -7.80974    -9.11796
  -4.76030  -0.75954  -2.17396   -10.20330    -3.92674    -6.27656
  -2.92339   1.67635  -2.87320    -3.46825   -15.15568    11.68743
  -4.01677   1.67635  -2.87320   -13.80521   -20.15467     6.34946
  -4.56347   0.72945  -2.87320   -15.22401   -17.30570     2.08169
  -4.01677  -0.21745  -2.87320    -9.17544   -12.75173     3.57629
  -3.47008   0.72945  -3.12276    -8.65712   -20.67276    12.01564
  -2.25486   0.20085   4.10999   -17.64745   -21.11811     3.47066
  -1.16147   0.20085   3.86043   -13.03149   -10.92116    -2.11033
  -1.70816   1.14775   3.86043   -15.30370   -11.13609    -4.16761
  -2.80155   1.14775   3.86043   -19.31474   -19.87765     0.56290
  -3.34824   0.20085   3.86043   -19.89456   -24.10251     4.20795
  -2.80155  -0.74605   3.86043   -17.84512   -23.88291     6.03780
  -1.70816  -0.74605   3.86043   -15.55471   -21.12488     5.57017
  -1.43640   1.99302   3.16118   -11.42820     5.89881   -17.32702
  -2.53525   2.15101   3.16118   -17.48116    -9.90640    -7.57476
  -3.54507   1.68984   3.16118   -21.06549   -20.59177    -0.47372
  -4.14527   0.75592   3.16118   -21.22049   -23.76058     2.54009
  -4.14527  -0.35422   3.16118   -18.34022   -21.25801     2.91779
  -3.54507  -1.28814   3.16118   -14.92469   -17.49331     2.56862
  -2.53525  -1.74931   3.16118   -13.47577   -17.27190     3.79613
  -1.43640  -1.59132   3.16118   -12.89658   -21.36790     8.47132
  -0.59741  -0.86433   3.16118    -9.05057    -7.16778    -1.88279
  -1.70816   2.59607   2.15074    -7.46548    24.72535   -32.19083
  -2.80155   2.59607   2.15074   -15.75363    -5.54416   -10.20946
  -3.78666   2.12167   2.15074   -21.22802   -20.40923    -0.81879
  -0.72306  -1.71997   2.15074    -8.91817   -24.54760    15.62943
   3.52499  -2.13634  -2.13064   -11.64344   -27.86037    16.21693
   3.96341  -0.21552  -3.14108   -13.25237   -49.08907    35.83669
   3.65064   0.84966  -3.14108   -11.14394   -56.18335    45.03941
   2.81165   1.57665  -3.14108    -8.76129   -56.49061    47.72932
   1.71280   1.73464  -3.14108    -4.52811   -44.57185    40.04374
   0.70298   1.27347  -3.14108    -0.82392   -30.27862    29.45470
   0.10279   0.33955  -3.14108    -3.48456   -38.96706    35.48250
   0.10279  -0.77059  -3.14108   -10.98644   -55.42639    44.43995
   0.70298  -1.70451  -3.14108   -16.54554   -51.83086    35.28532
   1.71280  -2.16568  -3.14108   -19.04931   -47.93889    28.88958
   2.81165  -2.00769  -3.14108   -17.95556   -44.09613    26.14058
   3.65064  -1.28070  -3.14108   -15.56851   -43.82041    28.25190
   3.08658  -0.21552  -3.84033   -16.02973   -54.69606    38.66633
   2.53989   0.73138  -3.84033   -13.65649   -56.90189    43.24540
   1.44650   0.73138  -3.84033   -11.89758   -50.63099    38.73341
   0.89981  -0.21552  -3.84033   -14.02044   -50.62341    36.60296
   1.44650  -1.16242  -3.84033   -17.81123   -51.66286    33.85163
   2.53989  -1.16242  -3.84033   -18.18083   -51.21413    33.03330
   1.99319  -0.21552  -4.08988   -16.36608   -54.20013    37.83405
   0.84317  -1.76332   2.64382     1.87249    20.32531   -18.45282
  -0.25021  -1.76332   2.39426    -7.48556    -6.26546    -1.22010
   0.29648  -2.71022   2.39426    -7.42406    -2.11214    -5.31192
   1.38987  -2.71022   2.39426    -0.01883    12.98717   -13.00600
  -0.44704  -3.25231   1.69502    -6.96034   -10.78522     3.82489
   0.56278  -3.71348   1.69502    -9.97677    -9.81197    -0.16480
   1.66163  -3.55549   1.69502    -6.44201    -0.85771    -5.58430
   0.29648  -4.15854   0.68457   -11.29956   -17.96634     6.66677
   1.38987  -4.15854   0.68457   -12.33746   -15.57726     3.23979
   2.37497  -3.68414   0.68457    -7.38390    -5.82552    -1.55839
   0.29648  -4.15854  -0.43693   -12.96121   -25.34213    12.38093
   1.38987  -4.15854  -0.43693   -14.95041   -24.42813     9.47772
   2.37497  -3.68414  -0.43693   -11.75639   -18.75913     7.00274
  -0.44704  -3.25231  -1.44737    -9.02421   -33.35121    24.32700
   0.56278  -3.71348  -1.44737   -15.45619   -33.49065    18.03446
   1.66163  -3.55549  -1.44737   -16.61833   -33.41908    16.80074
   0.29648  -2.71022  -2.14662   -15.00877   -44.53816    29.52939
  -2.40150   2.78562   1.71405    -9.73330     8.86839   -18.60169
  -3.44546   2.57796   1.71405   -17.25212   -13.26310    -3.98902
  -4.33048   1.98661   1.71405   -21.35980   -21.32345    -0.03635
  -4.92183   1.10159   1.71405   -20.20016   -19.97107    -0.22909
  -5.12949   0.05764   1.71405   -13.88051   -12.15394    -1.72657
  -4.92183  -0.98632   1.71405    -4.86445    -0.27778    -4.58668
  -2.94019   3.11265   0.68604    -8.93636     3.21732   -12.15368
  -5.31657  -1.00336   0.68604    -3.62889    10.23337   -13.86226
  -5.31657  -1.00336  -0.40794    -7.51129     8.97913   -16.49042
  -2.40150   0.05764  -3.01095     4.79606   -22.54843    27.34449
   3.01641  -3.16162   0.32257    -0.28175     6.46797    -6.74972
   3.01641  -3.16162  -0.77141    -5.66265    -8.67759     3.01495
   2.50929  -2.99541  -1.79942   -13.25677   -30.82717    17.57040
   3.39431  -2.40406  -1.79942    -9.12022   -21.33697    12.21674
  -0.28818  -1.48748  -2.63746    -7.54329   -56.77722    49.23393
   0.45295  -2.22860  -2.63746   -14.51806   -48.01137    33.49331
   1.46534  -2.49987  -2.63746   -18.59060   -46.75073    28.16013
   2.91382   2.36978  -2.20780     2.76167   -33.81801    36.57968
   2.61686   3.38111  -2.20780     7.76041    -7.18114    14.94155
   1.82028   4.07135  -2.20780     9.17356     5.56567     3.60789
   0.77699   4.22135  -2.20780    10.04894    14.35219    -4.30325
  -0.18179   3.78349  -2.20780    12.15172    22.60985   -10.45813
   2.12320   2.36978  -2.99841     1.42068   -29.11047    30.53115
   1.58320   3.30508  -2.99841     7.52760    -4.46997    11.99757
   0.50320   3.30508  -2.99841    10.32441     6.86862     3.45579
  -0.03680   2.36978  -2.99841    14.57454     9.68533     4.88921
   0.50320   1.43447  -2.99841     5.03137   -17.63954    22.67091
   1.04320   2.36978  -3.28780     5.64570   -12.89673    18.54243
   0.61225   3.92722   2.10510     8.95205    36.69779   -27.74574
  -0.46775   3.92722   2.10510     6.68611    36.11721   -29.43110
  -1.00775   2.99192   2.10510     3.08672    42.21331   -39.12660
   0.84933   4.69349   1.31448     9.58646    29.71934   -20.13288
  -0.19396   4.84349   1.31448     8.37474    29.60072   -21.22598
  -1.15274   4.40563   1.31448     6.43511    30.78924   -24.35413
  -1.72259   3.51893   1.31448     2.86333    34.94806   -32.08473
   0.33261   5.13617   0.23448     9.42770    26.17495   -16.74725
  -0.69369   5.01155   0.23448     8.48330    27.10525   -18.62195
  -1.54453   4.42426   0.23448     6.67168    29.23357   -22.56189
  -2.02498   3.50884   0.23448     3.78765    37.75680   -33.96916
  -0.19396   4.84349  -0.84552     9.63039    26.13390   -16.50351
  -1.15274   4.40563  -0.84552     8.95017    28.65844   -19.70827
  -1.72259   3.51893  -0.84552     8.80898    35.13851   -26.32953
   1.71804   2.38960   2.67608     9.18297    39.95608   -30.77311
   2.79804   2.38960   2.38670     9.53626    24.47331   -14.93705
   2.25804   3.32490   2.38670    10.44552    26.83411   -16.38859
   1.17804   3.32490   2.38670     9.65235    37.30780   -27.65545
   3.29171   3.40093   1.59608    12.53011    16.05194    -3.52183
   2.49513   4.09117   1.59608    11.19351    21.43676   -10.24324
   3.63063   3.39340   0.51608    13.80333     8.63218     5.17115
   2.94506   4.16724   0.51608    11.87938    14.91528    -3.03590
   3.29171   3.40093  -0.56392    12.72087     3.37430     9.34657
   4.75303   2.69695   0.83259    12.96497     5.38930     7.57567
   5.88854   1.99918  -0.24741    11.88879     3.23998     8.64882
   5.20297   2.77302  -0.24741    11.76455     1.04026    10.72429
   4.23631   3.13963  -0.24741    12.88403     0.80199    12.08204
   5.54961   2.00671  -1.32741     9.35115    -4.80560    14.15675
   4.75303   2.69695  -1.32741     9.83998    -7.32339    17.16337
   3.70974   2.84695  -1.32741    10.38277   -10.90259    21.28536
   5.05595   0.99537  -2.11802     3.48644   -18.25589    21.74233
   4.51595   1.93068  -2.11802     4.81614   -21.43524    26.25138
   3.43595   1.93068  -2.11802     0.37651   -44.07375    44.45026
   4.24319  -2.54472   0.93516    14.87386    32.65778   -17.78392
   5.28649  -2.39472   0.93516    12.30170    23.95807   -11.65637
   6.08307  -1.70448   0.93516    12.00551    20.73986    -8.73435
   6.66940  -0.69314  -0.14484    10.79128    12.20406    -1.41278
   3.74346  -2.71278  -0.14484     6.48280    27.04032   -20.55752
   4.76976  -2.83740  -0.14484     7.96498    16.28174    -8.31676
   5.73642  -2.47079  -0.14484     9.05057    14.03894    -4.98837
   6.42199  -1.69695  -0.14484     9.81676    13.03504    -3.21829
   6.38002  -0.69314  -1.22484     8.15951     4.61432     3.54519
   4.24319  -2.54472  -1.22484     1.76456     2.41330    -0.64875
   5.28649  -2.39472  -1.22484     5.40474     4.80940     0.59534
   6.08307  -1.70448  -1.22484     7.19377     5.44997     1.74380
   5.58940  -0.69314  -2.01546     3.66842    -6.31797     9.98639
   5.04940  -1.62845  -2.01546     1.18348    -7.49206     8.67554
   4.50940  -0.69314  -2.30484    -6.11445   -27.90476    21.79030
   4.65833   0.38589   3.43215    13.78074    23.21929    -9.43855
   5.73833   0.38589   3.14277    13.55546    18.68725    -5.13179
   5.19833   1.32120   3.14277    12.69577    16.98290    -4.28713
   4.11833   1.32120   3.14277    11.25438    20.07436    -8.81998
   5.19833  -0.54941   3.14277    15.26731    24.93106    -9.66375
   6.52894   0.38589   2.35215    13.04153    15.98372    -2.94219
   6.23199   1.39722   2.35215    12.78049    13.78397    -1.00348
   5.43541   2.08747   2.35215    12.35629    12.83227    -0.47598
   4.39211   2.23747   2.35215    11.66352    13.39530    -1.73179
   5.43541  -1.31568   2.35215    15.62812    27.07670   -11.44858
   6.23199  -0.62544   2.35215    13.50212    19.89424    -6.39212
   6.81833   0.38589   1.27215    12.56211    14.02917    -1.46706
   6.57091   1.38970   1.27215    12.50940    11.38016     1.12924
   5.88535   2.16354   1.27215    12.44477     9.45179     2.99298
   4.91869   2.53015   1.27215    12.72589     7.82722     4.89867
   6.57091  -0.61791   1.27215    12.72527    18.08523    -5.35996
  -3.31791  -2.11344   2.42083    -4.08258     3.86918    -7.95176
  -4.39791  -2.11344   2.13145     0.69967     6.02027    -5.32060
  -3.85791  -3.04875   2.13145     3.38667    10.93035    -7.54368
  -2.77791  -3.04875   2.13145     1.73318    21.68253   -19.94935
  -5.11275  -1.58643   1.34083     1.16340     8.09095    -6.92755
  -5.11275  -2.64045   1.34083     4.71071    10.15766    -5.44694
  -4.54290  -3.52716   1.34083     6.21297    11.54654    -5.33357
  -3.58413  -3.96501   1.34083     6.02535    12.01884    -5.99349
  -5.41514  -1.59652   0.26084     0.74548    12.18883   -11.44334
  -5.41514  -2.63036   0.26084     4.94791    11.45449    -6.50658
  -4.93469  -3.54578   0.26084     6.85617    12.07735    -5.22118
  -4.08385  -4.13307   0.26084     7.26970    12.04655    -4.77686
  -5.11275  -1.58643  -0.81917    -0.80007    10.25837   -11.05845
  -5.11275  -2.64045  -0.81917     4.85190    12.16937    -7.31747
  -4.54290  -3.52716  -0.81917     7.12851    12.80930    -5.68079
  -0.66750  -1.80877  -2.40830    -3.30635   -48.90188    45.59553
  -4.33295  -1.28175  -2.40830    -1.43260     4.11564    -5.54824
  -4.33295  -2.33578  -2.40830     4.41767     8.88467    -4.46700
  -3.76310  -3.22249  -2.40830     6.58822     7.74704    -1.15882
  -2.80433  -3.66034  -2.40830     6.29016     2.49202     3.79814
  -1.76103  -3.51034  -2.40830     3.79769    -7.47498    11.27266
  -0.96445  -2.82010  -2.40830    -0.72164   -24.05226    23.33063
  -1.45811  -1.80877  -3.19891     3.47389   -23.45150    26.92540
  -1.99811  -0.87346  -3.19891     6.15336   -22.19618    28.34954
  -3.07811  -0.87346  -3.19891     3.41177    -2.97347     6.38524
  -3.61811  -1.80877  -3.19891     4.56890     3.94370     0.62520
  -3.07811  -2.74408  -3.19891     6.26066     1.91516     4.34550
  -1.99811  -2.74408  -3.19891     4.92720    -7.86637    12.79358
  -2.53811  -1.80877  -3.48830     5.73104    -4.95337    10.68441
  -1.51828  -2.14959   2.27032    -6.78087   -16.64753     9.86666
  -0.97828  -3.08490   1.98093    -3.18210    -6.36573     3.18363
  -1.78449  -4.00116   1.19032     2.70394     1.82137     0.88256
  -0.74120  -3.85116   1.19032    -3.22791    -9.23484     6.00694
  -1.25792  -4.29384   0.11032     0.65888    -7.26334     7.92223
  -0.74120  -3.85116  -0.96968    -4.14721   -20.61645    16.46924
   0.01453   0.69542   3.41134     1.17595    25.49793   -24.32198
   1.09453   0.69542   3.12195     7.47740    48.36860   -40.89120
   0.55454   1.63073   3.12195     6.95845    42.13451   -35.17606
  -0.52547   1.63073   3.12195    -1.81915    22.98221   -24.80136
   0.55454  -0.23989   3.12195     5.71285    38.11080   -32.39796
  -0.25168  -1.15615   2.33134    -5.27233     0.70329    -5.97563
   2.68886  -0.98579   3.72143    14.54630    35.87482   -21.32853
   3.76886  -0.98579   3.43204    18.07102    36.66778   -18.59676
   1.60886  -0.98579   3.43204    10.95130    35.79954   -24.84825
   2.14886  -1.92110   3.43204    13.34273    31.80123   -18.45850
   3.22886  -1.92110   3.43204    17.14795    34.65826   -17.51031
   1.46387  -2.39951   2.64143     5.12613    21.20322   -16.07709
   2.42265  -2.83737   2.64143    11.20481    26.93117   -15.72636
   3.46595  -2.68737   2.64143    16.42318    32.65647   -16.23329
   4.26253  -1.99712   2.64143    19.58583    36.20988   -16.62405
   2.94922  -3.13005   1.56143     8.62575    23.27302   -14.64727
   3.91588  -2.76344   1.56143    15.62059    32.52791   -16.90732
  -1.89853   3.18665  -1.39186     9.34801    27.58468   -18.23667
  -1.39880   3.01859  -2.47186    14.27082    20.59778    -6.32696
  -2.35758   2.58073  -2.47186     5.85968     4.41834     1.44134
  -0.05259   1.16701  -3.26248     7.37198   -13.56040    20.93238
  -0.59259   2.10232  -3.26248    14.34361     7.04124     7.30238
  -1.67259   2.10232  -3.26248    11.78212     4.42810     7.35402
  -2.21259   1.16701  -3.26248     7.00238   -10.24257    17.24495
  -1.67259   0.23171  -3.26248     7.86583   -26.11200    33.97784
  -0.59259   0.23171  -3.26248     3.74058   -33.67318    37.41376
  -1.13259   1.16701  -3.55186    10.44364    -7.94953    18.39317
   0.80613   2.23799   2.93283     7.96937    42.81205   -34.84268
   0.29310   3.12659   2.75191     6.56751    36.64137   -30.07385
   1.60898   4.70891   1.43283     9.21686    24.18027   -14.96341
   2.12303   4.88269   0.45377     9.56638    18.53511    -8.96872
   1.07873   5.17981   0.45377     8.92381    22.92641   -14.00260
   2.98947   4.22838  -0.58812    10.24158     8.70891     1.53268
   2.12303   4.88269  -0.58812     9.13905    14.46419    -5.32514
   1.07873   5.17981  -0.58812     8.76443    19.50108   -10.73666
   1.60898   4.70891  -1.56717     8.88491    12.56123    -3.67632
   0.53456   4.82184  -1.56717     8.90875    18.48890    -9.58015
  -0.49291   4.48800  -1.56717     9.37876    23.71144   -14.33268
   4.83924  -1.62737   2.70756    16.91766    30.65395   -13.73629
   3.76660   2.71058   1.90942    11.59575    12.92669    -1.33094
   4.84102  -2.34418   1.90942    15.07968    28.94275   -13.86307
   5.77662  -1.80401   1.90942    12.78488    22.87292   -10.08804
   5.35507   2.77142   0.93037    11.46397     6.51887     4.94510
   4.31077   3.06855   0.93037    12.52321     6.79233     5.73088
   6.79309  -0.94053   0.93037    10.94816    15.48110    -4.53294
   6.99259   0.12673  -0.11152     9.97175     8.85690     1.11485
   6.79309   1.19399  -0.11152    10.21899     6.30872     3.91027
   6.22151   2.11711  -0.11152    10.54969     3.95505     6.59464
   6.63625   0.12673  -1.09058     8.35341     3.59610     4.75730
   6.41163   1.18347  -1.09058     8.71485     0.79349     7.92136
   5.96653   0.12673  -1.88871     5.38089    -4.82024    10.20113
   5.06423   0.12673  -2.40966    -0.49008   -20.44366    19.95358
  -1.93157  -2.58582   2.57225    -4.63855     4.44678    -9.08533
  -2.71903  -3.60596   2.05131     2.21448    11.54054    -9.32606
  -2.71617  -4.28107   1.25317     3.97088     7.63698    -3.66610
  -3.25312  -4.53886   0.27412     5.42105     8.16232    -2.74127
  -2.17200  -4.63904   0.27412     3.18398     1.69968     1.48430
  -3.25312  -4.53886  -0.76777     5.20707     6.18631    -0.97923
  -2.17200  -4.63904  -0.76777     3.16139    -0.49366     3.65506
  -4.98590  -2.23739  -1.74683     1.76769     8.23126    -6.46356
  -4.54649  -3.22433  -1.74683     5.09914     9.54747    -4.44833
  -3.74364  -3.94722  -1.74683     5.75677     7.25425    -1.49747
  -2.71617  -4.28107  -1.74683     4.67306     1.83475     2.83831
  -1.64175  -4.16814  -1.74683     1.78150    -7.24430     9.02580
  -0.70615  -3.62797  -1.74683    -4.26142   -22.22883    17.96741
   2.69510  -0.20041   3.91400    10.13240    31.36454   -21.23214
   3.72116  -0.20041   3.73308    13.06538    29.76307   -16.69769
   3.20813   0.68818   3.73308     8.56299    26.72180   -18.15881
   2.18207   0.68818   3.73308     6.15838    31.43307   -25.27469
   1.66904  -0.20041   3.73308     7.57027    33.42687   -25.85660
   3.49618   1.55369   3.21214     8.29756    21.49855   -13.20099
   2.42067   1.70832   3.21214     5.91490    29.93575   -24.02085
   1.43230   1.25695   3.21214     6.29267    42.72315   -36.43048
   0.84485  -0.74370   3.21214     6.16779    33.15377   -26.98598
  -1.47299  -0.30143  -3.39688     4.36433   -33.72743    38.09175
  -0.44693  -0.30143  -3.39688    -2.07957   -43.27188    41.19231
  -3.74048   3.30214   0.46875   -13.70795    -8.07764    -5.63031
  -4.76351   2.96974   0.46875   -17.82001   -14.75688    -3.06313
  -5.56289   2.24997   0.46875   -19.13841   -15.58592    -3.55249
  -6.00041   1.26729   0.46875   -18.32077   -13.06440    -5.25637
  -6.00041   0.19161   0.46875   -14.95794    -7.03265    -7.92530
  -3.21173   3.51751  -0.60276    -8.54668    -0.76224    -7.78444
  -4.23633   3.42256  -0.60276   -14.60717   -11.78103    -2.82614
  -5.15746   2.96390  -0.60276   -17.49622   -15.49429    -2.00193
  -5.85069   2.20346  -0.60276   -18.42995   -15.13241    -3.29754
  -6.22240   1.24395  -0.60276   -17.86896   -11.90318    -5.96578
  -6.22240   0.21495  -0.60276   -15.53086    -6.49177    -9.03909
  -5.85069  -0.74456  -0.60276   -10.44176     1.03740   -11.47916
  -2.67069   3.18970  -1.67427    -1.38491     4.35981    -5.74472
  -3.74048   3.30214  -1.67427   -10.88478    -9.87062    -1.01416
  -4.76351   2.96974  -1.67427   -15.29052   -15.25646    -0.03407
  -5.56289   2.24997  -1.67427   -16.96974   -15.37653    -1.59321
  -6.00041   1.26729  -1.67427   -16.89381   -11.63926    -5.25455
  -6.00041   0.19161  -1.67427   -14.97928    -5.97267    -9.00661
  -5.56289  -0.79107  -1.67427   -10.34889    -1.26958    -9.07931
  -3.47008   2.70935  -2.58266    -7.88591   -11.10637     3.22046
  -4.46003   2.44409  -2.58266   -13.20405   -15.67721     2.47316
  -5.18472   1.71940  -2.58266   -15.04893   -15.07162     0.02268
  -5.44998   0.72945  -2.58266   -14.56952   -11.01796    -3.55155
  -5.18472  -0.26050  -2.58266   -11.50915    -6.97596    -4.53319
  -4.46003  -0.98519  -2.58266    -4.81739    -1.25235    -3.56504
  -2.93432   1.65741  -3.18962    -2.12788   -12.74422    10.61633
  -4.00584   1.65741  -3.18962   -10.32630   -16.22716     5.90087
  -4.54159   0.72945  -3.18962   -11.59889   -14.61290     3.01402
  -4.00584  -0.19851  -3.18962    -6.72376   -11.13936     4.41560
  -3.47008   0.72945  -3.40276    -6.13767   -16.77368    10.63601
  -2.25486   0.20085   4.38999   -14.44715   -15.58071     1.13356
  -1.18334   0.20085   4.17685   -10.74610    -7.23006    -3.51604
  -1.71910   1.12881   4.17685   -12.56023    -7.87380    -4.68643
  -2.79061   1.12881   4.17685   -15.81638   -15.08887    -0.72751
  -3.32637   0.20085   4.17685   -16.37800   -18.70787     2.32987
  -2.79061  -0.72711   4.17685   -14.70129   -18.20510     3.50381
  -1.71910  -0.72711   4.17685   -12.67506   -14.99163     2.31657
  -0.54021   1.19080   3.56989    -4.44026    13.00151   -17.44177
  -1.26491   1.91549   3.56989    -8.79204     5.88553   -14.67757
  -2.25486   2.18075   3.56989   -13.36030    -4.74477    -8.61553
  -3.24481   1.91549   3.56989   -16.66665   -13.84018    -2.82648
  -3.96950   1.19080   3.56989   -17.90159   -18.43462     0.53303
  -4.23476   0.20085   3.56989   -16.89318   -18.73415     1.84097
  -3.96950  -0.78910   3.56989   -14.55132   -16.52559     1.97427
  -3.24481  -1.51379   3.56989   -12.49873   -14.46011     1.96138
  -2.25486  -1.77905   3.56989   -11.53300   -14.55833     3.02533
  -1.26491  -1.51379   3.56989   -10.43611   -13.69981     3.26370
  -0.54021  -0.78910   3.56989    -7.16239    -2.06506    -5.09734
  -1.45547   2.66110   2.66150    -5.80823    20.84756   -26.65579
  -2.52526   2.77354   2.66150   -12.22075     0.51846   -12.73920
  -3.54829   2.44114   2.66150   -16.83294   -12.69666    -4.13628
  -4.34767   1.72137   2.66150   -18.89996   -18.66703    -0.23293
  -4.78519   0.73869   2.66150   -17.74660   -18.63076     0.88417
  -1.45547  -2.25940   2.66150    -7.35190   -11.34279     3.99089
  -0.52391  -1.72156   2.66150    -7.64558   -10.12282     2.47724
   4.58006  -0.21552  -2.64140    -6.25250   -32.13209    25.87959
   4.35641   0.83665  -2.64140    -4.50489   -38.57190    34.06701
   3.72414   1.70689  -2.64140    -2.87839   -42.44026    39.56187
   2.79258  -2.67577  -2.64140   -13.77132   -33.39228    19.62096
   3.72414  -2.13793  -2.64140   -10.76430   -28.39904    17.63474
   4.35641  -1.26769  -2.64140    -8.08232   -27.93254    19.85022
   3.97309  -0.21552  -3.54978   -11.02848   -42.28583    31.25735
   3.70784   0.77443  -3.54978    -9.37562   -46.13979    36.76417
   2.98314   1.49912  -3.54978    -7.57090   -46.35719    38.78628
   1.99319   1.76438  -3.54978    -4.91779   -40.05751    35.13971
   1.00324   1.49912  -3.54978    -2.10592   -30.97310    28.86718
   0.27855   0.77443  -3.54978    -1.81162   -30.65793    28.84631
   0.01329  -0.21552  -3.54978    -6.25752   -43.02786    36.77033
   0.27855  -1.20547  -3.54978   -11.03475   -46.33971    35.30496
   1.00324  -1.93016  -3.54978   -14.53563   -43.93822    29.40259
   1.99319  -2.19542  -3.54978   -15.60742   -41.29739    25.68998
   2.98314  -1.93016  -3.54978   -14.60089   -39.04878    24.44789
   3.70784  -1.20547  -3.54978   -12.81123   -39.17131    26.36007
   3.06471  -0.21552  -4.15675   -12.99007   -46.00160    33.01152
   2.52895   0.71244  -4.15675   -10.96259   -46.87106    35.90847
   1.45744   0.71244  -4.15675    -9.50426   -42.74144    33.23718
   0.92168  -0.21552  -4.15675   -11.18975   -43.44212    32.25238
   1.45744  -1.14348  -4.15675   -14.27835   -44.52236    30.24401
   2.52895  -1.14348  -4.15675   -14.69251   -44.07234    29.37984
   1.99319  -0.21552  -4.36988   -13.10805   -45.77875    32.67070
  -0.22834  -1.76332   2.71068    -5.95256    -2.49759    -3.45496
   0.30742  -2.69127   2.71068    -4.72828     1.39827    -6.12656
   1.37893  -2.69127   2.71068     2.22013    15.00068   -12.78055
  -0.14678  -3.47796   2.10372    -6.44452    -6.48600     0.04148
   0.84317  -3.74322   2.10372    -6.32216    -3.26293    -3.05923
   1.83312  -3.47796   2.10372    -1.18286     7.14862    -8.33147
   0.57277  -4.33601   1.19533    -8.62888   -11.31852     2.68964
   1.64256  -4.22357   1.19533    -7.60604    -7.11539    -0.49066
   2.57412  -3.68573   1.19533    -1.51355     4.57314    -6.08669
   0.07692  -4.45643   0.12382    -8.74372   -17.26440     8.52068
   1.10152  -4.55137   0.12382   -10.75300   -16.90712     6.15411
   2.09124  -4.26977   0.12382    -9.36244   -12.97696     3.61451
   2.91240  -3.64966   0.12382    -4.07567    -2.75185    -1.32382
   0.57277  -4.33601  -0.94769   -11.54868   -23.68293    12.13424
   1.64256  -4.22357  -0.94769   -12.39959   -22.74371    10.34412
  -0.14678  -3.47796  -1.85608    -9.55007   -30.27543    20.72537
   0.84317  -3.74322  -1.85608   -13.39858   -31.03761    17.63903
  -3.48510   2.67365   2.19630   -15.84022   -10.56195    -5.27827
  -4.40372   2.05985   2.19630   -18.54542   -17.53745    -1.00796
  -5.01753   1.14122   2.19630   -17.60039   -17.30482    -0.29557
  -5.23306   0.05764   2.19630   -13.23982   -12.06745    -1.17238
  -5.01753  -1.02596   2.19630    -7.01179    -3.97149    -3.04030
  -2.67639   3.37496   1.22061    -5.91490    11.04567   -16.96058
  -3.73863   3.10597   1.22061   -13.83596    -8.31399    -5.52197
  -4.65597   2.50664   1.22061   -18.93008   -16.43232    -2.49776
  -5.68480   0.60552   1.22061   -15.98016   -11.55676    -4.42339
  -5.68480  -0.49025   1.22061    -8.89746    -2.23555    -6.66191
  -3.18033   3.46988   0.13905    -8.88428     1.20407   -10.08835
  -2.40150   0.05764  -3.36095     3.42934   -19.18158    22.61092
   3.28596  -3.26176   0.85714     5.11295    15.96310   -10.85015
   3.64755  -3.21150  -0.22442     1.91892     9.97475    -8.05583
   2.28248  -3.70193  -1.30598   -11.84738   -23.86782    12.02044
   3.28596  -3.26176  -1.30598    -5.50075   -11.28468     5.78394
   1.46534  -3.30665  -2.28167   -14.34047   -34.65392    20.31345
   2.54893  -3.09111  -2.28167   -12.39833   -29.70876    17.31043
  -0.31629  -1.50371  -3.05598    -6.52986   -47.68249    41.15263
   0.43671  -2.25672  -3.05598   -12.14607   -42.29869    30.15262
   1.46534  -2.53234  -3.05598   -15.79881   -41.75716    25.95835
   3.15131   3.38499  -1.66185     8.62700    -5.88483    14.51183
   2.50206   4.19913  -1.66185     8.81714     4.81107     4.00607
   2.91960   2.36978  -2.62417     0.75929   -33.49609    34.25537
   2.62173   3.38423  -2.62417     5.97703    -9.67741    15.65444
   1.82268   4.07661  -2.62417     7.66440     2.06987     5.59453
   0.77616   4.22707  -2.62417     8.65524     9.65550    -1.00027
  -0.18558   3.78786  -2.62417    10.52835    15.80535    -5.27700
   2.08452   2.36978  -3.29012     0.56099   -27.26375    27.82474
   1.56386   3.27159  -3.29012     5.95256    -6.58329    12.53584
   0.52254   3.27159  -3.29012     8.46197     2.81149     5.65048
   0.00188   2.36978  -3.29012    11.04605     2.93105     8.11500
   0.52254   1.46797  -3.29012     3.05346   -20.34748    23.40094
   1.04320   2.36978  -3.52780     4.16980   -14.09629    18.26609
  -0.44841   3.89373   2.39681     5.20582    31.98736   -26.78154
  -0.96907   2.99192   2.39681     1.50038    35.26015   -33.75977
   0.85174   4.69875   1.73086     8.38478    27.74162   -19.35684
  -0.19479   4.84922   1.73086     6.82793    27.14564   -20.31771
  -1.15652   4.41000   1.73086     4.57894    27.38212   -22.80318
  -1.72813   3.52056   1.73086     0.52648    28.44316   -27.91668
   0.59291   5.27308   0.76853     8.32203    23.98443   -15.66240
  -0.44841   5.27308   0.76853     7.16867    24.21059   -17.04192
  -1.38661   4.82127   0.76853     5.38152    24.76321   -19.38169
  -2.03586   4.00713   0.76853     2.24084    26.35569   -24.11486
   0.59291   5.27308  -0.29957     8.68222    22.02444   -13.34221
  -0.44841   5.27308  -0.29957     7.72150    22.83644   -15.11494
  -1.38661   4.82127  -0.29957     6.33534    23.79103   -17.45569
  -2.03586   4.00713  -0.29957     3.90750    25.50491   -21.59741
  -0.19479   4.84922  -1.26189     8.82843    22.60057   -13.77213
  -1.15652   4.41000  -1.26189     8.26493    24.70953   -16.44461
  -1.72813   3.52056  -1.26189     9.00664    29.27778   -20.27114
   1.71804   2.38960   2.91608     8.09362    36.38401   -28.29039
   2.75936   2.38960   2.67841     8.52095    24.94888   -16.42793
   2.23870   3.29141   2.67841     9.11897    25.83223   -16.71326
   3.29657   3.40405   2.01246    10.92118    16.85550    -5.93433
   2.49753   4.09643   2.01246     9.84688    20.93004   -11.08316
   3.82615   3.40481   1.05013    12.46046    10.08782     2.37264
   3.17690   4.21895   1.05013    10.84650    14.54006    -3.69356
   2.23870   4.67076   1.05013     9.91026    19.95882   -10.04857
   3.82615   3.40481  -0.01797    12.89407     4.46495     8.42912
   3.17690   4.21895  -0.01797    10.86595    10.53756     0.32839
   5.43481   2.82473   0.28664    11.21046     3.90061     7.30984
   4.49661   3.27654   0.28664    11.91515     4.02929     7.88586
   6.08406   2.01059  -0.78146     9.76154     0.54391     9.21763
   5.43481   2.82473  -0.78146     9.80107    -1.12869    10.92976
   4.49661   3.27654  -0.78146    10.50137    -1.71224    12.21362
   5.55448   2.00983  -1.74378     7.21950    -7.48554    14.70504
   4.75544   2.70220  -1.74378     7.59789    -9.89136    17.48925
   3.70891   2.85267  -1.74378     7.73405   -14.41138    22.14543
   5.01727   0.99537  -2.40973     1.55811   -20.90539    22.46350
   4.49661   1.89719  -2.40973     2.74535   -23.36234    26.10770
   3.98874  -2.97431   0.38921     8.18210    21.93558   -13.75348
   5.03007  -2.97431   0.38921     8.64583    17.22172    -8.57589
   5.96826  -2.52250   0.38921     9.09136    15.12921    -6.03786
   6.61752  -1.70836   0.38921     9.66867    14.07689    -4.40822
   6.84923  -0.69314  -0.67889     8.66591     7.55510     1.11081
   3.98874  -2.97431  -0.67889     2.46988     8.99594    -6.52607
   5.03007  -2.97431  -0.67889     5.25288     8.42819    -3.17531
   5.96826  -2.52250  -0.67889     6.81224     8.44772    -1.63548
   6.61752  -1.70836  -0.67889     7.78049     8.21903    -0.43854
   6.38580  -0.69314  -1.64122     6.08998     0.66188     5.42810
   4.24237  -2.55044  -1.64122    -1.26067    -5.87117     4.61050
   5.28889  -2.39997  -1.64122     3.02146    -0.33775     3.35921
   6.08793  -1.70760  -1.64122     5.06400     1.27151     3.79249
   5.55072  -0.69314  -2.30717     1.78024    -9.82018    11.60042
   5.03007  -1.59495  -2.30717    -0.75866   -11.45852    10.69986
   4.65833   0.38589   3.67215    12.33370    21.88509    -9.55139
   5.69965   0.38589   3.43448    12.11470    17.76935    -5.65465
   5.17899   1.28770   3.43448    11.36796    16.62213    -5.25417
   4.13767   1.28770   3.43448    10.42231    20.03614    -9.61383
   5.17899  -0.51592   3.43448    13.63766    23.01450    -9.37684
   6.53472   0.38589   2.76852    11.74510    15.19898    -3.45389
   6.23685   1.40035   2.76852    11.45079    13.48215    -2.03136
   5.43781   2.09272   2.76852    11.11006    13.14144    -2.03139
   4.39129   2.24319   2.76852    10.53275    14.73806    -4.20531
   5.43781  -1.32094   2.76852    14.32102    24.67858   -10.35756
   6.23685  -0.62856   2.76852    12.32993    18.52232    -6.19239
   6.99815   0.38589   1.80620    11.35353    13.32037    -1.96684
   6.76644   1.40111   1.80620    11.26756    11.39525    -0.12769
   6.11719   2.21524   1.80620    11.20418    10.23021     0.97397
   5.17899   2.66706   1.80620    11.29956     9.86653     1.43304
   6.76644  -0.62932   1.80620    11.58571    16.31395    -4.72825
   6.76644   1.40111   0.73810    11.23368     9.12528     2.10840
  -4.35923  -2.11344   2.42316    -1.73695     2.87024    -4.60718
  -3.83857  -3.01525   2.42316     1.16027     8.04183    -6.88156
  -5.11830  -1.58480   1.75721    -1.26255     4.01875    -5.28130
  -5.11830  -2.64208   1.75721     2.43913     7.37884    -4.93971
  -4.54669  -3.53152   1.75721     4.02422     9.08714    -5.06292
  -3.58495  -3.97073   1.75721     4.02673     9.85763    -5.83091
  -5.65774  -2.11344   0.79488     1.56752     8.29590    -6.72838
  -5.42602  -3.12865   0.79488     4.21184     9.24279    -5.03094
  -4.77677  -3.94279   0.79488     5.34764     9.84183    -4.49419
  -3.83857  -4.39460   0.79488     5.42043     9.57049    -4.15006
  -5.65774  -2.11344  -0.27322     1.16403     9.07110    -7.90707
  -5.42602  -3.12865  -0.27322     4.33295     9.82036    -5.48741
  -4.77677  -3.94279  -0.27322     5.71285    10.13921    -4.42637
  -3.83857  -4.39460  -0.27322     6.04856     9.40155    -3.35298
  -5.11830  -2.64208  -1.23554     3.50088    10.08707    -6.58619
  -0.66171  -1.80877  -2.82467    -3.18273   -42.58713    39.40440
  -4.33850  -1.28013  -2.82467    -1.28953     1.38265    -2.67218
  -4.33850  -2.33741  -2.82467     3.15575     5.32013    -2.16438
  -3.76689  -3.22685  -2.82467     5.00125     4.47614     0.52511
  -2.80515  -3.66607  -2.82467     4.77346    -0.01127     4.78473
  -1.75863  -3.51560  -2.82467     2.67696    -8.60354    11.28050
  -0.95959  -2.82322  -2.82467    -0.96511   -22.60479    21.63968
  -1.49679  -1.80877  -3.49062     2.32806   -21.38087    23.70893
  -2.01745  -0.90696  -3.49062     4.32856   -19.79851    24.12707
  -3.05877  -0.90696  -3.49062     2.48870    -5.97901     8.46771
  -3.57943  -1.80877  -3.49062     3.28250     0.53086     2.75164
  -3.05877  -2.71058  -3.49062     4.60466    -0.73916     5.34382
  -2.01745  -2.71058  -3.49062     3.50590    -9.04720    12.55309
  -2.53811  -1.80877  -3.72830     4.07567    -7.03783    11.11350
  -0.99762  -3.05140   2.27264    -3.73933    -4.99211     1.25278
  -1.78532  -4.00688   1.60669     1.31275     2.38143    -1.06868
  -0.73879  -3.85642   1.60669    -3.38479    -6.53014     3.14535
  -0.99762  -4.43075   0.64437    -1.39495    -7.23816     5.84321
  -0.99762  -4.43075  -0.42373    -1.57881   -11.10539     9.52658
   0.01453   0.69542   3.65134     0.01255    21.24670   -21.23415
   1.05586   0.69542   3.41366     6.02095    39.55187   -33.53091
   0.53520   1.59723   3.41366     4.91591    34.67672   -29.76081
  -0.50613   1.59723   3.41366    -2.61483    18.72715   -21.34198
   0.53520  -0.20639   3.41366     3.81212    30.15714   -26.34502
  -0.25250   2.55272   2.74771     4.38566    37.66652   -33.28085
   2.68886  -0.98579   3.96143    12.20757    31.24129   -19.03372
   3.73018  -0.98579   3.72375    15.12110    31.83237   -16.71128
   1.64754  -0.98579   3.72375     9.14030    30.83722   -21.69692
   2.16820  -1.88760   3.72375    11.05734    27.78758   -16.73024
   3.20953  -1.88760   3.72375    14.17230    30.01438   -15.84208
   1.46009  -2.40388   3.05780     5.69088    20.32027   -14.62939
   2.42182  -2.84309   3.05780     9.94038    23.93834   -13.99796
   3.46835  -2.69262   3.05780    13.92757    28.25783   -14.33026
   4.26739  -2.00025   3.05780    16.56186    31.26852   -14.70666
   2.16820  -3.26696   2.09548     2.91666    14.38495   -11.46829
   3.20953  -3.26696   2.09548     9.95607    23.08504   -13.12898
   4.14772  -2.81515   2.09548    14.44527    28.74703   -14.30176
   3.20953  -3.26696   1.02738     5.58483    16.90731   -11.32248
  -1.65325   3.44818  -1.92591    10.01631    22.16522   -12.14891
  -1.39963   3.02431  -2.88824    11.28262    13.14643    -1.86381
  -2.36137   2.58510  -2.88824     4.90461     1.67925     3.22537
  -0.09127   1.16701  -3.55419     5.09789   -16.23996    21.33785
  -0.61193   2.06882  -3.55419    10.67770     1.13008     9.54762
  -1.65325   2.06882  -3.55419     8.91503     0.46277     8.45225
  -2.17391   1.16701  -3.55419     5.40913   -10.35225    15.76138
  -1.65325   0.26520  -3.55419     5.78062   -22.21459    27.99521
  -0.61193   0.26520  -3.55419     2.63679   -29.49327    32.13006
  -1.13259   1.16701  -3.79186     7.65750   -10.05102    17.70852
