 1103     6       662567.6748648438    13958.3350553554
   0.80613   2.23799   2.03283    15.73857    66.71715   -50.97858
   1.99907   3.96626  -0.06717    14.27145    23.61038    -9.33893
   1.05926   4.32268  -0.06717    13.58935    33.08136   -19.49202
   0.54731   4.03814  -1.11717    13.68975    33.80652   -20.11678
   3.77935   1.92688   1.45942    13.47890     1.30882    12.17008
   4.79366  -1.52757   1.45942    21.01027    43.67424   -22.66397
   6.13817   0.12673   0.40942    16.69991    20.53335    -3.83344
   4.03817   0.12673  -1.69058    -8.53915   -46.60421    38.06506
  -2.19147  -3.78191  -0.24683     8.98970     5.74251     3.24719
  -0.62595  -1.69722  -1.29683    -6.83232   -69.52630    62.69398
  -4.18959  -1.18485  -1.29683    -0.73983     7.89579    -8.63563
  -4.18959  -2.20960  -1.29683     9.38127    23.46044   -14.07918
  -2.70342  -3.49736  -1.29683    11.27384    11.46602    -0.19218
  -1.68910  -3.35153  -1.29683     7.01179    -6.97661    13.98841
   3.74510  -0.20041   2.73266    21.99107    42.95613   -20.96506
   3.22010   0.70891   2.73266     6.04229    26.36623   -20.32394
   2.17010   0.70891   2.73266    -0.34450    40.68896   -41.03346
   1.64510  -0.20041   2.73266    10.75740    53.26387   -42.50648
   3.45060   1.45389   1.96400     7.40336     6.01629     1.38706
   2.43628   1.59973   1.96400     1.45017    29.81037   -28.36020
   1.50414   1.17403   1.96400     8.64269   111.04367  -102.40098
  -1.70463   2.55070  -0.57780    14.26517   114.41769  -100.15252
   0.09004   0.58716  -2.39646     5.44615   -17.56314    23.00929
  -1.48496  -0.32216  -2.39646     9.61972  -117.57633   127.19605
  -0.43496  -0.32216  -2.39646    -3.71235   -89.33946    85.62712
  -3.99461   2.34378   0.37724   -30.12861   -32.98618     2.85756
  -4.84331   1.72716   0.37724   -33.50022   -30.52085    -2.97938
  -5.16749   0.72945   0.37724   -30.22964   -22.44937    -7.78028
  -4.84331  -0.26826   0.37724   -15.09725    10.28171   -25.37896
  -2.49008   2.42686  -0.60276    -5.44741     1.79087    -7.23828
  -3.47008   2.68945  -0.60276   -24.74082   -27.18907     2.44825
  -4.45008   2.42686  -0.60276   -31.22864   -33.59571     2.36707
  -5.16749   1.70945  -0.60276   -32.39706   -29.49611    -2.90095
  -5.43008   0.72945  -0.60276   -31.10376   -16.87424   -14.22952
  -5.16749  -0.25055  -0.60276   -24.19363    -2.52408   -21.66955
  -2.94555   2.34378  -1.58276   -14.33106   -20.83463     6.50357
  -3.99461   2.34378  -1.58276   -26.70994   -33.13062     6.42067
  -4.84331   1.72716  -1.58276   -29.36682   -29.82846     0.46165
  -5.16749   0.72945  -1.58276   -29.27018    -5.77370   -23.49648
  -4.84331  -0.26826  -1.58276   -24.14406    -1.62141   -22.52264
  -3.99461  -0.88488  -1.58276    -6.25062    -1.66675    -4.58387
  -2.49008   0.72945  -2.30017     4.69816   -33.04318    37.74134
  -2.98008   1.57816  -2.30017   -12.01869   -29.12116    17.10247
  -3.96008   1.57816  -2.30017   -24.55445   -33.79856     9.24412
  -4.45008   0.72945  -2.30017   -26.12573   -24.82393    -1.30180
  -3.96008  -0.11925  -2.30017   -18.87298   -22.68822     3.81525
  -2.98008  -0.11925  -2.30017    -2.94427   -26.79628    23.85200
  -3.47008   0.72945  -2.56276   -18.47764   -35.39490    16.91725
  -2.25486   0.20085   3.54999   -27.35251   -40.24636    12.89384
  -1.27486   0.20085   3.28740   -21.65661   -28.80287     7.14626
  -1.76486   1.04956   3.28740   -24.70066   -25.48313     0.78247
  -2.74486   1.04956   3.28740   -29.89393   -36.09734     6.20342
  -3.23486   0.20085   3.28740   -30.55281   -41.95186    11.39905
  -2.74486  -0.64785   3.28740   -28.03022   -43.97621    15.94599
  -1.76486  -0.64785   3.28740   -25.25914   -44.13690    18.87776
  -1.73033   1.81518   2.56999   -21.81913    -0.43960   -21.37953
  -2.77939   1.81518   2.56999   -29.44024   -26.66442    -2.77582
  -3.62809   1.19856   2.56999   -32.39141   -38.53549     6.14408
  -3.95227   0.20085   2.56999   -29.64982   -38.32145     8.67162
  -3.62809  -0.79686   2.56999   -23.97777   -31.52806     7.55030
  -2.77939  -1.41348   2.56999   -20.99898   -33.52811    12.52914
  -1.73033  -1.41348   2.56999   -20.98329   -49.28354    28.30025
  -0.88162  -0.79686   2.56999   -17.22765   -35.08295    17.85530
  -1.27486   1.89826   1.58999    -2.59914    81.68964   -84.28878
  -2.25486   2.16085   1.58999   -16.46961     0.43223   -16.90185
  -3.23486   1.89826   1.58999   -26.01905   -32.36252     6.34347
   2.97319   1.48189  -1.56988    -4.54129   -87.14106    82.59977
   2.97319  -1.91293  -1.56988   -15.14682   -32.89338    17.74655
   3.69060  -1.19552  -1.56988   -11.93460   -25.96571    14.03110
   3.69060  -0.21552  -2.54988   -22.29667   -72.99708    50.70041
   3.36643   0.78219  -2.54988   -19.35051   -92.72695    73.37644
   2.51772   1.39881  -2.54988   -16.30646   -95.47640    79.16994
   1.46866   1.39881  -2.54988    -9.73644   -67.83709    58.10065
   0.61996   0.78219  -2.54988    -6.77083   -42.84833    36.07750
   0.29578  -0.21552  -2.54988   -14.69188   -64.54163    49.84975
   0.61996  -1.21323  -2.54988   -22.41401   -70.94297    48.52896
   1.46866  -1.82985  -2.54988   -28.36406   -66.68710    38.32305
   2.51772  -1.82985  -2.54988   -28.24044   -60.20575    31.96531
   3.36643  -1.21323  -2.54988   -25.43798   -59.84501    34.40703
   2.97319  -0.21552  -3.26729   -25.64506   -82.17618    56.53112
   2.48319   0.63318  -3.26729   -22.86331   -90.13626    67.27295
   1.50319   0.63318  -3.26729   -21.44074   -78.11205    56.67130
   1.01319  -0.21552  -3.26729   -24.39004   -72.66213    48.27209
   1.50319  -1.06422  -3.26729   -28.92944   -72.60877    43.67933
   2.48319  -1.06422  -3.26729   -28.93760   -72.94771    44.01010
   1.99319  -0.21552  -3.52988   -26.52232   -80.14707    53.62475
   0.84317  -1.76332   2.08382    -4.91779    12.78457   -17.70236
  -0.13683  -1.76332   1.82123   -13.25928   -14.53357     1.27430
   0.35317  -2.61202   1.82123   -16.78462   -14.48742    -2.29720
   1.33317  -2.61202   1.82123   -10.09412     0.52128   -10.61539
   0.31865  -3.37765   1.10382   -18.66966   -26.30694     7.63728
   1.36770  -3.37765   1.10382   -19.41577   -21.11785     1.70207
   2.21641  -2.76103   1.10382    -4.49485     5.43336    -9.92821
  -0.13683  -3.46073   0.12382   -15.79253   -36.08506    20.29253
   0.84317  -3.72332   0.12382   -23.42932   -36.61098    13.18166
   1.82317  -3.46073   0.12382   -22.38577   -31.98350     9.59772
   2.54058  -2.74332   0.12382    -7.89470   -14.13747     6.24277
   0.31865  -3.37765  -0.85618   -23.71986   -47.24270    23.52284
   1.36770  -3.37765  -0.85618   -26.68672   -46.53583    19.84910
   2.21641  -2.76103  -0.85618   -17.76103   -42.98055    25.21953
  -0.13683  -1.76332  -1.57359   -14.32102   -67.86506    53.54404
   0.35317  -2.61202  -1.57359   -24.05432   -58.38969    34.33537
   1.33317  -2.61202  -1.57359   -25.97701   -59.65530    33.67829
  -4.23940   0.59729   1.66660   -24.40635   -35.69587    11.28952
  -4.23940  -0.48202   1.66660   -10.11922   -15.16053     5.04132
  -1.87000   2.38632   0.68423     5.89922    42.80543   -36.90621
  -2.93301   2.38632   0.68423   -12.85014   -15.86334     3.01320
  -4.79008   0.05764   0.68423   -18.45505   -12.18639    -6.26866
  -4.55353  -0.97873   0.68423     6.70557    28.76083   -22.05526
  -4.55353  -0.97873  -0.40613    -2.47301    22.50545   -24.97847
  -2.40150   0.05764  -2.31095     9.55948   -36.15306    45.71254
   2.95459  -2.34255   0.32076    10.08031    29.15842   -19.07811
   2.95459  -2.34255  -0.76960    -0.50264     6.30241    -6.80505
   0.21096  -1.92272  -1.75197   -18.12436   -65.35768    47.23332
   1.19273  -2.37108  -1.75197   -24.95229   -62.66547    37.71319
   2.26106  -2.21747  -1.75197   -20.65071   -51.59298    30.94227
   2.64098   2.36978  -1.64695     7.73217   -29.13068    36.86285
   2.26717   3.39681  -1.64695    12.05571     2.19872     9.85699
   1.32065   3.94328  -1.64695    13.03274    17.63291    -4.60016
   0.24431   3.75349  -1.64695    14.41452    31.68342   -17.26890
  -0.45821   2.91625  -1.64695    23.55859    51.92774   -28.36915
   2.03068   2.36978  -2.48695     5.55534   -28.55565    34.11099
   1.34835   3.30893  -2.48695    12.66126     4.15246     8.50880
   0.24431   2.95020  -2.48695    17.04567    19.65589    -2.61022
   0.24431   1.78935  -2.48695    20.07905    14.68686     5.39219
   1.34835   1.43063  -2.48695    -6.31902   -59.15076    52.83174
   1.04320   2.36978  -2.80780    10.58985    -8.17157    18.76142
   0.07225   2.99192   1.91448    12.06701    60.81373   -48.74673
   0.37740   3.93107   1.59363    12.02496    45.42777   -33.40280
  -0.72663   3.57234   1.59363    10.59048    51.41643   -40.82595
  -0.72663   2.41149   1.59363    11.33157    78.16065   -66.82909
   0.34970   4.56542   0.75363    12.87085    36.10493   -23.23409
  -0.72663   4.37563   0.75363    12.55647    38.71775   -26.16128
  -1.42916   3.53839   0.75363    10.28802    51.52365   -41.23563
  -1.42916   2.44545   0.75363    11.68423    71.96611   -60.28189
   0.34970   4.56542  -0.28467    13.07416    33.73870   -20.66454
  -0.72663   4.37563  -0.28467    13.15762    36.94532   -23.78770
  -1.42916   3.53839  -0.28467    12.57780    48.07476   -35.49696
  -0.72663   3.57234  -1.12467    15.88729    45.93844   -30.05115
   1.71804   2.38960   2.19608    12.67067    45.99400   -33.32332
   2.70552   2.38960   1.87523    13.29630    23.42999   -10.13369
   2.02319   3.32874   1.87523    14.03425    31.14741   -17.11316
   3.31582   2.38960   1.03523    17.55772     4.78680    12.77091
   2.94201   3.41663   1.03523    16.49722    17.28833    -0.79110
   1.99549   3.96310   1.03523    14.07378    27.49327   -13.41949
   2.94201   3.41663  -0.00307    15.91992    11.06582     4.85410
   5.19992   2.02241   0.27174    15.59487     3.97034    11.62452
   4.25340   2.56888   0.27174    16.38427    -0.51699    16.90126
   5.57373   0.99537  -0.76656    14.64168     3.16374    11.47793
   5.19992   2.02241  -0.76656    14.22941    -2.89574    17.12515
   4.25340   2.56888  -0.76656    15.38340    -7.35185    22.73524
   3.17707   2.37909  -0.76656    16.37110   -13.48294    29.85403
   4.96343   0.99537  -1.60656     8.18649   -14.10393    22.29042
   4.28110   1.93452  -1.60656     9.99874   -21.80975    31.80849
   3.17707   1.57580  -1.60656    -0.39031   -68.59310    68.20279
   3.97595   0.99537  -1.92741    -2.62675   -51.63452    49.00776
   6.10718  -0.69314   0.37431    15.13051    24.58900    -9.45849
   3.71052  -2.07686   0.37431    18.45819    56.96419   -38.50600
   4.78686  -2.26665   0.37431    14.54191    33.18776   -18.64586
   5.73337  -1.72017   0.37431    14.12461    26.60835   -12.48374
   6.10718  -0.69314  -0.66399    12.80810    14.51831    -1.71021
   3.71052  -2.07686  -0.66399     7.94929    42.83110   -34.88181
   4.78686  -2.26665  -0.66399    10.19577    19.66843    -9.47265
   5.73337  -1.72017  -0.66399    12.04944    16.51521    -4.46577
   5.49688  -0.69314  -1.50399     8.33458     2.88409     5.45049
   3.71052  -1.27357  -1.50399    -9.14470   -19.89924    10.75454
   4.81455  -1.63229  -1.50399     5.48255     2.78958     2.69297
   4.50940  -0.69314  -1.82484    -1.82103   -17.47477    15.65374
   4.65833   0.38589   2.95215    18.05533    25.96399    -7.90866
   5.64581   0.38589   2.63130    18.02333    22.56313    -4.53980
   4.96348   1.32504   2.63130    16.50977    18.68886    -2.17908
   3.85944   0.96632   2.63130    12.99321    20.77954    -7.78633
   4.96348  -0.55326   2.63130    20.30181    32.15005   -11.84823
   6.25610   0.38589   1.79130    17.03626    20.51254    -3.47629
   5.88229   1.41292   1.79130    16.67858    16.09783     0.58074
   4.93578   1.95940   1.79130    15.33508    12.32948     3.00560
   3.85944   1.76961   1.79130    12.74848     6.34992     6.39856
   4.93578  -1.18761   1.79130    21.37737    40.74126   -19.36389
   5.88229  -0.64114   1.79130    16.99609    27.60807   -10.61198
   6.25610   0.38589   0.75300    16.49158    19.20808    -2.71650
   5.88229   1.41292   0.75300    16.22551    12.69368     3.53183
  -3.31791  -2.11344   1.94083     2.77798    14.20629   -11.42830
  -4.11680  -1.53301   1.61998     5.05208    11.47689    -6.42481
  -4.11680  -2.69386   1.61998     9.49610    18.10667    -8.61057
  -3.01276  -3.05259   1.61998     7.71648    25.99985   -18.28337
  -4.81933  -1.56697   0.77998     7.89721    20.17702   -12.27982
  -4.81933  -2.65991   0.77998    11.25250    19.47426    -8.22176
  -4.11680  -3.49715   0.77998    12.02873    21.00940    -8.98067
  -3.04046  -3.68694   0.77998    10.40034    20.22391    -9.82357
  -4.81933  -1.56697  -0.25831     5.39784    22.91895   -17.52111
  -4.81933  -2.65991  -0.25831    10.46121    20.99063   -10.52942
  -4.11680  -3.49715  -0.25831    11.95468    21.75571    -9.80103
  -4.11680  -2.69386  -1.09831    11.26380    24.50083   -13.23703
  -0.94034  -1.80877  -1.84745     0.93060   -50.36596    51.29656
  -4.03953  -1.26230  -1.84745     1.60956    13.59141   -11.98185
  -4.03953  -2.35524  -1.84745     9.20305    19.17989    -9.97683
  -3.33700  -3.19248  -1.84745    11.25250    14.64577    -3.39327
  -2.26066  -3.38227  -1.84745     9.57454     2.84489     6.72964
  -1.31414  -2.83580  -1.84745     4.38566   -18.48086    22.86652
  -1.55063  -1.80877  -2.68745     8.32705   -22.62499    30.95204
  -2.23296  -0.86962  -2.68745    11.92394    -9.39038    21.31432
  -3.33700  -1.22834  -2.68745     7.77108    15.17247    -7.40139
  -3.33700  -2.38919  -2.68745    11.12449    12.05603    -0.93154
  -2.23296  -2.74792  -2.68745    10.45933    -0.24807    10.70739
  -2.53811  -1.80877  -3.00830    11.35165     2.99718     8.35446
  -1.51828  -2.14959   1.79032    -1.29581   -25.23713    23.94132
  -0.53080  -2.14959   1.46947   -10.21083   -24.38501    14.17417
  -1.21313  -3.08874   1.46947     1.74385    -7.57515     9.31900
  -1.24083  -3.72309   0.62947     3.52158    -8.37740    11.89898
  -1.24083  -3.72309  -0.40883     3.22540   -13.92015    17.14554
  -0.53080  -2.14959  -1.24883   -11.51919   -66.09488    54.57568
  -1.21313  -3.08874  -1.24883     2.97628   -22.06618    25.04246
   0.01453   0.69542   2.93134     6.32090    37.50008   -31.17918
   1.00201   0.69542   2.61049    12.53952    69.60584   -57.06632
   0.31968   1.63457   2.61049    12.13666    55.23745   -43.10079
  -0.78435   1.27585   2.61049    -6.00338    18.07236   -24.07574
   0.31968  -0.24373   2.61049     9.56136    53.97257   -44.41121
  -0.78435   2.07913   1.77049     7.67319    75.02287   -67.34969
   2.68886  -0.98579   3.24143    22.09084    47.04602   -24.95517
   3.67634  -0.98579   2.92057    26.52796    48.83415   -22.30618
   1.88998  -0.40537   2.92057    13.82654    49.95585   -36.12931
   1.88998  -1.56622   2.92057    19.75337    43.04838   -23.29501
   2.99401  -1.92494   2.92057    25.79064    46.63864   -20.84800
   1.18745  -1.53227   2.08057     7.74033    31.34621   -23.60588
   1.88998  -2.36951   2.08057    11.04166    30.98227   -19.94062
   2.96631  -2.55930   2.08057    22.10967    44.45895   -22.34928
   3.91283  -2.01282   2.08057    27.68007    49.93176   -22.25168
   2.96631  -2.55930   1.04228    14.81675    38.30597   -23.48921
   3.91283  -2.01282   1.04228    24.84749    54.05151   -29.20402
  -1.93148   2.55073  -0.87272    12.00175    49.72248   -37.72074
  -0.85514   2.74051  -1.91101    26.49345    45.56186   -19.06841
  -1.93148   2.55073  -1.91101    17.09587    23.12226    -6.02639
  -0.14511   1.16701  -2.75101    16.76078     1.22340    15.53737
  -0.82744   2.10616  -2.75101    25.23529    23.13981     2.09548
  -1.93148   1.74744  -2.75101    18.22476     6.66237    11.56239
  -1.93148   0.58659  -2.75101    15.04831   -20.42079    35.46910
  -0.82744   0.22786  -2.75101     9.69188   -45.25147    54.94336
  -1.13259   1.16701  -3.07186    19.76467    -0.13374    19.89840
   0.80613   2.23799   2.33283    12.56400    58.13714   -45.57315
   1.32679   4.51916   0.46688    11.59010    28.71486   -17.12476
   2.26499   4.06735  -0.60122    11.94339    15.38367    -3.44029
   1.32679   4.51916  -0.60122    11.26066    23.72795   -12.46729
  -0.42265   3.65608  -1.56355    14.49108    36.65971   -22.16863
   3.77113   1.98403   1.90580    11.60391     9.19900     2.40490
   4.81765  -1.58010   1.90580    20.16627    38.85225   -18.68597
   4.55883   2.40790   0.94347    14.11457     4.17376     9.94081
   6.14628  -0.88848   0.94347    14.12587    25.22570   -11.09984
   6.37800   0.12673  -0.12463    13.19276    13.93937    -0.74661
   6.14628   1.14195  -0.12463    13.44753     8.35275     5.09478
  -2.96526  -3.97838  -0.78088     8.19402    10.97952    -2.78550
  -1.92394  -3.97838  -0.78088     5.34136    -1.72120     7.06256
  -0.56820  -1.69722  -1.74320    -6.21360   -63.72752    57.51392
  -0.86607  -2.71168  -1.74320    -2.44352   -33.38434    30.94082
  -1.00055   2.26991   1.68709     4.95168    83.72008   -78.76840
   2.69510  -0.20041   3.31400    13.03149    39.82791   -26.79642
   3.73642  -0.20041   3.07633    18.13314    37.28182   -19.14868
   3.21576   0.70140   3.07633     7.97251    27.88219   -19.90969
   2.17444   0.70140   3.07633     3.86483    37.66598   -33.80114
   1.65378  -0.20041   3.07633     9.83558    45.03136   -35.19577
   3.47459   1.50642   2.41038     7.89219    15.60201    -7.70982
   2.42806   1.65688   2.41038     3.79894    32.19569   -28.39675
   1.46633   1.21767   2.41038     7.81187    71.51790   -63.70603
  -1.48062  -0.31465  -2.74013     7.89846   -68.29368    76.19214
  -0.43930  -0.31465  -2.74013    -2.43976   -68.32855    65.88879
  -4.01126   2.39504   0.79386   -24.28525   -25.90568     1.62044
  -4.88691   1.75884   0.79386   -27.06511   -25.25967    -1.80544
  -5.22138   0.72945   0.79386   -23.72111   -19.06056    -4.66055
  -3.20685   2.89737  -0.10431   -15.86783   -12.51561    -3.35223
  -4.24448   2.77138  -0.10431   -24.30972   -24.34923     0.03951
  -5.10471   2.17760  -0.10431   -26.93898   -25.08728    -1.85170
  -5.59046   1.25208  -0.10431   -26.42505   -19.87916    -6.54589
  -5.59046   0.20683  -0.10431   -22.25462    -9.14666   -13.10796
  -5.10471  -0.71870  -0.10431   -10.48568    19.62487   -30.11056
  -3.20685   2.89737  -1.10121   -14.65611   -13.91997    -0.73614
  -4.24448   2.77138  -1.10121   -22.69200   -24.56562     1.87362
  -5.10471   2.17760  -1.10121   -25.22212   -24.66877    -0.55335
  -5.59046   1.25208  -1.10121   -25.28675   -16.76319    -8.52356
  -5.59046   0.20683  -1.10121   -22.74534    -3.70747   -19.03787
  -5.10471  -0.71870  -1.10121   -14.77973     1.70333   -16.48306
  -2.92890   2.39504  -1.99938    -7.98380   -13.61361     5.62980
  -4.01126   2.39504  -1.99938   -19.73392   -24.72685     4.99293
  -4.88691   1.75884  -1.99938   -22.97250   -23.18065     0.20816
  -5.22138   0.72945  -1.99938   -22.71898   -10.34144   -12.37754
  -4.88691  -0.29994  -1.99938   -17.95116    -4.97590   -12.97527
  -2.98413   1.57114  -2.62093    -7.18059   -21.65695    14.47636
  -3.95603   1.57114  -2.62093   -18.01454   -25.72717     7.71263
  -4.44198   0.72945  -2.62093   -19.49672   -20.76773     1.27101
  -3.95603  -0.11224  -2.62093   -13.14444   -16.93133     3.78689
  -2.98413  -0.11224  -2.62093    -1.74950   -19.83101    18.08151
  -3.47008   0.72945  -2.84276   -12.53701   -26.42666    13.88964
  -2.25486   0.20085   3.82999   -21.84047   -29.47406     7.63359
  -1.28296   0.20085   3.60816   -17.14732   -19.73685     2.58952
  -1.76891   1.04254   3.60816   -19.52182   -18.35981    -1.16201
  -2.74081   1.04254   3.60816   -23.70605   -27.18901     3.48296
  -3.22676   0.20085   3.60816   -24.32792   -32.08807     7.76015
  -2.74081  -0.64084   3.60816   -22.23392   -32.79638    10.56246
  -1.76891  -0.64084   3.60816   -19.81424   -30.89579    11.08155
  -0.83802   1.23024   2.98660    -8.90812     9.20740   -18.11552
  -1.71368   1.86644   2.98660   -17.24647    -1.86316   -15.38331
  -2.79604   1.86644   2.98660   -23.47011   -20.12063    -3.34948
  -3.67169   1.23024   2.98660   -26.12573   -29.87505     3.74932
  -4.00616   0.20085   2.98660   -24.47475   -30.61084     6.13609
  -3.67169  -0.82854   2.98660   -20.47563   -26.70868     6.23304
  -2.79604  -1.46474   2.98660   -17.95556   -26.09938     8.14382
  -1.71368  -1.46474   2.98660   -17.24522   -32.64017    15.39495
  -0.83802  -0.82854   2.98660   -13.71924   -21.23771     7.51847
  -1.99162   2.36877   2.08843   -13.81337    13.73019   -27.54356
  -3.02926   2.24277   2.08843   -21.81725   -17.40609    -4.41116
  -3.88948   1.64900   2.08843   -26.02219   -30.13495     4.11275
  -4.37524   0.72348   2.08843   -24.16727   -30.39753     6.23025
  -1.01429  -1.59641   2.08843   -10.24849   -41.96874    31.72025
   4.17703  -0.21552  -2.06833   -10.60805   -42.76525    32.15720
   3.23376   1.58174  -2.06833    -5.60052   -69.01954    63.41902
   3.23376  -2.01278  -2.06833   -16.23242   -34.87336    18.64095
   3.92689  -1.23040  -2.06833   -12.70142   -32.81701    20.11559
   3.74450  -0.21552  -2.96650   -17.66753   -60.80152    43.13399
   3.41003   0.81387  -2.96650   -15.18259   -71.84180    56.65921
   2.53438   1.45007  -2.96650   -12.37009   -71.52116    59.15106
   1.45201   1.45007  -2.96650    -7.62989   -53.92922    46.29933
   0.57636   0.81387  -2.96650    -5.61496   -40.98524    35.37029
   0.24189  -0.21552  -2.96650   -12.04002   -58.03418    45.99415
   0.57636  -1.24491  -2.96650   -18.83658   -61.95617    43.11959
   1.45201  -1.88111  -2.96650   -23.17581   -57.75908    34.58328
   2.53438  -1.88111  -2.96650   -22.92543   -53.06953    30.14410
   3.41003  -1.24491  -2.96650   -20.40912   -52.70558    32.29646
   2.96509  -0.21552  -3.58805   -20.26040   -66.52111    46.26071
   2.47914   0.62617  -3.58805   -17.81813   -70.46116    52.64303
   1.50724   0.62617  -3.58805   -16.30834   -63.00194    46.69360
   1.02129  -0.21552  -3.58805   -18.62887   -60.97681    42.34794
   1.50724  -1.05721  -3.58805   -22.44852   -61.38864    38.94011
   2.47914  -1.05721  -3.58805   -22.68886   -61.23810    38.54924
   1.99319  -0.21552  -3.80988   -20.70970   -65.49235    44.78265
   0.84317  -1.76332   2.36382    -0.40788    16.86996   -17.27784
  -0.12873  -1.76332   2.14199    -9.23757    -8.59232    -0.64524
   0.35722  -2.60501   2.14199   -10.82077    -6.97153    -3.84925
   1.32912  -2.60501   2.14199    -3.43373     8.31530   -11.74903
   0.30199  -3.42890   1.52044   -13.26994   -16.71053     3.44059
   1.38436  -3.42890   1.52044   -11.85867    -9.59847    -2.26020
   0.06877  -3.80524   0.62227   -13.38980   -24.65984    11.27005
   1.10641  -3.93123   0.62227   -16.70368   -23.48492     6.78124
   2.08374  -3.56058   0.62227   -12.82567   -14.60618     1.78051
   0.06877  -3.80524  -0.37463   -15.17945   -32.90730    17.72785
   1.10641  -3.93123  -0.37463   -19.28399   -32.38716    13.10316
   2.08374  -3.56058  -0.37463   -16.84110   -27.35563    10.51453
   0.30199  -3.42890  -1.27280   -18.47011   -41.58061    23.11049
   1.38436  -3.42890  -1.27280   -21.02345   -41.17451    20.15106
   0.35722  -2.60501  -1.89435   -18.75689   -52.29435    33.53746
  -4.11615  -0.93232   2.11895   -11.42632   -11.56128     0.13496
  -1.60212   2.51789   1.21056     2.69453    56.66642   -53.97190
  -2.67191   2.63033   1.21056   -10.47251     0.91143   -11.38394
  -3.69494   2.29792   1.21056   -21.48028   -24.19343     2.71316
  -4.49432   1.57815   1.21056   -26.39305   -28.55118     2.15813
  -4.93184   0.59547   1.21056   -20.82641   -20.83141     0.00499
  -4.93184  -0.48020   1.21056    -7.73280    -1.98999    -5.74281
  -2.14315   2.84569   0.13905     2.56463    39.78030   -37.21567
  -2.40150   0.05764  -2.66095     6.59763   -28.02067    34.61830
   0.92958  -1.40304   2.36244     5.58358    29.48822   -23.90464
   2.71340  -2.98154  -0.22442    -7.20004    -8.62804     1.42800
   3.53456  -2.36143  -0.22442     8.69979    83.02250   -74.32271
   2.26472  -2.93534  -1.29593   -15.87411   -36.20065    20.32654
   3.19628  -2.39750  -1.29593    -6.02723    -9.95458     3.92735
  -0.24931  -1.46504  -2.20432    -8.59437   -66.74224    58.14787
   0.47539  -2.18973  -2.20432   -17.54266   -55.99970    38.45704
   1.46534  -2.45499  -2.20432   -21.36795   -53.19808    31.83013
   2.96320   2.36978  -1.12780    11.95531   -20.45003    32.40534
   2.70597   3.32978  -1.12780    11.81726     1.75926    10.05800
   2.00320   4.03255  -1.12780    11.66101    14.13141    -2.47040
   2.70597   2.36978  -2.08780     3.93511   -34.03786    37.97297
   2.38841   3.34713  -2.08780     9.31350    -4.84454    14.15804
   1.55703   3.95116  -2.08780    10.80822     9.08205     1.72617
   0.52938   3.95116  -2.08780    11.96284    19.24048    -7.27764
  -0.30201   3.34713  -2.08780    16.00714    30.09092   -14.08378
   2.00320   2.36978  -2.79057     3.19779   -28.44884    31.64663
   1.52320   3.20116  -2.79057     9.29781    -3.17807    12.47588
   0.56320   3.20116  -2.79057    12.22200     9.09524     3.12676
   0.08320   2.36978  -2.79057    16.66289    12.98268     3.68021
   0.56320   1.53839  -2.79057     7.52572   -14.01355    21.53927
   1.04320   2.36978  -3.04780     7.67193   -11.21347    18.88540
   0.07225   2.99192   2.15448     9.81864    52.08308   -42.26444
   0.55225   3.82330   1.89725    10.22589    41.46228   -31.23638
  -0.40775   3.82330   1.89725     8.62010    42.53750   -33.91740
  -0.88775   2.99192   1.89725     6.05358    52.75094   -46.69736
   0.58608   4.57331   1.19448    10.68900    33.23916   -22.55017
  -0.44157   4.57331   1.19448     9.83747    34.12489   -24.28742
  -1.27295   3.96927   1.19448     7.67632    38.08451   -30.40818
  -1.59051   2.99192   1.19448     4.51681    52.03155   -47.51473
   1.03225   4.65469   0.23448    11.48719    29.17047   -17.68328
   0.07225   4.91192   0.23448    10.83709    29.87607   -19.03898
  -0.88775   4.65469   0.23448    10.05960    31.70497   -21.64537
  -1.59051   3.95192   0.23448     8.17645    37.35833   -29.18188
  -1.84775   2.99192   0.23448     6.88190    76.69421   -69.81232
   0.58608   4.57331  -0.72552    11.50727    28.68283   -17.17556
  -0.44157   4.57331  -0.72552    11.07492    30.80596   -19.73104
  -1.27295   3.96927  -0.72552    10.82517    35.53692   -24.71175
  -1.59051   2.99192  -0.72552    13.54479    53.77204   -40.22725
  -0.40775   3.82330  -1.42829    13.59437    36.09949   -22.50512
   1.71804   2.38960   2.43608    10.61244    42.38962   -31.77718
   2.67804   2.38960   2.17885    10.76304    24.91820   -14.15516
   2.19804   3.22098   2.17885    11.95719    28.30961   -16.35241
   1.23804   3.22098   2.17885    11.04668    39.98296   -28.93628
   3.38081   2.38960   1.47608    13.96773     9.16164     4.80609
   3.06325   3.36695   1.47608    14.00225    17.19560    -3.19335
   2.23187   3.97098   1.47608    12.41465    24.27549   -11.86084
   3.38081   3.34960   0.51608    15.11419     9.55319     5.56100
   2.67804   4.05237   0.51608    13.10679    17.23901    -4.13222
   3.06325   3.36695  -0.44392    13.80019     5.44634     8.35385
   4.48978   2.57676   0.71259    14.21246     3.01462    11.19784
   5.63872   1.95538  -0.24741    13.24108     2.76904    10.47204
   4.93595   2.65814  -0.24741    13.34713    -0.45016    13.79729
   3.97595   2.91538  -0.24741    14.89394    -1.45631    16.35024
   5.63872   0.99537  -1.20741    10.60115    -1.73324    12.33439
   5.32116   1.97273  -1.20741    10.94377    -5.66993    16.61369
   4.48978   2.57676  -1.20741    11.60704    -9.51070    21.11775
   3.46213   2.57676  -1.20741    11.81977   -15.80746    27.62723
   4.93595   0.99537  -1.91018     4.80359   -18.52504    23.32862
   4.45595   1.82676  -1.91018     6.33157   -22.79802    29.12959
   3.49595   1.82676  -1.91018     1.70494   -46.44505    48.15000
   3.97595   0.99537  -2.16741    -5.22213   -53.10758    47.88545
   3.99558  -2.27453   0.81516    18.39544    44.96974   -26.57429
   5.02323  -2.27453   0.81516    13.97777    30.99749   -17.01972
   5.85461  -1.67049   0.81516    13.18397    26.11702   -12.93304
   6.42940  -0.69314  -0.14484    12.16364    16.31458    -4.15094
   3.54940  -2.35591  -0.14484     9.54944    79.30167   -69.75223
   4.50940  -2.61314  -0.14484     9.53250    25.37426   -15.84176
   5.46940  -2.35591  -0.14484    10.54467    19.58165    -9.03698
   6.17217  -1.65314  -0.14484    11.24811    17.61598    -6.36788
   6.17217  -0.69314  -1.10484     9.60780     8.18485     1.42295
   3.99558  -2.27453  -1.10484     2.49686    10.52562    -8.02876
   5.02323  -2.27453  -1.10484     6.65160     9.88776    -3.23616
   5.85461  -1.67049  -1.10484     8.69540     9.62096    -0.92556
   5.46940  -0.69314  -1.80761     5.05835    -2.86793     7.92629
   4.98940   0.13824  -1.80761     3.23669   -13.80650    17.04320
   4.02940  -1.52453  -1.80761    -6.44139   -17.58566    11.14428
   4.98940  -1.52453  -1.80761     2.82254    -3.10638     5.92892
   4.50940  -0.69314  -2.06484    -4.47979   -23.08379    18.60400
   4.65833   0.38589   3.19215    15.59361    24.37168    -8.77807
   5.61833   0.38589   2.93492    15.46999    20.90048    -5.43049
   5.13833   1.21728   2.93492    14.49421    18.36960    -3.87539
   4.17833   1.21728   2.93492    12.74723    19.86717    -7.11994
   4.17833  -0.44549   2.93492    20.74546    36.99312   -16.24766
   5.13833  -0.44549   2.93492    17.10026    27.22454   -10.12428
   6.32110   0.38589   2.23215    14.88327    18.76722    -3.88395
   6.00354   1.36324   2.23215    14.55132    15.68355    -1.13223
   5.17215   1.96728   2.23215    13.77697    13.78197    -0.00500
   4.14450   1.96728   2.23215    12.25526    12.87970    -0.62444
   5.17215  -1.19549   2.23215    18.18146    32.83930   -14.65784
   6.00354  -0.59146   2.23215    15.29743    23.82264    -8.52522
   6.57833   0.38589   1.27215    14.23505    17.26998    -3.03493
   6.32110   1.34589   1.27215    14.15222    13.55217     0.60005
   5.61833   2.04866   1.27215    13.83847    10.46082     3.37764
   4.65833   2.30589   1.27215    13.79705     6.84981     6.94724
   6.32110  -0.57411   1.27215    14.25827    22.80260    -8.54433
  -3.31791  -2.11344   2.18084    -1.30961     8.84240   -10.15201
  -4.27791  -2.11344   1.92360     3.35843     9.81447    -6.45604
  -3.79791  -2.94482   1.92360     5.57103    15.42970    -9.85867
  -2.83791  -2.94482   1.92360     3.65964    29.46940   -25.80976
  -4.98068  -2.11344   1.22083     5.81388    13.51291    -7.69903
  -4.66312  -3.09079   1.22083     8.17080    15.56556    -7.39476
  -3.83173  -3.69482   1.22083     8.26869    16.75969    -8.49100
  -2.80409  -3.69482   1.22083     6.95155    15.93076    -8.97921
  -4.98068  -1.15344   0.26084     0.51519    27.91843   -27.40324
  -5.23791  -2.11344   0.26084     5.68586    16.33767   -10.65180
  -4.98068  -3.07344   0.26084     8.50275    16.62277    -8.12001
  -4.27791  -3.77621   0.26084     9.28902    17.08914    -7.80011
  -3.31791  -4.03344   0.26084     8.80772    15.83859    -7.03086
  -4.98068  -2.11344  -0.69917     4.84312    16.74111   -11.89799
  -4.66312  -3.09079  -0.69917     8.34839    17.73054    -9.38215
  -3.83173  -3.69482  -0.69917     9.52748    17.49143    -7.96395
  -0.87534  -1.80877  -2.28830    -0.34199   -48.06349    47.72149
  -3.88332  -0.83142  -2.28830    -3.85354     2.43615    -6.28968
  -4.20088  -1.80877  -2.28830     4.10956    12.13379    -8.02423
  -3.88332  -2.78612  -2.28830     7.92168    12.28131    -4.35963
  -3.05194  -3.39016  -2.28830     8.47326     7.07624     1.39702
  -2.02429  -3.39016  -2.28830     6.42632    -3.43939     9.86571
  -1.19290  -2.78612  -2.28830     2.12475   -21.01344    23.13819
  -1.57811  -1.80877  -2.99107     5.86533   -21.75061    27.61594
  -2.05811  -0.97738  -2.99107     8.31011   -19.32473    27.63484
  -3.01811  -0.97738  -2.99107     5.76932     2.73711     3.03222
  -3.49811  -1.80877  -2.99107     6.78338     8.05718    -1.27380
  -3.01811  -2.64015  -2.99107     8.41490     4.68103     3.73388
  -2.05811  -2.64015  -2.99107     7.14420    -5.95049    13.09469
  -2.53811  -1.80877  -3.24830     8.02459    -1.88311     9.90770
  -1.51828  -2.14959   2.03032    -4.68373   -20.40306    15.71933
  -1.99828  -2.98097   1.77309     2.37952    16.85482   -14.47531
  -1.03828  -2.98097   1.77309    -2.03878    -9.14582     7.10704
  -2.03210  -3.73097   1.07032     5.24661     6.05356    -0.80696
  -1.00445  -3.73097   1.07032    -0.41290    -9.06341     8.65051
  -1.51828  -4.06959   0.11032     3.42369    -5.26241     8.68610
  -0.55828  -3.81236   0.11032    -5.59425   -22.00782    16.41358
  -1.00445  -3.73097  -0.84968    -0.92495   -19.27605    18.35111
   0.01453   0.69542   3.17134     3.10931    29.95771   -26.84841
   0.97453   0.69542   2.91411     9.39131    54.58026   -45.18895
   0.49454   1.52681   2.91411     8.96711    47.74976   -38.78265
  -0.46547   1.52681   2.91411     0.01443    27.76894   -27.75450
  -0.46547  -0.13596   2.91411    -6.53677     3.74359   -10.28036
   0.49454  -0.13596   2.91411     7.59600    44.52664   -36.93064
  -0.49929   2.27681   2.21134     6.53175    53.36703   -46.83529
   2.68886  -0.98579   3.48143    17.68008    39.83194   -22.15186
   3.64886  -0.98579   3.22420    21.30960    41.03777   -19.72818
   1.72886  -0.98579   3.22420    14.04241    39.69935   -25.65694
   2.20886  -1.81718   3.22420    17.04630    36.40249   -19.35619
   3.16886  -1.81718   3.22420    20.91552    39.54196   -18.62644
   1.02610  -0.98579   2.52143    11.34474    43.57278   -32.22803
   1.34366  -1.96314   2.52143     7.39457    25.80555   -18.41098
   2.17504  -2.56718   2.52143    13.05596    30.24385   -17.18789
   3.20269  -2.56718   2.52143    19.44840    37.63429   -18.18589
   4.03407  -1.96314   2.52143    23.09235    41.82349   -18.73114
   2.68886  -2.90579   1.56143     9.69377    27.09888   -17.40512
   3.64886  -2.64856   1.56143    18.35905    38.96826   -20.60921
   3.20269  -2.56718   0.60143    11.13641    33.73209   -22.59568
  -1.13259   3.08701  -1.39186    19.11519    46.49600   -27.38080
  -2.09259   2.82978  -1.39186     8.73681    22.79575   -14.05894
  -0.61876   2.74840  -2.35186    21.81349    31.48047    -9.66699
  -1.64641   2.74840  -2.35186    16.29266    20.66599    -4.37333
  -2.47780   2.14436  -2.35186     4.90963    -2.45211     7.36174
  -0.17259   1.16701  -3.05463    11.64344    -8.05397    19.69741
  -0.65259   1.99840  -3.05463    18.51090    11.55245     6.95845
  -1.61259   1.99840  -3.05463    15.88478     7.59374     8.29104
  -2.09259   1.16701  -3.05463    10.79254    -8.87798    19.67051
  -1.61259   0.33563  -3.05463    10.90486   -27.94083    38.84569
  -0.65259   0.33563  -3.05463     6.99924   -33.07523    40.07447
  -1.13259   1.16701  -3.31186    14.29153    -5.43886    19.73038
   0.80613   2.23799   2.63283    10.04266    49.59290   -39.55023
   0.28951   3.13281   2.42730     8.29379    42.96879   -34.67500
   1.36120   4.66993   0.96607    10.22778    26.65174   -16.42396
   1.83937   4.73247  -0.06717    10.28237    19.77417    -9.49180
   3.05357   3.32031  -1.10042    11.17783    -1.42630    12.60413
   2.36141   4.18825  -1.10042    10.34324    10.16209     0.18115
   1.36120   4.66993  -1.10042     9.94603    18.18545    -8.23942
   4.83127  -1.60993   2.31861    18.75877    34.76534   -16.00657
   4.59324   2.55867   1.44267    12.66251     7.89937     4.76315
   4.59324  -2.30520   1.44267    16.83984    35.47364   -18.63380
   5.59345  -1.82353   1.44267    13.71171    27.76265   -14.05094
   6.73817   0.12673   0.40942    12.14168    14.28389    -2.14221
   6.53264   1.15998   0.40942    12.44791    10.44200     2.00591
   5.94736   2.03592   0.40942    12.40461     6.71737     5.68724
   6.53264   0.12673  -0.62382    10.56036     8.77731     1.78305
   6.28561   1.20905  -0.62382    10.88101     4.27346     6.60755
   5.07141   0.12673  -2.08505     1.45708   -16.44952    17.90660
  -1.92798  -2.59204   2.24765    -2.83383    14.85996   -17.69379
  -2.44460  -4.39722  -0.24683     5.13177     4.43097     0.70080
  -4.93907  -1.69722  -1.28007    -0.30936    10.87136   -11.18072
  -4.69204  -2.77953  -1.28007     5.92934    14.99120    -9.06186
  -3.99988  -3.64748  -1.28007     7.38830    13.32288    -5.93459
  -2.99967  -4.12916  -1.28007     6.42319     6.99734    -0.57415
  -1.88953  -4.12916  -1.28007     3.63830    -3.79106     7.42936
   2.69510  -0.20041   3.61400    11.54931    34.40214   -22.85283
   3.72835  -0.20041   3.40848    15.30747    32.53412   -17.22666
   3.21173   0.69440   3.40848     8.64332    27.14125   -18.49793
   2.17848   0.69440   3.40848     5.65010    33.81599   -28.16590
   1.66186  -0.20041   3.40848     8.72426    37.78160   -29.05733
   3.48821   1.53625   2.82319     8.30697    19.43385   -11.12687
   2.42340   1.68934   2.82319     5.28614    31.00461   -25.71847
   1.44485   1.24246   2.82319     7.12035    52.61043   -45.49008
  -1.47658  -0.30765  -3.07228     6.06739   -45.93107    51.99846
  -0.44334  -0.30765  -3.07228    -2.08333   -53.89234    51.80901
  -4.76030   2.21844   0.96843   -22.51128   -21.59433    -0.91694
  -5.36049   1.28453   0.96843   -21.89004   -18.96693    -2.92311
  -4.01677   3.12467  -0.04201   -18.05533   -16.06163    -1.99370
  -5.00188   2.65027  -0.04201   -21.74320   -20.26639    -1.47682
  -5.68359   1.79543  -0.04201   -22.35754   -18.37819    -3.97934
  -5.92690   0.72945  -0.04201   -20.42292   -12.16939    -8.25354
  -5.68359  -0.33652  -0.04201   -14.48229     0.07672   -14.55901
  -2.92339   3.12467  -1.16351    -7.38202    -2.25652    -5.12550
  -4.01677   3.12467  -1.16351   -16.55684   -16.55934     0.00250
  -5.00188   2.65027  -1.16351   -20.23153   -20.07225    -0.15928
  -5.68359   1.79543  -1.16351   -21.12699   -17.09685    -4.03014
  -5.92690   0.72945  -1.16351   -19.99245    -9.01869   -10.97376
  -5.68359  -0.33652  -1.16351   -15.79943    -0.89425   -14.90519
  -5.00188  -1.19137  -1.16351    -6.42821     6.53345   -12.96166
  -2.65162   2.52162  -2.17396    -0.14119    -3.24579     3.10460
  -3.75047   2.67961  -2.17396   -13.39294   -16.98006     3.58713
  -4.76030   2.21844  -2.17396   -18.07353   -19.73417     1.66065
  -5.36049   1.28453  -2.17396   -18.97902   -14.52756    -4.45146
  -5.36049   0.17438  -2.17396   -16.92770    -5.95620   -10.97150
  -4.76030  -0.75954  -2.17396   -10.20330    -2.33783    -7.86547
  -2.92339   1.67635  -2.87320    -3.46825   -15.61236    12.14411
  -4.01677   1.67635  -2.87320   -13.80521   -20.07425     6.26904
  -4.56347   0.72945  -2.87320   -15.22401   -16.50500     1.28099
  -4.01677  -0.21745  -2.87320    -9.17544   -12.03416     2.85871
  -3.47008   0.72945  -3.12276    -8.65712   -20.59388    11.93676
  -2.25486   0.20085   4.10999   -17.64745   -21.78822     4.14077
  -1.16147   0.20085   3.86043   -13.03149   -11.71323    -1.31826
  -1.70816   1.14775   3.86043   -15.30370   -11.48648    -3.81722
  -2.80155   1.14775   3.86043   -19.31474   -20.37887     1.06413
  -3.34824   0.20085   3.86043   -19.89456   -24.87111     4.97655
  -2.80155  -0.74605   3.86043   -17.84512   -24.68946     6.84435
  -1.70816  -0.74605   3.86043   -15.55471   -21.99171     6.43700
  -1.43640   1.99302   3.16118   -11.42820     6.57200   -18.00021
  -2.53525   2.15101   3.16118   -17.48116    -9.88183    -7.59933
  -3.54507   1.68984   3.16118   -21.06549   -21.21377     0.14827
  -4.14527   0.75592   3.16118   -21.22049   -24.70080     3.48031
  -4.14527  -0.35422   3.16118   -18.34022   -22.33405     3.99383
  -3.54507  -1.28814   3.16118   -14.92469   -18.47101     3.54632
  -2.53525  -1.74931   3.16118   -13.47577   -17.86249     4.38672
  -1.43640  -1.59132   3.16118   -12.89658   -22.35071     9.45413
  -0.59741  -0.86433   3.16118    -9.05057    -8.61187    -0.43870
  -1.70816   2.59607   2.15074    -7.46548    27.29950   -34.76498
  -2.80155   2.59607   2.15074   -15.75363    -5.51652   -10.23711
  -3.78666   2.12167   2.15074   -21.22802   -21.38096     0.15294
  -0.72306  -1.71997   2.15074    -8.91817   -26.48905    17.57089
   3.52499  -2.13634  -2.13064   -11.64344   -26.44829    14.80485
   3.96341  -0.21552  -3.14108   -13.25237   -48.83789    35.58552
   3.65064   0.84966  -3.14108   -11.14394   -56.33200    45.18806
   2.81165   1.57665  -3.14108    -8.76129   -56.80987    48.04858
   1.71280   1.73464  -3.14108    -4.52811   -44.93097    40.40287
   0.70298   1.27347  -3.14108    -0.82392   -30.99955    30.17563
   0.10279   0.33955  -3.14108    -3.48456   -40.03368    36.54912
   0.10279  -0.77059  -3.14108   -10.98644   -56.46264    45.47621
   0.70298  -1.70451  -3.14108   -16.54554   -52.68767    36.14213
   1.71280  -2.16568  -3.14108   -19.04931   -48.36609    29.31678
   2.81165  -2.00769  -3.14108   -17.95556   -43.92363    25.96807
   3.65064  -1.28070  -3.14108   -15.56851   -43.35557    27.78706
   3.08658  -0.21552  -3.84033   -16.02973   -54.74803    38.71830
   2.53989   0.73138  -3.84033   -13.65649   -57.15904    43.50255
   1.44650   0.73138  -3.84033   -11.89758   -51.09114    39.19356
   0.89981  -0.21552  -3.84033   -14.02044   -51.22332    37.20287
   1.44650  -1.16242  -3.84033   -17.81123   -52.10010    34.28887
   2.53989  -1.16242  -3.84033   -18.18083   -51.31199    33.13116
   1.99319  -0.21552  -4.08988   -16.36608   -54.50345    38.13738
   0.84317  -1.76332   2.64382     1.87249    18.29806   -16.42557
  -0.25021  -1.76332   2.39426    -7.48556    -8.20695     0.72138
   0.29648  -2.71022   2.39426    -7.42406    -3.75265    -3.67142
   1.38987  -2.71022   2.39426    -0.01883    11.35493   -11.37376
  -0.44704  -3.25231   1.69502    -6.96034   -12.35808     5.39775
   0.56278  -3.71348   1.69502    -9.97677   -11.24636     1.26958
   1.66163  -3.55549   1.69502    -6.44201    -2.12000    -4.32202
   0.29648  -4.15854   0.68457   -11.29956   -19.40346     8.10390
   1.38987  -4.15854   0.68457   -12.33746   -16.79025     4.45278
   2.37497  -3.68414   0.68457    -7.38390    -6.34827    -1.03564
   0.29648  -4.15854  -0.43693   -12.96121   -26.79526    13.83405
   1.38987  -4.15854  -0.43693   -14.95041   -25.60152    10.65111
   2.37497  -3.68414  -0.43693   -11.75639   -18.97837     7.22198
  -0.44704  -3.25231  -1.44737    -9.02421   -35.05306    26.02885
   0.56278  -3.71348  -1.44737   -15.45619   -34.88040    19.42422
   1.66163  -3.55549  -1.44737   -16.61833   -34.37723    17.75889
   0.29648  -2.71022  -2.14662   -15.00877   -45.99168    30.98291
  -2.40150   2.78562   1.71405    -9.73330     9.43512   -19.16842
  -3.44546   2.57796   1.71405   -17.25212   -14.05332    -3.19880
  -4.33048   1.98661   1.71405   -21.35980   -22.80164     1.44185
  -4.92183   1.10159   1.71405   -20.20016   -21.50363     1.30347
  -5.12949   0.05764   1.71405   -13.88051   -13.15122    -0.72929
  -4.92183  -0.98632   1.71405    -4.86445    -0.77702    -4.08743
  -2.94019   3.11265   0.68604    -8.93636     2.41499   -11.35135
  -5.31657  -1.00336   0.68604    -3.62889    11.31741   -14.94629
  -5.31657  -1.00336  -0.40794    -7.51129    10.99887   -18.51015
  -2.40150   0.05764  -3.01095     4.79606   -23.02369    27.81975
   3.01641  -3.16162   0.32257    -0.28175     8.17504    -8.45679
   3.01641  -3.16162  -0.77141    -5.66265    -6.54909     0.88645
   2.50929  -2.99541  -1.79942   -13.25677   -30.58209    17.32533
   3.39431  -2.40406  -1.79942    -9.12022   -19.49891    10.37869
  -0.28818  -1.48748  -2.63746    -7.54329   -58.08675    50.54346
   0.45295  -2.22860  -2.63746   -14.51806   -49.16635    34.64829
   1.46534  -2.49987  -2.63746   -18.59060   -47.46577    28.87518
   2.91382   2.36978  -2.20780     2.76167   -34.24701    37.00868
   2.61686   3.38111  -2.20780     7.76041    -7.40096    15.16137
   1.82028   4.07135  -2.20780     9.17356     5.43102     3.74254
   0.77699   4.22135  -2.20780    10.04894    14.16426    -4.11532
  -0.18179   3.78349  -2.20780    12.15172    22.20814   -10.05642
   2.12320   2.36978  -2.99841     1.42068   -29.33869    30.75937
   1.58320   3.30508  -2.99841     7.52760    -4.61317    12.14077
   0.50320   3.30508  -2.99841    10.32441     6.60502     3.71939
  -0.03680   2.36978  -2.99841    14.57454     9.08075     5.49378
   0.50320   1.43447  -2.99841     5.03137   -18.41640    23.44777
   1.04320   2.36978  -3.28780     5.64570   -13.20813    18.85383
   0.61225   3.92722   2.10510     8.95205    36.27715   -27.32510
  -0.46775   3.92722   2.10510     6.68611    36.21847   -29.53236
  -1.00775   2.99192   2.10510     3.08672    44.16032   -41.07360
   0.84933   4.69349   1.31448     9.58646    29.26548   -19.67902
  -0.19396   4.84349   1.31448     8.37474    29.31084   -20.93609
  -1.15274   4.40563   1.31448     6.43511    30.71411   -24.27900
  -1.72259   3.51893   1.31448     2.86333    35.46375   -32.60042
   0.33261   5.13617   0.23448     9.42770    25.78340   -16.35569
  -0.69369   5.01155   0.23448     8.48330    26.72385   -18.24055
  -1.54453   4.42426   0.23448     6.67168    28.78261   -22.11093
  -2.02498   3.50884   0.23448     3.78765    36.87225   -33.08460
  -0.19396   4.84349  -0.84552     9.63039    25.71139   -16.08100
  -1.15274   4.40563  -0.84552     8.95017    28.06443   -19.11426
  -1.72259   3.51893  -0.84552     8.80898    34.06483   -25.25585
   1.71804   2.38960   2.67608     9.18297    38.75804   -29.57507
   2.79804   2.38960   2.38670     9.53626    23.28784   -13.75158
   2.25804   3.32490   2.38670    10.44552    25.99212   -15.54660
   1.17804   3.32490   2.38670     9.65235    36.60996   -26.95761
   3.29171   3.40093   1.59608    12.53011    15.24952    -2.71941
   2.49513   4.09117   1.59608    11.19351    20.76602    -9.57251
   3.63063   3.39340   0.51608    13.80333     7.78750     6.01582
   2.94506   4.16724   0.51608    11.87938    14.29114    -2.41176
   3.29171   3.40093  -0.56392    12.72087     2.62932    10.09155
   4.75303   2.69695   0.83259    12.96497     4.85174     8.11323
   5.88854   1.99918  -0.24741    11.88879     3.24015     8.64864
   5.20297   2.77302  -0.24741    11.76455     0.53378    11.23077
   4.23631   3.13963  -0.24741    12.88403    -0.03559    12.91961
   5.54961   2.00671  -1.32741     9.35115    -5.06979    14.42093
   4.75303   2.69695  -1.32741     9.83998    -7.95565    17.79563
   3.70974   2.84695  -1.32741    10.38277   -11.70234    22.08511
   5.05595   0.99537  -2.11802     3.48644   -18.26480    21.75124
   4.51595   1.93068  -2.11802     4.81614   -21.93736    26.75349
   3.43595   1.93068  -2.11802     0.37651   -44.73645    45.11296
   4.24319  -2.54472   0.93516    14.87386    35.30060   -20.42674
   5.28649  -2.39472   0.93516    12.30170    26.22008   -13.91838
   6.08307  -1.70448   0.93516    12.00551    22.82784   -10.82233
   6.66940  -0.69314  -0.14484    10.79128    13.89530    -3.10402
   3.74346  -2.71278  -0.14484     6.48280    33.50764   -27.02484
   4.76976  -2.83740  -0.14484     7.96498    19.23137   -11.26639
   5.73642  -2.47079  -0.14484     9.05057    16.22822    -7.17765
   6.42199  -1.69695  -0.14484     9.81676    14.92633    -5.10957
   6.38002  -0.69314  -1.22484     8.15951     6.03644     2.12306
   4.24319  -2.54472  -1.22484     1.76456     5.55435    -3.78979
   5.28649  -2.39472  -1.22484     5.40474     6.96875    -1.56401
   6.08307  -1.70448  -1.22484     7.19377     7.18304     0.01073
   5.58940  -0.69314  -2.01546     3.66842    -5.09911     8.76753
   5.04940  -1.62845  -2.01546     1.18348    -5.84774     7.03123
   4.50940  -0.69314  -2.30484    -6.11445   -26.86506    20.75061
   4.65833   0.38589   3.43215    13.78074    22.91331    -9.13258
   5.73833   0.38589   3.14277    13.55546    19.12882    -5.57336
   5.19833   1.32120   3.14277    12.69577    17.08604    -4.39026
   4.11833   1.32120   3.14277    11.25438    19.47117    -8.21678
   5.19833  -0.54941   3.14277    15.26731    25.17444    -9.90713
   6.52894   0.38589   2.35215    13.04153    16.86578    -3.82425
   6.23199   1.39722   2.35215    12.78049    14.35752    -1.57703
   5.43541   2.08747   2.35215    12.35629    13.01012    -0.65383
   4.39211   2.23747   2.35215    11.66352    13.04104    -1.37752
   5.43541  -1.31568   2.35215    15.62812    28.14430   -12.51617
   6.23199  -0.62544   2.35215    13.50212    20.99485    -7.49273
   6.81833   0.38589   1.27215    12.56211    15.21243    -2.65032
   6.57091   1.38970   1.27215    12.50940    12.13719     0.37221
   5.88535   2.16354   1.27215    12.44477     9.74956     2.69520
   4.91869   2.53015   1.27215    12.72589     7.56252     5.16337
   6.57091  -0.61791   1.27215    12.72527    19.73900    -7.01373
  -3.31791  -2.11344   2.42083    -4.08258     3.87269    -7.95527
  -4.39791  -2.11344   2.13145     0.69967     6.25409    -5.55442
  -3.85791  -3.04875   2.13145     3.38667    11.99341    -8.60674
  -2.77791  -3.04875   2.13145     1.73318    23.19947   -21.46629
  -5.11275  -1.58643   1.34083     1.16340     8.74146    -7.57806
  -5.11275  -2.64045   1.34083     4.71071    11.41600    -6.70528
  -4.54290  -3.52716   1.34083     6.21297    13.02562    -6.81265
  -3.58413  -3.96501   1.34083     6.02535    13.42628    -7.40093
  -5.41514  -1.59652   0.26084     0.74548    13.86656   -13.12108
  -5.41514  -2.63036   0.26084     4.94791    13.13191    -8.18400
  -4.93469  -3.54578   0.26084     6.85617    13.78683    -6.93066
  -4.08385  -4.13307   0.26084     7.26970    13.65058    -6.38088
  -5.11275  -1.58643  -0.81917    -0.80007    12.33629   -13.13636
  -5.11275  -2.64045  -0.81917     4.85190    13.99887    -9.14697
  -4.54290  -3.52716  -0.81917     7.12851    14.50986    -7.38135
  -0.66750  -1.80877  -2.40830    -3.30635   -50.28126    46.97492
  -4.33295  -1.28175  -2.40830    -1.43260     5.18052    -6.61313
  -4.33295  -2.33578  -2.40830     4.41767     9.79618    -5.37851
  -3.76310  -3.22249  -2.40830     6.58822     8.39295    -1.80473
  -2.80433  -3.66034  -2.40830     6.29016     2.68116     3.60899
  -1.76103  -3.51034  -2.40830     3.79769    -7.87996    11.67764
  -0.96445  -2.82010  -2.40830    -0.72164   -25.05452    24.33289
  -1.45811  -1.80877  -3.19891     3.47389   -24.09396    27.56785
  -1.99811  -0.87346  -3.19891     6.15336   -22.72057    28.87393
  -3.07811  -0.87346  -3.19891     3.41177    -2.91204     6.32381
  -3.61811  -1.80877  -3.19891     4.56890     4.29454     0.27436
  -3.07811  -2.74408  -3.19891     6.26066     2.06479     4.19587
  -1.99811  -2.74408  -3.19891     4.92720    -8.16458    13.09179
  -2.53811  -1.80877  -3.48830     5.73104    -5.09616    10.82721
  -1.51828  -2.14959   2.27032    -6.78087   -17.33479    10.55392
  -0.97828  -3.08490   1.98093    -3.18210    -7.44398     4.26188
  -1.78449  -4.00116   1.19032     2.70394     1.64973     1.05421
  -0.74120  -3.85116   1.19032    -3.22791   -10.47660     7.24869
  -1.25792  -4.29384   0.11032     0.65888    -8.06907     8.72795
  -0.74120  -3.85116  -0.96968    -4.14721   -21.97484    17.82763
   0.01453   0.69542   3.41134     1.17595    24.38083   -23.20488
   1.09453   0.69542   3.12195     7.47740    46.53671   -39.05931
   0.55454   1.63073   3.12195     6.95845    41.15904   -34.20059
  -0.52547   1.63073   3.12195    -1.81915    23.01612   -24.83527
   0.55454  -0.23989   3.12195     5.71285    36.19609   -30.48324
  -0.25168  -1.15615   2.33134    -5.27233    -1.52730    -3.74503
   2.68886  -0.98579   3.72143    14.54630    34.27966   -19.73336
   3.76886  -0.98579   3.43204    18.07102    35.38045   -17.30943
   1.60886  -0.98579   3.43204    10.95130    33.98407   -23.03278
   2.14886  -1.92110   3.43204    13.34273    30.40228   -17.05955
   3.22886  -1.92110   3.43204    17.14795    33.60717   -16.45921
   1.46387  -2.39951   2.64143     5.12613    19.53695   -14.41083
   2.42265  -2.83737   2.64143    11.20481    25.90081   -14.69600
   3.46595  -2.68737   2.64143    16.42318    32.23378   -15.81060
   4.26253  -1.99712   2.64143    19.58583    36.12747   -16.54164
   2.94922  -3.13005   1.56143     8.62575    23.11794   -14.49219
   3.91588  -2.76344   1.56143    15.62059    33.51395   -17.89335
  -1.89853   3.18665  -1.39186     9.34801    26.43687   -17.08886
  -1.39880   3.01859  -2.47186    14.27082    19.79084    -5.52002
  -2.35758   2.58073  -2.47186     5.85968     3.61632     2.24337
  -0.05259   1.16701  -3.26248     7.37198   -14.46122    21.83320
  -0.59259   2.10232  -3.26248    14.34361     6.30128     8.04233
  -1.67259   2.10232  -3.26248    11.78212     3.71154     8.07058
  -2.21259   1.16701  -3.26248     7.00238   -10.86412    17.86650
  -1.67259   0.23171  -3.26248     7.86583   -26.88688    34.75271
  -0.59259   0.23171  -3.26248     3.74058   -34.69843    38.43902
  -1.13259   1.16701  -3.55186    10.44364    -8.72755    19.17119
   0.80613   2.23799   2.93283     7.96937    41.97812   -34.00875
   0.29310   3.12659   2.75191     6.56751    36.43694   -29.86943
   1.60898   4.70891   1.43283     9.21686    23.67885   -14.46199
   2.12303   4.88269   0.45377     9.56638    18.07657    -8.51019
   1.07873   5.17981   0.45377     8.92381    22.52674   -13.60293
   2.98947   4.22838  -0.58812    10.24158     8.24305     1.99853
   2.12303   4.88269  -0.58812     9.13905    14.11418    -4.97513
   1.07873   5.17981  -0.58812     8.76443    19.16663   -10.40220
   1.60898   4.70891  -1.56717     8.88491    12.33683    -3.45192
   0.53456   4.82184  -1.56717     8.90875    18.20003    -9.29128
  -0.49291   4.48800  -1.56717     9.37876    23.25887   -13.88011
   4.83924  -1.62737   2.70756    16.91766    30.97133   -14.05367
   3.76660   2.71058   1.90942    11.59575    12.15244    -0.55669
   4.84102  -2.34418   1.90942    15.07968    30.08658   -15.00690
   5.77662  -1.80401   1.90942    12.78488    24.25232   -11.46745
   5.35507   2.77142   0.93037    11.46397     6.32903     5.13494
   4.31077   3.06855   0.93037    12.52321     6.11098     6.41223
   6.79309  -0.94053   0.93037    10.94816    17.03486    -6.08670
   6.99259   0.12673  -0.11152     9.97175     9.99900    -0.02724
   6.79309   1.19399  -0.11152    10.21899     6.96729     3.25171
   6.22151   2.11711  -0.11152    10.54969     4.08970     6.45999
   6.63625   0.12673  -1.09058     8.35341     4.59308     3.76033
   6.41163   1.18347  -1.09058     8.71485     1.22511     7.48974
   5.96653   0.12673  -1.88871     5.38089    -4.03219     9.41308
   5.06423   0.12673  -2.40966    -0.49008   -19.91885    19.42877
  -1.93157  -2.58582   2.57225    -4.63855     4.73880    -9.37735
  -2.71903  -3.60596   2.05131     2.21448    12.42791   -10.21343
  -2.71617  -4.28107   1.25317     3.97088     8.36592    -4.39504
  -3.25312  -4.53886   0.27412     5.42105     9.15997    -3.73892
  -2.17200  -4.63904   0.27412     3.18398     1.84023     1.34375
  -3.25312  -4.53886  -0.76777     5.20707     6.95664    -1.74957
  -2.17200  -4.63904  -0.76777     3.16139    -0.45424     3.61563
  -4.98590  -2.23739  -1.74683     1.76769     9.58775    -7.82006
  -4.54649  -3.22433  -1.74683     5.09914    10.71086    -5.61171
  -3.74364  -3.94722  -1.74683     5.75677     8.05591    -2.29914
  -2.71617  -4.28107  -1.74683     4.67306     2.09299     2.58008
  -1.64175  -4.16814  -1.74683     1.78150    -7.64130     9.42280
  -0.70615  -3.62797  -1.74683    -4.26142   -23.34064    19.07923
   2.69510  -0.20041   3.91400    10.13240    29.84945   -19.71705
   3.72116  -0.20041   3.73308    13.06538    28.55471   -15.48933
   3.20813   0.68818   3.73308     8.56299    25.44294   -16.87995
   2.18207   0.68818   3.73308     6.15838    29.94228   -23.78390
   1.66904  -0.20041   3.73308     7.57027    31.78044   -24.21017
   3.49618   1.55369   3.21214     8.29756    20.52110   -12.22354
   2.42067   1.70832   3.21214     5.91490    28.63031   -22.71541
   1.43230   1.25695   3.21214     6.29267    41.18132   -34.88866
   0.84485  -0.74370   3.21214     6.16779    31.26136   -25.09357
  -1.47299  -0.30143  -3.39688     4.36433   -34.45907    38.82339
  -0.44693  -0.30143  -3.39688    -2.07957   -44.19974    42.12017
  -3.74048   3.30214   0.46875   -13.70795    -9.01809    -4.68985
  -4.76351   2.96974   0.46875   -17.82001   -15.75438    -2.06564
  -5.56289   2.24997   0.46875   -19.13841   -16.46693    -2.67149
  -6.00041   1.26729   0.46875   -18.32077   -13.58624    -4.73452
  -6.00041   0.19161   0.46875   -14.95794    -6.96157    -7.99638
  -3.21173   3.51751  -0.60276    -8.54668    -1.63325    -6.91343
  -4.23633   3.42256  -0.60276   -14.60717   -12.51085    -2.09632
  -5.15746   2.96390  -0.60276   -17.49622   -16.06228    -1.43394
  -5.85069   2.20346  -0.60276   -18.42995   -15.39853    -3.03143
  -6.22240   1.24395  -0.60276   -17.86896   -11.68096    -6.18800
  -6.22240   0.21495  -0.60276   -15.53086    -5.67881    -9.85206
  -5.85069  -0.74456  -0.60276   -10.44176     2.43028   -12.87204
  -2.67069   3.18970  -1.67427    -1.38491     3.48959    -4.87451
  -3.74048   3.30214  -1.67427   -10.88478   -10.44658    -0.43820
  -4.76351   2.96974  -1.67427   -15.29052   -15.56388     0.27336
  -5.56289   2.24997  -1.67427   -16.96974   -15.28136    -1.68838
  -6.00041   1.26729  -1.67427   -16.89381   -10.91757    -5.97624
  -6.00041   0.19161  -1.67427   -14.97928    -4.59139   -10.38789
  -5.56289  -0.79107  -1.67427   -10.34889     0.34725   -10.69613
  -3.47008   2.70935  -2.58266    -7.88591   -11.51996     3.63405
  -4.46003   2.44409  -2.58266   -13.20405   -15.74390     2.53984
  -5.18472   1.71940  -2.58266   -15.04893   -14.64587    -0.40306
  -5.44998   0.72945  -2.58266   -14.56952    -9.98267    -4.58685
  -5.18472  -0.26050  -2.58266   -11.50915    -5.68452    -5.82463
  -4.46003  -0.98519  -2.58266    -4.81739    -0.20942    -4.60797
  -2.93432   1.65741  -3.18962    -2.12788   -13.11999    10.99210
  -4.00584   1.65741  -3.18962   -10.32630   -16.17366     5.84736
  -4.54159   0.72945  -3.18962   -11.59889   -14.05294     2.45406
  -4.00584  -0.19851  -3.18962    -6.72376   -10.62239     3.89862
  -3.47008   0.72945  -3.40276    -6.13767   -16.73464    10.59697
  -2.25486   0.20085   4.38999   -14.44715   -16.18866     1.74151
  -1.18334   0.20085   4.17685   -10.74610    -7.95054    -2.79556
  -1.71910   1.12881   4.17685   -12.56023    -8.27069    -4.28954
  -2.79061   1.12881   4.17685   -15.81638   -15.56001    -0.25637
  -3.32637   0.20085   4.17685   -16.37800   -19.36076     2.98277
  -2.79061  -0.72711   4.17685   -14.70129   -18.89271     4.19142
  -1.71910  -0.72711   4.17685   -12.67506   -15.75673     3.08167
  -0.54021   1.19080   3.56989    -4.44026    12.50834   -16.94860
  -1.26491   1.91549   3.56989    -8.79204     6.03161   -14.82364
  -2.25486   2.18075   3.56989   -13.36030    -4.73577    -8.62453
  -3.24481   1.91549   3.56989   -16.66665   -14.24201    -2.42464
  -3.96950   1.19080   3.56989   -17.90159   -19.11356     1.21197
  -4.23476   0.20085   3.56989   -16.89318   -19.53271     2.63953
  -3.96950  -0.78910   3.56989   -14.55132   -17.32857     2.77725
  -3.24481  -1.51379   3.56989   -12.49873   -15.10781     2.60907
  -2.25486  -1.77905   3.56989   -11.53300   -15.15400     3.62100
  -1.26491  -1.51379   3.56989   -10.43611   -14.63346     4.19735
  -0.54021  -0.78910   3.56989    -7.16239    -3.29062    -3.87177
  -1.45547   2.66110   2.66150    -5.80823    22.37089   -28.17912
  -2.52526   2.77354   2.66150   -12.22075     0.78938   -13.01012
  -3.54829   2.44114   2.66150   -16.83294   -13.20128    -3.63166
  -4.34767   1.72137   2.66150   -18.89996   -19.57612     0.67616
  -4.78519   0.73869   2.66150   -17.74660   -19.64707     1.90047
  -1.45547  -2.25940   2.66150    -7.35190   -11.99880     4.64690
  -0.52391  -1.72156   2.66150    -7.64558   -11.73915     4.09357
   4.58006  -0.21552  -2.64140    -6.25250   -31.57943    25.32693
   4.35641   0.83665  -2.64140    -4.50489   -38.64002    34.13513
   3.72414   1.70689  -2.64140    -2.87839   -42.84128    39.96289
   2.79258  -2.67577  -2.64140   -13.77132   -33.07261    19.30128
   3.72414  -2.13793  -2.64140   -10.76430   -27.47346    16.70917
   4.35641  -1.26769  -2.64140    -8.08232   -26.95386    18.87154
   3.97309  -0.21552  -3.54978   -11.02848   -42.10440    31.07592
   3.70784   0.77443  -3.54978    -9.37562   -46.22313    36.84751
   2.98314   1.49912  -3.54978    -7.57090   -46.60532    39.03442
   1.99319   1.76438  -3.54978    -4.91779   -40.37374    35.45595
   1.00324   1.49912  -3.54978    -2.10592   -31.47161    29.36569
   0.27855   0.77443  -3.54978    -1.81162   -31.42778    29.61617
   0.01329  -0.21552  -3.54978    -6.25752   -43.87291    37.61538
   0.27855  -1.20547  -3.54978   -11.03475   -47.10886    36.07411
   1.00324  -1.93016  -3.54978   -14.53563   -44.51562    29.97999
   1.99319  -2.19542  -3.54978   -15.60742   -41.52176    25.91434
   2.98314  -1.93016  -3.54978   -14.60089   -38.88847    24.28758
   3.70784  -1.20547  -3.54978   -12.81123   -38.85069    26.03946
   3.06471  -0.21552  -4.15675   -12.99007   -46.06085    33.07078
   2.52895   0.71244  -4.15675   -10.96259   -47.09720    36.13461
   1.45744   0.71244  -4.15675    -9.50426   -43.13958    33.63532
   0.92168  -0.21552  -4.15675   -11.18975   -43.94328    32.75353
   1.45744  -1.14348  -4.15675   -14.27835   -44.88890    30.61055
   2.52895  -1.14348  -4.15675   -14.69251   -44.17183    29.47932
   1.99319  -0.21552  -4.36988   -13.10805   -46.04511    32.93707
  -0.22834  -1.76332   2.71068    -5.95256    -4.18938    -1.76318
   0.30742  -2.69127   2.71068    -4.72828    -0.04294    -4.68534
   1.37893  -2.69127   2.71068     2.22013    13.54124   -11.32111
  -0.14678  -3.47796   2.10372    -6.44452    -7.74372     1.29920
   0.84317  -3.74322   2.10372    -6.32216    -4.46376    -1.85840
   1.83312  -3.47796   2.10372    -1.18286     6.06995    -7.25280
   0.57277  -4.33601   1.19533    -8.62888   -12.45695     3.82806
   1.64256  -4.22357   1.19533    -7.60604    -8.03797     0.43192
   2.57412  -3.68573   1.19533    -1.51355     4.21474    -5.72829
   0.07692  -4.45643   0.12382    -8.74372   -18.45616     9.71245
   1.10152  -4.55137   0.12382   -10.75300   -17.91752     7.16452
   2.09124  -4.26977   0.12382    -9.36244   -13.54297     4.18053
   2.91240  -3.64966   0.12382    -4.07567    -1.98776    -2.08792
   0.57277  -4.33601  -0.94769   -11.54868   -24.79278    13.24410
   1.64256  -4.22357  -0.94769   -12.39959   -23.51027    11.11068
  -0.14678  -3.47796  -1.85608    -9.55007   -31.53738    21.98731
   0.84317  -3.74322  -1.85608   -13.39858   -32.07049    18.67191
  -3.48510   2.67365   2.19630   -15.84022   -11.10159    -4.73863
  -4.40372   2.05985   2.19630   -18.54542   -18.57355     0.02814
  -5.01753   1.14122   2.19630   -17.60039   -18.41256     0.81217
  -5.23306   0.05764   2.19630   -13.23982   -12.91930    -0.32052
  -5.01753  -1.02596   2.19630    -7.01179    -4.52199    -2.48980
  -2.67639   3.37496   1.22061    -5.91490    10.79363   -16.70853
  -3.73863   3.10597   1.22061   -13.83596    -9.16355    -4.67240
  -4.65597   2.50664   1.22061   -18.93008   -17.69827    -1.23181
  -5.68480   0.60552   1.22061   -15.98016   -12.29617    -3.68399
  -5.68480  -0.49025   1.22061    -8.89746    -2.23310    -6.66436
  -3.18033   3.46988   0.13905    -8.88428     0.33235    -9.21663
  -2.40150   0.05764  -3.36095     3.42934   -19.57990    23.00924
   3.28596  -3.26176   0.85714     5.11295    17.09264   -11.97970
   3.64755  -3.21150  -0.22442     1.91892    13.21707   -11.29814
   2.28248  -3.70193  -1.30598   -11.84738   -24.04645    12.19907
   3.28596  -3.26176  -1.30598    -5.50075    -9.63590     4.13515
   1.46534  -3.30665  -2.28167   -14.34047   -35.35850    21.01803
   2.54893  -3.09111  -2.28167   -12.39833   -29.53531    17.13698
  -0.31629  -1.50371  -3.05598    -6.52986   -48.69770    42.16783
   0.43671  -2.25672  -3.05598   -12.14607   -43.17386    31.02778
   1.46534  -2.53234  -3.05598   -15.79881   -42.28337    26.48457
   3.15131   3.38499  -1.66185     8.62700    -6.30838    14.93538
   2.50206   4.19913  -1.66185     8.81714     4.56007     4.25707
   2.91960   2.36978  -2.62417     0.75929   -33.83876    34.59805
   2.62173   3.38423  -2.62417     5.97703    -9.88939    15.86641
   1.82268   4.07661  -2.62417     7.66440     1.91167     5.75273
   0.77616   4.22707  -2.62417     8.65524     9.44703    -0.79179
  -0.18558   3.78786  -2.62417    10.52835    15.42249    -4.89413
   2.08452   2.36978  -3.29012     0.56099   -27.50818    28.06917
   1.56386   3.27159  -3.29012     5.95256    -6.76791    12.72047
   0.52254   3.27159  -3.29012     8.46197     2.52473     5.93724
   0.00188   2.36978  -3.29012    11.04605     2.38351     8.66254
   0.52254   1.46797  -3.29012     3.05346   -21.01864    24.07210
   1.04320   2.36978  -3.52780     4.16980   -14.42326    18.59306
  -0.44841   3.89373   2.39681     5.20582    32.08920   -26.88338
  -0.96907   2.99192   2.39681     1.50038    36.68566   -35.18528
   0.85174   4.69875   1.73086     8.38478    27.32498   -18.94020
  -0.19479   4.84922   1.73086     6.82793    26.90821   -20.08028
  -1.15652   4.41000   1.73086     4.57894    27.39513   -22.81620
  -1.72813   3.52056   1.73086     0.52648    29.14142   -28.61494
   0.59291   5.27308   0.76853     8.32203    23.61259   -15.29056
  -0.44841   5.27308   0.76853     7.16867    23.89643   -16.72776
  -1.38661   4.82127   0.76853     5.38152    24.48071   -19.09919
  -2.03586   4.00713   0.76853     2.24084    26.04391   -23.80307
   0.59291   5.27308  -0.29957     8.68222    21.66456   -12.98234
  -0.44841   5.27308  -0.29957     7.72150    22.45572   -14.73421
  -1.38661   4.82127  -0.29957     6.33534    23.32416   -16.98882
  -2.03586   4.00713  -0.29957     3.90750    24.76811   -20.86061
  -0.19479   4.84922  -1.26189     8.82843    22.20731   -13.37888
  -1.15652   4.41000  -1.26189     8.26493    24.13682   -15.87189
  -1.72813   3.52056  -1.26189     9.00664    28.29222   -19.28558
   1.71804   2.38960   2.91608     8.09362    35.29103   -27.19741
   2.75936   2.38960   2.67841     8.52095    23.85204   -15.33108
   2.23870   3.29141   2.67841     9.11897    25.04359   -15.92462
   3.29657   3.40405   2.01246    10.92118    16.12269    -5.20151
   2.49753   4.09643   2.01246     9.84688    20.30176   -10.45488
   3.82615   3.40481   1.05013    12.46046     9.35445     3.10601
   3.17690   4.21895   1.05013    10.84650    13.94300    -3.09650
   2.23870   4.67076   1.05013     9.91026    19.43172    -9.52146
   3.82615   3.40481  -0.01797    12.89407     3.66413     9.22994
   3.17690   4.21895  -0.01797    10.86595     9.98743     0.87853
   5.43481   2.82473   0.28664    11.21046     3.60784     7.60262
   4.49661   3.27654   0.28664    11.91515     3.37660     8.53855
   6.08406   2.01059  -0.78146     9.76154     0.56218     9.19936
   5.43481   2.82473  -0.78146     9.80107    -1.50188    11.30295
   4.49661   3.27654  -0.78146    10.50137    -2.34120    12.84257
   5.55448   2.00983  -1.74378     7.21950    -7.67414    14.89364
   4.75544   2.70220  -1.74378     7.59789   -10.37989    17.97777
   3.70891   2.85267  -1.74378     7.73405   -15.02509    22.75914
   5.01727   0.99537  -2.40973     1.55811   -20.88012    22.43822
   4.49661   1.89719  -2.40973     2.74535   -23.73229    26.47764
   3.98874  -2.97431   0.38921     8.18210    25.08797   -16.90588
   5.03007  -2.97431   0.38921     8.64583    19.43645   -10.79063
   5.96826  -2.52250   0.38921     9.09136    16.98804    -7.89668
   6.61752  -1.70836   0.38921     9.66867    15.76602    -6.09735
   6.84923  -0.69314  -0.67889     8.66591     8.90602    -0.24011
   3.98874  -2.97431  -0.67889     2.46988    12.64662   -10.17674
   5.03007  -2.97431  -0.67889     5.25288    10.70171    -5.44883
   5.96826  -2.52250  -0.67889     6.81224    10.24387    -3.43163
   6.61752  -1.70836  -0.67889     7.78049     9.77224    -1.99175
   6.38580  -0.69314  -1.64122     6.08998     1.83219     4.25779
   4.24237  -2.55044  -1.64122    -1.26067    -3.61708     2.35642
   5.28889  -2.39997  -1.64122     3.02146     1.42558     1.59588
   6.08793  -1.70760  -1.64122     5.06400     2.71775     2.34625
   5.55072  -0.69314  -2.30717     1.78024    -8.80679    10.58704
   5.03007  -1.59495  -2.30717    -0.75866   -10.11896     9.36030
   4.65833   0.38589   3.67215    12.33370    21.53856    -9.20486
   5.69965   0.38589   3.43448    12.11470    18.03339    -5.91870
   5.17899   1.28770   3.43448    11.36796    16.61256    -5.24460
   4.13767   1.28770   3.43448    10.42231    19.44141    -9.01911
   5.17899  -0.51592   3.43448    13.63766    23.08375    -9.44608
   6.53472   0.38589   2.76852    11.74510    15.84780    -4.10271
   6.23685   1.40035   2.76852    11.45079    13.89262    -2.44183
   5.43781   2.09272   2.76852    11.11006    13.22376    -2.11370
   4.39129   2.24319   2.76852    10.53275    14.37058    -3.83783
   5.43781  -1.32094   2.76852    14.32102    25.31137   -10.99035
   6.23685  -0.62856   2.76852    12.32993    19.29745    -6.96751
   6.99815   0.38589   1.80620    11.35353    14.23759    -2.88406
   6.76644   1.40111   1.80620    11.26756    12.01602    -0.74845
   6.11719   2.21524   1.80620    11.20418    10.52158     0.68260
   5.17899   2.66706   1.80620    11.29956     9.76282     1.53674
   6.76644  -0.62932   1.80620    11.58571    17.51867    -5.93297
   6.76644   1.40111   0.73810    11.23368     9.80889     1.42479
  -4.35923  -2.11344   2.42316    -1.73695     2.89785    -4.63480
  -3.83857  -3.01525   2.42316     1.16027     8.77357    -7.61331
  -5.11830  -1.58480   1.75721    -1.26255     4.22301    -5.48556
  -5.11830  -2.64208   1.75721     2.43913     8.24215    -5.80302
  -4.54669  -3.53152   1.75721     4.02422    10.19133    -6.16711
  -3.58495  -3.97073   1.75721     4.02673    10.93078    -6.90405
  -5.65774  -2.11344   0.79488     1.56752     9.46232    -7.89480
  -5.42602  -3.12865   0.79488     4.21184    10.55535    -6.34351
  -4.77677  -3.94279   0.79488     5.34764    11.18751    -5.83988
  -3.83857  -4.39460   0.79488     5.42043    10.78688    -5.36645
  -5.65774  -2.11344  -0.27322     1.16403    10.61623    -9.45220
  -5.42602  -3.12865  -0.27322     4.33295    11.31357    -6.98062
  -4.77677  -3.94279  -0.27322     5.71285    11.56657    -5.85372
  -3.83857  -4.39460  -0.27322     6.04856    10.62690    -4.57834
  -5.11830  -2.64208  -1.23554     3.50088    11.62935    -8.12847
  -0.66171  -1.80877  -2.82467    -3.18273   -43.65611    40.47338
  -4.33850  -1.28013  -2.82467    -1.28953     2.17575    -3.46528
  -4.33850  -2.33741  -2.82467     3.15575     6.00288    -2.84714
  -3.76689  -3.22685  -2.82467     5.00125     4.94403     0.05722
  -2.80515  -3.66607  -2.82467     4.77346     0.10667     4.66680
  -1.75863  -3.51560  -2.82467     2.67696    -8.93187    11.60883
  -0.95959  -2.82322  -2.82467    -0.96511   -23.37729    22.41218
  -1.49679  -1.80877  -3.49062     2.32806   -21.90976    24.23782
  -2.01745  -0.90696  -3.49062     4.32856   -20.23687    24.56543
  -3.05877  -0.90696  -3.49062     2.48870    -5.95505     8.44376
  -3.57943  -1.80877  -3.49062     3.28250     0.79409     2.48841
  -3.05877  -2.71058  -3.49062     4.60466    -0.63467     5.23933
  -2.01745  -2.71058  -3.49062     3.50590    -9.29986    12.80576
  -2.53811  -1.80877  -3.72830     4.07567    -7.16913    11.24480
  -0.99762  -3.05140   2.27264    -3.73933    -5.89050     2.15117
  -1.78532  -4.00688   1.60669     1.31275     2.29251    -0.97976
  -0.73879  -3.85642   1.60669    -3.38479    -7.55091     4.16612
  -0.99762  -4.43075   0.64437    -1.39495    -8.04186     6.64690
  -0.99762  -4.43075  -0.42373    -1.57881   -11.96041    10.38160
   0.01453   0.69542   3.65134     0.01255    20.23020   -20.21765
   1.05586   0.69542   3.41366     6.02095    37.98723   -31.96628
   0.53520   1.59723   3.41366     4.91591    33.78774   -28.87183
  -0.50613   1.59723   3.41366    -2.61483    18.52879   -21.14362
   0.53520  -0.20639   3.41366     3.81212    28.51758   -24.70546
  -0.25250   2.55272   2.74771     4.38566    38.10339   -33.71773
   2.68886  -0.98579   3.96143    12.20757    29.87199   -17.66442
   3.73018  -0.98579   3.72375    15.12110    30.74533   -15.62423
   1.64754  -0.98579   3.72375     9.14030    29.26047   -20.12017
   2.16820  -1.88760   3.72375    11.05734    26.54143   -15.48409
   3.20953  -1.88760   3.72375    14.17230    29.05559   -14.88329
   1.46009  -2.40388   3.05780     5.69088    18.89979   -13.20890
   2.42182  -2.84309   3.05780     9.94038    22.99466   -13.05428
   3.46835  -2.69262   3.05780    13.92757    27.75489   -13.82732
   4.26739  -2.00025   3.05780    16.56186    31.00280   -14.44094
   2.16820  -3.26696   2.09548     2.91666    13.37706   -10.46039
   3.20953  -3.26696   2.09548     9.95607    22.90843   -12.95237
   4.14772  -2.81515   2.09548    14.44527    29.22949   -14.78422
   3.20953  -3.26696   1.02738     5.58483    17.66881   -12.08397
  -1.65325   3.44818  -1.92591    10.01631    21.33751   -11.32120
  -1.39963   3.02431  -2.88824    11.28262    12.47676    -1.19414
  -2.36137   2.58510  -2.88824     4.90461     1.03478     3.86983
  -0.09127   1.16701  -3.55419     5.09789   -17.00609    22.10398
  -0.61193   2.06882  -3.55419    10.67770     0.48284    10.19486
  -1.65325   2.06882  -3.55419     8.91503    -0.15227     9.06730
  -2.17391   1.16701  -3.55419     5.40913   -10.88813    16.29726
  -1.65325   0.26520  -3.55419     5.78062   -22.87407    28.65468
  -0.61193   0.26520  -3.55419     2.63679   -30.34770    32.98449
  -1.13259   1.16701  -3.79186     7.65750   -10.72282    18.38032
