
  Conf 2                                                                        

iqopt   irstrnt  ihfree     qwt
  1      1      1        0.005000

 rel.rms   dipole mom       Qxx      Qyy      Qzz
    0.14514   0.00000   0.00000   0.00000   0.00000

          Point charges before & after optimization
    NO   At.No.    q0           q(opt)   IVARY  d(rstr)/dq 
     1     6   0.000000      -0.013274    0    0.049565
     2     6   0.000000      -0.006823    0    0.049884
     3     6   0.000000      -0.028826    0    0.048044
     4     6   0.000000       0.021789    0    0.048854
     5     7   0.000000      -0.603290    0    0.008176
     6     7   0.000000      -0.530664    0    0.009259
     7     8   0.000000      -0.436613    0    0.011163
     8     8   0.000000      -0.436613    7    0.011163
     9     8   0.000000      -0.417726    0    0.011641
    10     8   0.000000      -0.417726    9    0.011641
    11    16   0.000000       0.684598    0    0.007227
    12    16   0.000000       0.688350    0    0.007188
    13     1   0.000000       0.055433    0    0.000000
    14     1   0.000000       0.045081    0    0.000000
    15     1   0.000000       0.044279    0    0.000000
    16     1   0.000000       0.065515    0    0.000000
    17     1   0.000000       0.085414    0    0.000000
    18     1   0.000000       0.091630    0    0.000000
    19     1   0.000000       0.091602    0    0.000000
    20     1   0.000000       0.071054    0    0.000000
    21     1   0.000000       0.054798    0    0.000000
    22     1   0.000000       0.163225    0    0.000000
    23     1   0.000000       0.367554    0    0.000000
    24     1   0.000000       0.361234    0    0.000000
    25     6   0.000000      -0.013274    1    0.049565
    26     6   0.000000      -0.006823    2    0.049884
    27     6   0.000000      -0.028826    3    0.048044
    28     6   0.000000       0.021789    4    0.048854
    29     7   0.000000      -0.603290    5    0.008176
    30     7   0.000000      -0.530664    6    0.009259
    31     8   0.000000      -0.436613    7    0.011163
    32     8   0.000000      -0.436613    7    0.011163
    33     8   0.000000      -0.417726    9    0.011641
    34     8   0.000000      -0.417726    9    0.011641
    35    16   0.000000       0.684598   11    0.007227
    36    16   0.000000       0.688350   12    0.007188
    37     1   0.000000       0.055433   13    0.000000
    38     1   0.000000       0.045081   14    0.000000
    39     1   0.000000       0.044279   15    0.000000
    40     1   0.000000       0.065515   16    0.000000
    41     1   0.000000       0.085414   17    0.000000
    42     1   0.000000       0.091630   18    0.000000
    43     1   0.000000       0.091602   19    0.000000
    44     1   0.000000       0.071054   20    0.000000
    45     1   0.000000       0.054798   21    0.000000
    46     1   0.000000       0.163225   22    0.000000
    47     1   0.000000       0.367554   23    0.000000
    48     1   0.000000       0.361234   24    0.000000
    49     6   0.000000      -0.013274    1    0.049565
    50     6   0.000000      -0.006823    2    0.049884
    51     6   0.000000      -0.028826    3    0.048044
    52     6   0.000000       0.021789    4    0.048854
    53     7   0.000000      -0.603290    5    0.008176
    54     7   0.000000      -0.530664    6    0.009259
    55     8   0.000000      -0.436613    7    0.011163
    56     8   0.000000      -0.436613    7    0.011163
    57     8   0.000000      -0.417726    9    0.011641
    58     8   0.000000      -0.417726    9    0.011641
    59    16   0.000000       0.684598   11    0.007227
    60    16   0.000000       0.688350   12    0.007188
    61     1   0.000000       0.055433   13    0.000000
    62     1   0.000000       0.045081   14    0.000000
    63     1   0.000000       0.044279   15    0.000000
    64     1   0.000000       0.065515   16    0.000000
    65     1   0.000000       0.085414   17    0.000000
    66     1   0.000000       0.091630   18    0.000000
    67     1   0.000000       0.091602   19    0.000000
    68     1   0.000000       0.071054   20    0.000000
    69     1   0.000000       0.054798   21    0.000000
    70     1   0.000000       0.163225   22    0.000000
    71     1   0.000000       0.367554   23    0.000000
    72     1   0.000000       0.361234   24    0.000000

        Statistics of the fitting:
  The initial sum of squares (ssvpot)                      1.683
  The residual sum of squares (chipot)                     0.035
  The std err of estimate (sqrt(chipot/N))               0.00565
  ESP relative RMS (SQRT(chipot/ssvpot))                 0.14514
