
  Conf 2                                                                        

iqopt   irstrnt  ihfree     qwt
  2      1      1        0.001000

 rel.rms   dipole mom       Qxx      Qyy      Qzz
    0.15018   0.00000   0.00000   0.00000   0.00000

          Point charges before & after optimization
    NO   At.No.    q0           q(opt)   IVARY  d(rstr)/dq 
     1     6  -0.013274      -0.013274   -1    0.009913
     2     6  -0.006823      -0.006823   -1    0.009977
     3     6  -0.028826      -0.028826   -1    0.009609
     4     6   0.021789       0.021789   -1    0.009771
     5     7  -0.603290      -0.603290   -1    0.001635
     6     7  -0.530664      -0.530664   -1    0.001852
     7     8  -0.436613      -0.436613   -1    0.002233
     8     8  -0.436613      -0.436613   -1    0.002233
     9     8  -0.417726      -0.417726   -1    0.002328
    10     8  -0.417726      -0.417726   -1    0.002328
    11    16   0.684598       0.684598   -1    0.001445
    12    16   0.688350       0.688350   -1    0.001438
    13     1   0.055433       0.046257    0    0.000000
    14     1   0.045081       0.046257   13    0.000000
    15     1   0.044279       0.046257   13    0.000000
    16     1   0.065515       0.080976    0    0.000000
    17     1   0.085414       0.080976   16    0.000000
    18     1   0.091630       0.080976   16    0.000000
    19     1   0.091602       0.072485    0    0.000000
    20     1   0.071054       0.072485   19    0.000000
    21     1   0.054798       0.072485   19    0.000000
    22     1   0.163225       0.166209    0    0.000000
    23     1   0.367554       0.367185    0    0.000000
    24     1   0.361234       0.364271    0    0.000000
    25     6  -0.013274      -0.013274    1    0.009913
    26     6  -0.006823      -0.006823    2    0.009977
    27     6  -0.028826      -0.028826    3    0.009609
    28     6   0.021789       0.021789    4    0.009771
    29     7  -0.603290      -0.603290    5    0.001635
    30     7  -0.530664      -0.530664    6    0.001852
    31     8  -0.436613      -0.436613    7    0.002233
    32     8  -0.436613      -0.436613    8    0.002233
    33     8  -0.417726      -0.417726    9    0.002328
    34     8  -0.417726      -0.417726   10    0.002328
    35    16   0.684598       0.684598   11    0.001445
    36    16   0.688350       0.688350   12    0.001438
    37     1   0.055433       0.046257   13    0.000000
    38     1   0.045081       0.046257   13    0.000000
    39     1   0.044279       0.046257   13    0.000000
    40     1   0.065515       0.080976   16    0.000000
    41     1   0.085414       0.080976   16    0.000000
    42     1   0.091630       0.080976   16    0.000000
    43     1   0.091602       0.072485   19    0.000000
    44     1   0.071054       0.072485   19    0.000000
    45     1   0.054798       0.072485   19    0.000000
    46     1   0.163225       0.166209   22    0.000000
    47     1   0.367554       0.367185   23    0.000000
    48     1   0.361234       0.364271   24    0.000000
    49     6  -0.013274      -0.013274    1    0.009913
    50     6  -0.006823      -0.006823    2    0.009977
    51     6  -0.028826      -0.028826    3    0.009609
    52     6   0.021789       0.021789    4    0.009771
    53     7  -0.603290      -0.603290    5    0.001635
    54     7  -0.530664      -0.530664    6    0.001852
    55     8  -0.436613      -0.436613    7    0.002233
    56     8  -0.436613      -0.436613    8    0.002233
    57     8  -0.417726      -0.417726    9    0.002328
    58     8  -0.417726      -0.417726   10    0.002328
    59    16   0.684598       0.684598   11    0.001445
    60    16   0.688350       0.688350   12    0.001438
    61     1   0.055433       0.046257   13    0.000000
    62     1   0.045081       0.046257   13    0.000000
    63     1   0.044279       0.046257   13    0.000000
    64     1   0.065515       0.080976   16    0.000000
    65     1   0.085414       0.080976   16    0.000000
    66     1   0.091630       0.080976   16    0.000000
    67     1   0.091602       0.072485   19    0.000000
    68     1   0.071054       0.072485   19    0.000000
    69     1   0.054798       0.072485   19    0.000000
    70     1   0.163225       0.166209   22    0.000000
    71     1   0.367554       0.367185   23    0.000000
    72     1   0.361234       0.364271   24    0.000000

        Statistics of the fitting:
  The initial sum of squares (ssvpot)                      1.683
  The residual sum of squares (chipot)                     0.038
  The std err of estimate (sqrt(chipot/N))               0.00585
  ESP relative RMS (SQRT(chipot/ssvpot))                 0.15018
