Stage 1 resp fit for connector id 2.
 &cntrl

 nmol    = 3,
 ihfree  = 1,
 ioutopt = 1,
 iqopt   = 1,
 qwt     = 0.00500

 &end
  1.000000
  Conf 0
    0   24
    6    0
    6    0
    6    0
    6    0
    7    0
    7    0
    8    0
    8    7
    8    0
    8    9
   16    0
   16    0
    1    0
    1    0
    1    0
    1    0
    1    0
    1    0
    1    0
    1    0
    1    0
    1    0
    1    0
    1    0

  1.000000
  Conf 1
    0   24
    6    0
    6    0
    6    0
    6    0
    7    0
    7    0
    8    0
    8    0
    8    0
    8    0
   16    0
   16    0
    1    0
    1    0
    1    0
    1    0
    1    0
    1    0
    1    0
    1    0
    1    0
    1    0
    1    0
    1    0

  1.000000
  Conf 2
    0   24
    6    0
    6    0
    6    0
    6    0
    7    0
    7    0
    8    0
    8    0
    8    0
    8    0
   16    0
   16    0
    1    0
    1    0
    1    0
    1    0
    1    0
    1    0
    1    0
    1    0
    1    0
    1    0
    1    0
    1    0

    7   0.00000
    1   11    1    7    1    8    1    3    1   19    1   20    1   21
    6   0.00000
    1    5    1   23    1    2    1   16    1   17    1   18

    3
    1    1    2    1    3    1
    3
    1    2    2    2    3    2
    3
    1    3    2    3    3    3
    3
    1    4    2    4    3    4
    3
    1    5    2    5    3    5
    3
    1    6    2    6    3    6
    3
    1    7    2    7    3    7
    3
    1    8    2    8    3    8
    3
    1    9    2    9    3    9
    3
    1   10    2   10    3   10
    3
    1   11    2   11    3   11
    3
    1   12    2   12    3   12
    3
    1   13    2   13    3   13
    3
    1   14    2   14    3   14
    3
    1   15    2   15    3   15
    3
    1   16    2   16    3   16
    3
    1   17    2   17    3   17
    3
    1   18    2   18    3   18
    3
    1   19    2   19    3   19
    3
    1   20    2   20    3   20
    3
    1   21    2   21    3   21
    3
    1   22    2   22    3   22
    3
    1   23    2   23    3   23
    3
    1   24    2   24    3   24

