  878     7      5370897.0546538504      527.7448314967
  -2.30999  -1.05531   2.56206    92.02741    93.96596    -1.93856
  -1.78499  -0.14599   2.28071    93.18328    92.35940     0.82388
  -2.83499  -0.14599   2.28071    90.02879    91.47927    -1.45048
  -3.35999  -1.05531   2.28071    94.56819    96.76925    -2.20106
  -2.83499  -1.96464   2.28071   102.04497   101.98318     0.06179
  -3.50095   0.31913   1.51206   108.52840   106.39762     2.13078
  -3.50095  -2.42976   1.51206   108.57797   107.13803     1.43994
  -3.05466  -3.01885   0.46206   104.17411   103.47097     0.70314
  -2.56881  -2.85546  -0.58794    92.58589    95.16952    -2.58363
  -3.35999  -1.05531  -1.35660   106.45636   104.44471     2.01165
  -2.83499  -1.96464  -1.35660    90.88722    93.11645    -2.22923
  -1.78499  -1.96464  -1.35660    93.40604    94.41418    -1.00814
  -1.12036   0.90931   1.81862    99.21490    95.36857     3.84633
  -2.17036   0.90931   1.81862    99.54873    94.87737     4.67137
  -2.17036  -0.90935  -1.81869    99.54873    94.87632     4.67241
  -1.12036  -0.90935  -1.81869    99.21615    95.36969     3.84646
  -1.78505   1.96461   1.35666    93.40416    94.41341    -1.00925
  -2.83505   1.96461   1.35666    90.89099    93.12041    -2.22943
  -3.36005   1.05528   1.35666   106.46201   104.45125     2.01076
  -2.56887   2.85542   0.58801    92.59028    95.17332    -2.58304
  -3.05472   3.01882  -0.46199   104.17913   103.47567     0.70345
  -3.50102   2.42973  -1.51199   108.57797   107.13847     1.43950
  -3.50102  -0.31917  -1.51199   108.52275   106.39188     2.13087
  -2.83505   1.96461  -2.28064   102.04685   101.98571     0.06114
  -3.36005   1.05528  -2.28064    94.56505    96.76617    -2.20111
  -2.83505   0.14595  -2.28064    90.02816    91.47780    -1.44964
  -1.78505   0.14595  -2.28064    93.18767    92.36159     0.82608
  -2.31005   1.05528  -2.56199    92.02866    93.96733    -1.93867
  -1.53794   3.35885  -0.43819   104.57634   104.23809     0.33825
  -2.61428   3.16906  -0.43819   104.16846   103.70865     0.45981
  -0.59143   2.81238  -1.47649   104.46653   103.63645     0.83007
  -1.53794   3.35885  -1.47649   102.84818   101.11949     1.72869
  -2.61428   3.16906  -1.47649   103.79948   102.02525     1.77423
  -0.82792   1.78535  -2.31649   100.30237    99.36470     0.93767
  -1.51025   2.72450  -2.31649   100.84768    99.17642     1.67126
  -2.61428   2.36577  -2.31649   101.44758   100.59360     0.85398
  -1.81539   1.78535  -2.63734    98.19833    98.11429     0.08404
  -4.11671   1.72116   0.95987   104.02790   104.57779    -0.54989
  -4.11671   0.56031   0.95987   120.02562   117.78101     2.24461
  -4.11671   2.52445   0.11987   102.07446   102.61113    -0.53667
  -4.81924   1.68721   0.11987   105.64875   105.22700     0.42175
  -4.81924   0.59427   0.11987   116.11436   114.69883     1.41553
  -4.11671   2.52445  -0.91843   104.26823   103.83024     0.43800
  -4.81924   1.68721  -0.91843   104.44896   104.12388     0.32507
  -4.81924   0.59427  -0.91843   110.51007   109.90695     0.60313
  -4.11671  -0.24297  -0.91843   124.58072   122.05971     2.52100
  -4.11671   1.72116  -1.75842   103.10107   103.54647    -0.44540
  -4.11671   0.56031  -1.75842   104.11010   105.31900    -1.20889
  -0.17843  -0.00002   2.09993    81.69170    82.76438    -1.07268
  -0.17843  -0.00002  -2.10007    81.69044    82.76388    -1.07344
   0.52485  -1.19367   1.85100    77.15669    77.06578     0.09090
  -0.00015  -2.10300   1.56965    93.64199    94.06617    -0.42418
   1.04985  -2.10300   1.56965    73.56043    74.08785    -0.52742
   1.04985  -0.28435  -2.06766    69.02730    66.25694     2.77036
  -0.52515  -1.19367  -2.06766    85.83891    85.90441    -0.06550
   1.04985  -2.10300  -2.06766    74.88949    74.39939     0.49011
   0.52485  -1.19367  -2.34900    72.25584    72.62145    -0.36562
   1.91599  -1.18660   1.84786    65.03069    63.32828     1.70242
   1.39099  -2.09593   1.56651    70.25094    70.63971    -0.38876
   2.44099  -2.09593   1.56651    65.87908    66.39294    -0.51386
   1.65717  -2.98674   0.79786    76.38548    76.66221    -0.27674
   2.96599  -1.18660  -2.07080    66.23488    66.28163    -0.04674
   1.39099  -0.27727  -2.07080    66.90067    63.67908     3.22159
   1.39099  -2.09593  -2.07080    72.99567    72.63765     0.35802
   1.91599  -1.18660  -2.35214    64.78910    64.79184    -0.00274
   2.61090   0.00003   2.10005    63.53596    62.05597     1.48000
   3.66090   0.00003   1.81871    66.64904    66.82563    -0.17659
   3.13590  -0.90930   1.81871    64.67803    64.06167     0.61636
   3.66090   0.00003  -1.81860    66.64716    66.82371    -0.17655
   3.13590   0.90936  -1.81860    64.67678    64.06057     0.61620
   2.61090   0.00003  -2.09995    63.53534    62.05499     1.48035
   1.91593   1.18664   2.35216    64.78910    64.79176    -0.00266
   2.96593   1.18664   2.07082    66.23551    66.28226    -0.04675
   1.39093   2.09597   2.07082    72.99442    72.63638     0.35803
   1.39093   0.27732   2.07082    66.90067    63.67937     3.22130
   1.65711   2.98679  -0.79783    76.38736    76.66341    -0.27605
   2.44093   2.09597  -1.56649    65.87908    66.39291    -0.51383
   1.39093   2.09597  -1.56649    70.25157    70.64032    -0.38875
   1.91593   1.18664  -1.84783    65.03006    63.32802     1.70204
   0.52479   1.19366   2.34893    72.25521    72.62063    -0.36543
   1.04979   2.10298   2.06758    74.88824    74.39829     0.48995
  -0.52521   1.19366   2.06758    85.83828    85.90338    -0.06510
   1.04979   0.28433   2.06758    69.02856    66.25688     2.77167
   1.04979   2.10298  -1.56972    73.56043    74.08799    -0.52756
  -0.00021   2.10298  -1.56972    93.64073    94.06535    -0.42462
   0.52479   1.19366  -1.85107    77.15606    77.06585     0.09021
  -4.11666  -0.56035   1.75866   104.11136   105.31965    -1.20829
  -4.11666  -1.72120   1.75866   103.09981   103.54516    -0.44534
  -4.11666   0.24294   0.91866   124.58260   122.06196     2.52064
  -4.81919  -0.59430   0.91866   110.51070   109.90758     0.60312
  -4.81919  -1.68724   0.91866   104.44833   104.12324     0.32508
  -4.11666  -2.52449   0.91866   104.26572   103.82803     0.43769
  -4.81919  -0.59430  -0.11964   116.11499   114.69934     1.41564
  -4.81919  -1.68724  -0.11964   105.64750   105.22624     0.42126
  -4.11666  -2.52449  -0.11964   102.07258   102.60924    -0.53666
  -4.11666  -0.56035  -0.95964   120.02562   117.78019     2.24543
  -4.11666  -1.72120  -0.95964   104.02601   104.57619    -0.55017
  -1.81523  -1.78534   2.63736    98.19708    98.11286     0.08422
  -0.82775  -1.78534   2.31651   100.29986    99.36232     0.93754
  -2.61411  -2.36576   2.31651   101.44758   100.59306     0.85452
  -1.51008  -2.72448   2.31651   100.84642    99.17454     1.67189
  -2.61411  -3.16905   1.47651   103.79823   102.02372     1.77451
  -1.53777  -3.35884   1.47651   102.84630   101.11731     1.72899
  -0.59126  -2.81237   1.47651   104.46339   103.63337     0.83002
  -2.61411  -3.16905   0.43821   104.16532   103.70565     0.45968
  -1.53777  -3.35884   0.43821   104.57383   104.23584     0.33799
   0.29624  -3.04835   0.87104    88.85535    89.63780    -0.78245
  -0.80780  -3.49292   0.03104    96.54987    95.92906     0.62080
   0.26854  -3.68270   0.03104    85.84832    84.99209     0.85623
  -1.51033  -2.65567  -1.00726    95.93993    97.14800    -1.20807
  -0.80780  -3.49292  -1.00726    88.42738    87.36656     1.06083
   0.26854  -3.68270  -1.00726    83.09857    81.53282     1.56575
   1.21505  -3.13623  -1.00726    86.94019    83.99857     2.94161
  -0.80780  -1.52878  -1.84726    91.82535    91.41296     0.41238
  -0.80780  -2.68963  -1.84726    85.76486    85.74197     0.02289
   0.29624  -3.04835  -1.84726    80.50947    79.85337     0.65610
  -0.00891  -2.10920  -2.16811    80.29047    81.10402    -0.81356
   3.44542  -2.10318   0.89788    71.46957    71.44578     0.02378
   2.76309  -3.04233   0.89788    70.06332    71.10805    -1.04473
   4.05571  -2.10318   0.05788    74.03420    73.09756     0.93664
   1.65905  -3.48690   0.05788    79.26575    78.54881     0.71694
   2.73539  -3.67668   0.05788    71.71743    71.16668     0.55075
   3.68190  -3.13021   0.05788    69.91899    69.24322     0.67577
   4.05571  -2.10318  -0.98042    72.32361    71.52219     0.80142
   1.65905  -3.48690  -0.98042    79.19860    77.87131     1.32729
   2.73539  -3.67668  -0.98042    71.87996    70.71438     1.16558
   3.68190  -3.13021  -0.98042    69.84808    68.72067     1.12741
   3.44542  -2.10318  -1.82042    69.22120    69.58175    -0.36055
   1.65905  -2.68361  -1.82042    76.19534    75.83430     0.36104
   2.76309  -3.04233  -1.82042    70.36076    70.17563     0.18512
   2.45794  -2.10318  -2.14127    69.07311    70.20709    -1.13398
   4.68403   0.00004   1.35927    67.81934    68.05012    -0.23078
   4.00170   0.93919   1.35927    72.79926    72.28234     0.51692
   4.00170  -0.93911   1.35927    69.06244    69.57443    -0.51199
   5.29432   0.00004   0.51927    68.04588    66.97985     1.06603
   4.92052   1.02707   0.51927    70.21643    69.37657     0.83986
   3.97400  -1.57346   0.51927    76.19283    74.89332     1.29951
   4.92052  -1.02699   0.51927    69.30278    68.71498     0.58780
   5.29432   0.00004  -0.51903    68.04525    66.97995     1.06530
   4.92052   1.02707  -0.51903    69.30215    68.71500     0.58715
   3.97400   1.57354  -0.51903    76.19283    74.89385     1.29898
   4.92052  -1.02699  -0.51903    70.21706    69.37693     0.84013
   4.68403   0.00004  -1.35903    67.81872    68.05035    -0.23163
   4.00170   0.93919  -1.35903    69.06244    69.57459    -0.51215
   4.00170  -0.93911  -1.35903    72.80051    72.28314     0.51738
   2.45784   2.10326   2.14127    69.07311    70.20731    -1.13420
   3.44532   2.10326   1.82042    69.22183    69.58254    -0.36072
   2.76298   3.04240   1.82042    70.36076    70.17580     0.18496
   1.65895   2.68368   1.82042    76.19409    75.83362     0.36046
   4.05561   2.10326   0.98042    72.32486    71.52327     0.80159
   3.68180   3.13029   0.98042    69.84808    68.72109     1.12699
   2.73529   3.67676   0.98042    71.87996    70.71452     1.16544
   1.65895   3.48697   0.98042    79.19860    77.87091     1.32770
   4.05561   2.10326  -0.05787    74.03483    73.09784     0.93698
   3.68180   3.13029  -0.05787    69.91899    69.24347     0.67552
   2.73529   3.67676  -0.05787    71.71743    71.16694     0.55049
   1.65895   3.48697  -0.05787    79.26700    78.54919     0.71781
   3.44532   2.10326  -0.89787    71.46894    71.44521     0.02373
   2.76298   3.04240  -0.89787    70.06395    71.10831    -1.04437
  -0.00901   2.10920   2.16789    80.29110    81.10497    -0.81388
   0.29614   3.04835   1.84704    80.51010    79.85458     0.65551
  -0.80790   2.68963   1.84704    85.76612    85.74375     0.02236
  -0.80790   1.52877   1.84704    91.82660    91.41441     0.41219
   1.21496   3.13623   1.00704    86.94270    84.00037     2.94232
   0.26844   3.68270   1.00704    83.09983    81.53403     1.56580
  -0.80790   3.49292   1.00704    88.42989    87.36870     1.06120
  -1.51043   2.65567   1.00704    95.94307    97.15172    -1.20865
   0.26844   3.68270  -0.03125    85.84957    84.99288     0.85670
  -0.80790   3.49292  -0.03125    96.55300    95.93148     0.62153
   0.29614   3.04835  -0.87125    88.85597    89.63789    -0.78192
  -2.30999  -1.05531   2.86206    86.42751    87.67762    -1.25011
  -1.78933  -0.15350   2.62438    87.00105    86.95767     0.04338
  -2.83065  -0.15350   2.62438    85.23713    86.31927    -1.08215
  -3.35131  -1.05531   2.62438    87.36689    88.90222    -1.53533
  -2.83065  -1.95712   2.62438    92.02929    92.33848    -0.30919
  -3.53877   0.36277   1.95843    95.70461    95.34055     0.36406
  -3.53877  -2.47340   1.95843    96.27941    95.70896     0.57045
  -2.83065  -3.33648  -0.07199    91.63835    92.33544    -0.69709
  -3.53877  -2.47340  -1.03432    91.01021    92.76335    -1.75314
  -2.57703  -2.91261  -1.03432    86.06167    88.15633    -2.09466
  -3.35131  -1.05531  -1.70027    97.36061    96.15163     1.20898
  -2.83065  -1.95712  -1.70027    87.11652    88.19349    -1.07698
  -1.78933  -1.95712  -1.70027    89.60334    89.92299    -0.31966
  -1.12470   0.90179   2.16229    90.39149    88.71089     1.68060
  -2.16602   0.90179   2.16229    91.71742    89.34490     2.37251
  -2.16602  -0.90183  -2.16236    91.71679    89.34353     2.37326
  -1.12470  -0.90183  -2.16236    90.39212    88.71144     1.68068
  -1.78939   1.95709   1.70033    89.60145    89.92207    -0.32061
  -2.83071   1.95709   1.70033    87.11840    88.19611    -1.07771
  -3.35137   1.05528   1.70033    97.36437    96.15589     1.20849
  -2.57709   2.91258   1.03438    86.06418    88.15897    -2.09479
  -3.53883   2.47337   1.03438    91.01523    92.76813    -1.75289
  -2.83071   3.33644   0.07206    91.64211    92.33904    -0.69693
  -3.53883   2.47337  -1.95837    96.28004    95.70958     0.57046
  -3.53883  -0.36280  -1.95837    95.70085    95.33653     0.36432
  -2.83071   1.95709  -2.62432    92.03054    92.34016    -0.30961
  -3.35137   1.05528  -2.62432    87.36564    88.90056    -1.53492
  -2.83071   0.15347  -2.62432    85.23713    86.31835    -1.08122
  -1.78939   0.15347  -2.62432    87.00356    86.95920     0.04436
  -2.31005   1.05528  -2.86199    86.42877    87.67868    -1.24991
  -0.85539   3.44811  -0.95734    97.23511    96.73578     0.49933
  -1.81539   3.70535  -0.95734    94.32723    93.50731     0.81992
  -2.77539   3.44811  -0.95734    96.02025    95.11526     0.90499
  -0.47019   2.76270  -1.91734    93.92562    93.34443     0.58119
  -1.30157   3.36673  -1.91734    93.13810    91.88672     1.25138
  -2.32922   3.36673  -1.91734    93.25168    91.96098     1.29069
  -0.85539   1.78535  -2.62011    91.47331    90.98375     0.48956
  -1.33539   2.61673  -2.62011    91.48712    90.49674     0.99038
  -2.29539   2.61673  -2.62011    91.83915    91.07867     0.76048
  -1.81539   1.78535  -2.87734    90.35384    90.38991    -0.03608
  -3.79782   1.97212   1.26349    94.12580    95.19659    -1.07080
  -4.27782   1.14074   1.26349   101.39801   100.90667     0.49134
  -3.83164   2.72213   0.56072    92.98561    94.11038    -1.12476
  -4.66303   2.11809   0.56072    94.69871    94.88072    -0.18201
  -4.98059   1.14074   0.56072   100.76234   100.15320     0.60914
  -4.27782   2.80351  -0.39928    94.33790    94.34502    -0.00712
  -4.98059   2.10074  -0.39928    94.63785    94.43205     0.20580
  -5.23782   1.14074  -0.39928    98.73172    98.18283     0.54889
  -4.98059   0.18074  -0.39928   108.96577   107.85270     1.11307
  -3.83164   2.72213  -1.35928    98.11864    97.43454     0.68410
  -4.66303   2.11809  -1.35928    94.36676    94.28476     0.08201
  -4.98059   1.14074  -1.35928    96.28631    96.25469     0.03162
  -4.66303   0.16339  -1.35928   102.52627   102.25978     0.26648
  -4.27782   1.14074  -2.06204    94.27828    95.16788    -0.88960
  -0.17843  -0.00002   2.39993    78.82837    79.63478    -0.80641
   0.34223  -0.90183   2.16226    76.96404    77.33003    -0.36599
   0.34223   0.90179  -2.16239    76.96216    77.32866    -0.36650
  -0.17843  -0.00002  -2.40007    78.82712    79.63406    -0.80695
   0.52485  -1.19367   2.15100    75.39966    75.63051    -0.23085
   0.00419  -2.09548   1.91332    88.58552    88.95937    -0.37385
   1.04551  -2.09548   1.91332    71.52102    72.27654    -0.75551
   0.25781  -3.05097   1.24737    85.14488    85.95493    -0.81005
   1.04551  -0.29186  -2.41133    67.26965    66.46220     0.80744
   0.00419  -0.29186  -2.41133    76.02654    76.83842    -0.81188
  -0.51647  -1.19367  -2.41133    80.21642    80.63382    -0.41740
   0.00419  -2.09548  -2.41133    76.06545    76.87420    -0.80876
   1.04551  -2.09548  -2.41133    70.25032    70.64566    -0.39534
   0.52485  -1.19367  -2.64900    69.75458    70.38333    -0.62875
   1.91599  -1.18660   2.14786    63.94510    63.18033     0.76477
   1.39533  -2.08841   1.91018    68.32763    69.00383    -0.67620
   2.43665  -2.08841   1.91018    63.31759    63.91914    -0.60155
   1.64895  -3.04390   1.24423    70.92865    71.77785    -0.84920
   3.49451  -2.20106   1.24423    65.96631    66.45291    -0.48660
   3.79238  -1.18660  -1.74852    67.69949    67.64011     0.05938
   2.95731  -1.18660  -2.41447    62.66247    63.12926    -0.46679
   2.43665  -0.28479  -2.41447    61.90946    61.40720     0.50226
   1.39533  -0.28479  -2.41447    65.23652    64.14091     1.09560
   1.39533  -2.08841  -2.41447    68.58051    69.03301    -0.45250
   2.43665  -2.08841  -2.41447    65.35574    66.34275    -0.98700
   1.91599  -1.18660  -2.65214    62.96493    63.35530    -0.39037
   2.61090   0.00003   2.40005    61.59947    61.06554     0.53393
   3.65222   0.00003   2.16238    62.39139    62.70188    -0.31049
   2.09024  -0.90178   2.16238    63.33830    62.16463     1.17367
   3.13156  -0.90178   2.16238    61.65532    61.59486     0.06046
   3.65222   0.00003  -2.16227    62.39013    62.70070    -0.31057
   3.13156   0.90184  -2.16227    61.65469    61.59410     0.06059
   2.09024   0.90184  -2.16227    63.33767    62.16420     1.17347
   2.61090   0.00003  -2.39995    61.59884    61.06494     0.53390
   1.91593   1.18664   2.65216    62.96493    63.35522    -0.39029
   2.95725   1.18664   2.41449    62.66247    63.12982    -0.46735
   2.43659   2.08845   2.41449    65.35511    66.34257    -0.98746
   1.39527   2.08845   2.41449    68.57989    69.03197    -0.45208
   1.39527   0.28483   2.41449    65.23714    64.14109     1.09605
   2.43659   0.28483   2.41449    61.91009    61.40790     0.50219
   3.79233   1.18664   1.74854    67.70137    67.64175     0.05963
   3.49446   2.20110  -1.24421    65.96568    66.45240    -0.48672
   1.64889   3.04394  -1.24421    70.92991    71.77864    -0.84873
   2.43659   2.08845  -1.91016    63.31696    63.91904    -0.60208
   1.39527   2.08845  -1.91016    68.32825    69.00424    -0.67598
   1.91593   1.18664  -2.14783    63.94510    63.18013     0.76497
   0.52479   1.19366   2.64893    69.75458    70.38294    -0.62836
   1.04546   2.09547   2.41125    70.24969    70.64509    -0.39541
   0.00413   2.09547   2.41125    76.06419    76.87304    -0.80885
  -0.51653   1.19366   2.41125    80.21642    80.63332    -0.41690
   0.00413   0.29185   2.41125    76.02717    76.83875    -0.81158
   1.04546   0.29185   2.41125    67.27027    66.46238     0.80790
   0.25775   3.05095  -1.24745    85.14551    85.95553    -0.81002
   1.04546   2.09547  -1.91340    71.52102    72.27645    -0.75543
   0.00413   2.09547  -1.91340    88.58363    88.95833    -0.37469
   0.52479   1.19366  -2.15107    75.39903    75.63039    -0.23136
  -4.27777  -1.14077   2.06228    94.27828    95.16736    -0.88907
  -4.66298  -0.16342   1.35951   102.52752   102.26074     0.26678
  -4.98054  -1.14077   1.35951    96.28631    96.25458     0.03173
  -4.66298  -2.11812   1.35951    94.36613    94.28353     0.08260
  -3.83159  -2.72216   1.35951    98.11550    97.43137     0.68413
  -4.98054  -0.18077   0.39951   108.96702   107.85404     1.11298
  -5.23777  -1.14077   0.39951    98.73172    98.18285     0.54887
  -4.98054  -2.10077   0.39951    94.63659    94.43120     0.20539
  -4.27777  -2.80354   0.39951    94.33601    94.34322    -0.00721
  -4.98054  -1.14077  -0.56049   100.76234   100.15304     0.60930
  -4.66298  -2.11812  -0.56049    94.69746    94.87972    -0.18226
  -3.83159  -2.72216  -0.56049    92.98310    94.10863    -1.12553
  -4.27777  -1.14077  -1.26326   101.39738   100.90592     0.49146
  -3.79777  -1.97216  -1.26326    94.12391    95.19517    -1.07125
  -1.81523  -1.78534   2.87736    90.35321    90.38884    -0.03563
  -0.85522  -1.78534   2.62013    91.47143    90.98181     0.48962
  -2.29522  -2.61672   2.62013    91.83853    91.07790     0.76063
  -1.33523  -2.61672   2.62013    91.48587    90.49516     0.99070
  -2.32905  -3.36672   1.91736    93.25042    91.95978     1.29064
  -1.30140  -3.36672   1.91736    93.13622    91.88488     1.25133
  -0.47002  -2.76269   1.91736    93.92311    93.34195     0.58117
  -2.77523  -3.44810   0.95736    96.01899    95.11369     0.90530
  -1.81523  -3.70534   0.95736    94.32535    93.50548     0.81987
  -0.85522  -3.44810   0.95736    97.23197    96.73335     0.49862
  -0.52273  -3.69059   0.47189    89.63659    89.41517     0.22143
   0.50491  -3.69059   0.47189    80.97194    80.84078     0.13116
  -0.96891  -3.77197  -0.48811    86.60196    86.14387     0.45808
  -0.00891  -4.02920  -0.48811    79.93091    79.07436     0.85655
   0.95109  -3.77197  -0.48811    79.29524    78.15240     1.14283
  -1.35412  -3.08655  -1.44811    85.41910    85.69162    -0.27251
  -0.52273  -3.69059  -1.44811    79.33289    78.65675     0.67614
   0.50491  -3.69059  -1.44811    76.74253    75.80101     0.94152
  -0.96891  -2.10920  -2.15088    83.44810    83.83058    -0.38249
  -0.48891  -2.94059  -2.15088    77.98688    78.04180    -0.05492
   0.47109  -2.94059  -2.15088    75.09092    74.98546     0.10546
  -0.00891  -2.10920  -2.40811    76.16397    76.96734    -0.80337
   2.93794  -2.93457   1.20150    65.94435    66.96193    -1.01759
   4.12071  -2.10318   0.49873    69.46781    69.14890     0.31891
   1.94411  -3.68457   0.49873    71.63774    71.80933    -0.17160
   2.97176  -3.68457   0.49873    66.31458    66.38857    -0.07400
   3.80315  -3.08053   0.49873    65.32562    65.30167     0.02395
   4.37794  -2.10318  -0.46127    69.30529    68.64064     0.66464
   1.49794  -3.76595  -0.46127    76.57310    75.64823     0.92487
   2.45794  -4.02318  -0.46127    68.57800    67.97074     0.60726
   3.41794  -3.76595  -0.46127    65.39088    64.69298     0.69790
   4.12071  -3.06318  -0.46127    65.24342    64.63244     0.61098
   4.12071  -2.10318  -1.42127    66.81094    66.57611     0.23482
   1.94411  -3.68457  -1.42127    71.10436    70.50068     0.60367
   2.97176  -3.68457  -1.42127    66.10938    65.49539     0.61399
   3.80315  -3.08053  -1.42127    64.74580    64.25049     0.49531
   3.41794  -2.10318  -2.12404    64.90331    65.44906    -0.54575
   1.97794  -2.93457  -2.12404    69.27266    69.52118    -0.24853
   2.93794  -2.93457  -2.12404    65.33629    65.54320    -0.20691
   4.65655   0.00004   1.66289    63.54726    63.98661    -0.43935
   4.17655   0.83143   1.66289    66.77768    66.95854    -0.18086
   4.17655  -0.83134   1.66289    64.36930    65.03316    -0.66386
   5.35932   0.00004   0.96012    62.99693    62.61254     0.38439
   5.04176   0.97739   0.96012    65.03885    64.68287     0.35598
   4.21037  -1.58135   0.96012    68.09106    68.09513    -0.00408
   5.04176  -0.97731   0.96012    63.90557    63.80779     0.09778
   5.61655   0.00004   0.00012    62.87959    62.11038     0.76921
   5.35932   0.96004   0.00012    64.04738    63.43493     0.61246
   4.65655   1.66281   0.00012    68.83089    68.26867     0.56222
   4.65655  -1.66273   0.00012    68.83152    68.26896     0.56255
   5.35932  -0.95996   0.00012    64.04738    63.43506     0.61232
   5.35932   0.00004  -0.95988    62.99693    62.61274     0.38420
   5.04176   0.97739  -0.95988    63.90494    63.80792     0.09702
   4.21037   1.58143  -0.95988    68.09106    68.09557    -0.00452
   5.04176  -0.97731  -0.95988    65.03948    64.68336     0.35612
   4.65655   0.00004  -1.66265    63.54726    63.98691    -0.43965
   4.17655   0.83143  -1.66265    64.36930    65.03337    -0.66407
   4.17655  -0.83134  -1.66265    66.77831    66.95927    -0.18097
   3.41784   2.10326   2.12404    64.90394    65.44980    -0.54586
   2.93784   2.93464   2.12404    65.33629    65.54344    -0.20715
   1.97784   2.93464   2.12404    69.27203    69.52086    -0.24883
   4.12061   2.10326   1.42128    66.81156    66.57724     0.23432
   3.80304   3.08061   1.42128    64.74580    64.25097     0.49483
   2.97166   3.68464   1.42128    66.10938    65.49555     0.61383
   1.94401   3.68464   1.42128    71.10373    70.50039     0.60334
   4.37784   2.10326   0.46128    69.30654    68.64155     0.66499
   4.12061   3.06326   0.46128    65.24405    64.63285     0.61119
   3.41784   3.76602   0.46128    65.39151    64.69321     0.69830
   2.45784   4.02326   0.46128    68.57800    67.97085     0.60716
   1.49784   3.76602   0.46128    76.57310    75.64805     0.92505
   4.12061   2.10326  -0.49872    69.46718    69.14875     0.31843
   3.80304   3.08061  -0.49872    65.32625    65.30181     0.02444
   2.97166   3.68464  -0.49872    66.31520    66.38879    -0.07359
   1.94401   3.68464  -0.49872    71.63837    71.80971    -0.17134
   2.93784   2.93464  -1.20149    65.94497    66.96203    -1.01706
  -0.00901   2.10920   2.40789    76.16522    76.96850    -0.80328
   0.47099   2.94059   2.15066    75.09218    74.98676     0.10542
  -0.48901   2.94059   2.15066    77.98814    78.04340    -0.05526
  -0.96901   2.10920   2.15066    83.44935    83.83241    -0.38306
   0.50481   3.69059   1.44789    76.74378    75.80236     0.94142
  -0.52283   3.69059   1.44789    79.33477    78.65846     0.67632
  -1.35422   3.08655   1.44789    85.42099    85.69438    -0.27339
   0.95099   3.77197   0.48789    79.29649    78.15340     1.14309
  -0.00901   4.02920   0.48789    79.93216    79.07555     0.85661
  -0.96901   3.77197   0.48789    86.60447    86.14622     0.45824
   0.50481   3.69059  -0.47211    80.97320    80.84115     0.13205
  -0.52283   3.69059  -0.47211    89.63848    89.41635     0.22213
  -2.30999  -1.05531   3.16206    81.09494    81.86692    -0.77199
  -1.27675  -1.05531   2.95653    84.55377    84.71460    -0.16083
  -1.79337  -0.16050   2.95653    81.67726    81.80528    -0.12802
  -2.82661  -0.16050   2.95653    80.53833    81.26307    -0.72474
  -3.34324  -1.05531   2.95653    81.40743    82.41553    -1.00809
  -2.82661  -1.95013   2.95653    84.23499    84.54102    -0.30603
  -3.56024   0.38756   2.37125    86.92262    87.01735    -0.09473
  -4.14184  -0.51743   2.37125    87.37191    88.21732    -0.84541
  -4.14184  -1.59319   2.37125    87.22257    87.80820    -0.58564
  -3.56024  -2.49818   2.37125    86.95587    86.74409     0.21179
  -3.86527  -3.00557   1.49530    89.40881    88.88848     0.52033
  -3.34324  -3.54979   0.46206    87.11652    86.99544     0.12107
  -3.86527  -3.00557  -0.57119    86.60133    87.42668    -0.82534
  -2.86506  -3.48725  -0.57119    83.36589    84.30555    -0.93966
  -1.75492  -3.48725  -0.57119    88.34706    89.03736    -0.69029
  -3.56024  -2.49818  -1.44713    84.08376    85.24503    -1.16127
  -2.58170  -2.94507  -1.44713    81.20600    82.61217    -1.40616
  -3.34324  -1.05531  -2.03242    90.31242    89.61544     0.69698
  -2.82661  -1.95013  -2.03242    83.12556    83.57401    -0.44845
  -1.79337  -1.95013  -2.03242    85.25532    85.26285    -0.00752
  -1.12874   0.89480   2.49444    83.99026    83.22053     0.76973
  -2.16198   0.89480   2.49444    85.48750    84.28034     1.20717
  -2.16198  -0.89484  -2.49451    85.48687    84.27884     1.20804
  -1.12874  -0.89484  -2.49451    83.99089    83.22062     0.77027
  -1.79343   1.95010   2.03248    85.25344    85.26196    -0.00852
  -2.82668   1.95010   2.03248    83.12681    83.57577    -0.44896
  -3.34330   1.05528   2.03248    90.31493    89.61837     0.69656
  -2.58176   2.94504   1.44720    81.20789    82.61399    -1.40610
  -3.56031   2.49815   1.44720    84.08753    85.24847    -1.16094
  -1.75498   3.48721   0.57125    88.34895    89.03901    -0.69006
  -2.86513   3.48721   0.57125    83.36903    84.30824    -0.93921
  -3.86533   3.00554   0.57125    86.60510    87.42997    -0.82488
  -3.34330   3.54976  -0.46199    87.11903    86.99825     0.12078
  -3.86533   3.00554  -1.49524    89.40944    88.88952     0.51991
  -3.56031   2.49815  -2.37118    86.95650    86.74467     0.21183
  -4.14191   1.59316  -2.37118    87.22006    87.80591    -0.58585
  -4.14191   0.51740  -2.37118    87.36878    88.21386    -0.84509
  -3.56031  -0.38759  -2.37118    86.92011    87.01452    -0.09442
  -1.27681   1.05528  -2.95647    84.55565    84.71621    -0.16056
  -2.82668   1.95010  -2.95647    84.23625    84.54222    -0.30597
  -3.34330   1.05528  -2.95647    81.40618    82.41460    -1.00842
  -2.82668   0.16046  -2.95647    80.53833    81.26250    -0.72416
  -1.79343   0.16046  -2.95647    81.67915    81.80643    -0.12729
  -2.31005   1.05528  -3.16199    81.09619    81.86776    -0.77157
  -1.55504   3.92960  -0.95734    87.65366    87.07431     0.57936
  -2.58134   3.80498  -0.95734    87.82811    87.23040     0.59772
  -0.24173   2.79668  -2.03734    86.87367    86.69732     0.17635
  -1.03831   3.48692  -2.03734    86.04097    85.21856     0.82241
  -2.08161   3.63692  -2.03734    85.64814    84.68262     0.96552
  -3.04039   3.19906  -2.03734    88.33388    87.48148     0.85240
  -0.73539   1.78535  -2.82795    84.84619    84.57677     0.26942
  -1.27539   2.72065  -2.82795    84.41383    83.72705     0.68678
  -2.35539   2.72065  -2.82795    84.95726    84.42139     0.53587
  -1.81539   1.78535  -3.11734    84.09067    84.15717    -0.06651
  -4.39782   1.14074   1.47134    94.51297    94.16806     0.34491
  -4.54281   2.55446   0.68072    86.72244    87.12338    -0.40094
  -5.11266   1.66775   0.68072    89.85748    89.67195     0.18553
  -5.11266   0.61373   0.68072    98.60747    97.86440     0.74307
  -4.08377   3.16038  -0.39928    88.19583    88.20886    -0.01303
  -4.93460   2.57309  -0.39928    86.67036    86.61362     0.05674
  -5.41505   1.65766  -0.39928    88.68090    88.40053     0.28037
  -5.41505   0.62382  -0.39928    94.68616    94.09916     0.58700
  -4.54281   2.55446  -1.47928    87.58401    87.43578     0.14823
  -5.11266   1.66775  -1.47928    87.47922    87.46388     0.01534
  -5.11266   0.61373  -1.47928    91.26812    91.18972     0.07840
  -4.54281  -0.27298  -1.47928    99.01535    98.55442     0.46093
  -4.39782   1.14074  -2.26989    87.66998    88.33481    -0.66483
  -0.17843  -0.00002   2.69993    75.96002    76.44441    -0.48439
   0.33819  -0.89483   2.49441    74.66422    74.90407    -0.23985
   0.33819   0.89480  -2.49454    74.66171    74.90265    -0.24095
  -0.17843  -0.00002  -2.70007    75.95877    76.44352    -0.48475
   0.52485  -1.19367   2.45100    73.44559    73.61350    -0.16790
   0.00823  -2.08849   2.24547    83.72106    83.91011    -0.18905
   1.04148  -2.08849   2.24547    69.67803    70.20468    -0.52665
   0.25315  -3.08343   1.66018    80.73349    81.21325    -0.47976
   1.07993  -3.62560   0.78424    74.83929    74.97276    -0.13346
   1.04148  -0.29886  -2.74348    65.81759    65.59674     0.22085
   0.00823  -0.29886  -2.74348    73.28746    73.80014    -0.51268
  -0.50839  -1.19367  -2.74348    75.77177    76.12684    -0.35507
   0.00823  -2.08849  -2.74348    71.58691    72.18756    -0.60065
   1.04148  -2.08849  -2.74348    66.82851    67.30981    -0.48130
   0.52485  -1.19367  -2.94900    67.46417    67.97780    -0.51363
   1.91599  -1.18660   2.44786    62.87457    62.45004     0.42453
   1.39937  -2.08142   2.24233    66.68292    67.16893    -0.48601
   2.43261  -2.08142   2.24233    61.39678    61.83578    -0.43900
   1.64428  -3.07636   1.65705    67.40456    68.15740    -0.75284
   2.70909  -2.92326   1.65705    62.73526    63.56942    -0.83416
   3.52210  -2.21879   1.65705    61.74756    62.22026    -0.47270
   1.36092  -3.61853   0.78110    73.03771    73.22668    -0.18897
   3.82518  -1.18660  -2.16133    62.52818    62.78135    -0.25317
   2.94923  -1.18660  -2.74662    59.99618    60.41688    -0.42070
   2.43261  -0.29179  -2.74662    60.31496    60.16065     0.15431
   1.39937  -0.29179  -2.74662    63.88988    63.49467     0.39521
   1.39937  -2.08142  -2.74662    65.31997    65.82435    -0.50438
   2.43261  -2.08142  -2.74662    61.93895    62.63016    -0.69121
   1.91599  -1.18660  -2.95214    61.27128    61.63574    -0.36446
   2.61090   0.00003   2.70005    60.01815    59.79330     0.22484
   3.64415   0.00003   2.49453    59.37934    59.62548    -0.24614
   2.09428  -0.89479   2.49453    62.04939    61.43895     0.61045
   3.12753  -0.89479   2.49453    59.41134    59.44428    -0.03294
   4.21701   1.03221   1.90924    63.16824    63.34659    -0.17834
   4.21701  -1.03215   1.90924    60.71907    61.18479    -0.46571
   4.16618  -1.95023   1.03330    65.10662    65.18624    -0.07962
   4.16618   1.95029  -1.03319    65.10599    65.18579    -0.07979
   4.21701   1.03221  -1.90913    60.71845    61.18384    -0.46539
   4.21701  -1.03215  -1.90913    63.16762    63.34608    -0.17846
   3.64415   0.00003  -2.49442    59.37871    59.62477    -0.24605
   3.12753   0.89485  -2.49442    59.41072    59.44378    -0.03306
   2.09428   0.89485  -2.49442    62.04877    61.43874     0.61003
   2.61090   0.00003  -2.69995    60.01815    59.79300     0.22515
   1.91593   1.18664   2.95216    61.27128    61.63568    -0.36440
   2.94918   1.18664   2.74664    59.99681    60.41735    -0.42054
   2.43256   2.08146   2.74664    61.93833    62.63004    -0.69171
   1.39931   2.08146   2.74664    65.31935    65.82352    -0.50418
   1.39931   0.29183   2.74664    63.88988    63.49478     0.39510
   2.43256   0.29183   2.74664    60.31559    60.16123     0.15436
   3.82512   1.18664   2.16135    62.52944    62.78259    -0.25315
   1.36086   3.61858  -0.78108    73.03897    73.22738    -0.18841
   3.52205   2.21883  -1.65702    61.74693    62.21979    -0.47286
   2.70904   2.92330  -1.65702    62.73589    63.56958    -0.83369
   1.64423   3.07640  -1.65702    67.40519    68.15792    -0.75273
   2.43256   2.08146  -2.24231    61.39616    61.83567    -0.43951
   1.39931   2.08146  -2.24231    66.68292    67.16922    -0.48630
   1.91593   1.18664  -2.44783    62.87394    62.44991     0.42404
   0.52479   1.19366   2.94893    67.46417    67.97773    -0.51355
   1.04142   2.08847   2.74340    66.82851    67.30961    -0.48111
   0.00817   2.08847   2.74340    71.58628    72.18704    -0.60076
  -0.50845   1.19366   2.74340    75.77177    76.12674    -0.35497
   0.00817   0.29884   2.74340    73.28872    73.80058    -0.51187
   1.04142   0.29884   2.74340    65.81822    65.59709     0.22112
   1.07987   3.62559  -0.78432    74.83992    74.97342    -0.13350
   0.25309   3.08341  -1.66026    80.73412    81.21335    -0.47924
   1.04142   2.08847  -2.24555    69.67740    70.20444    -0.52704
   0.00817   2.08847  -2.24555    83.71981    83.90910    -0.18929
   0.52479   1.19366  -2.45107    73.44497    73.61325    -0.16829
  -4.39777  -1.14077   2.27012    87.66935    88.33411    -0.66476
  -4.54276   0.27294   1.47951    99.01661    98.55567     0.46094
  -5.11261  -0.61376   1.47951    91.26875    91.19003     0.07872
  -5.11261  -1.66779   1.47951    87.47859    87.46328     0.01531
  -4.54276  -2.55449   1.47951    87.58213    87.43407     0.14806
  -5.41500  -0.62385   0.39951    94.68679    94.09974     0.58705
  -5.41500  -1.65769   0.39951    88.68027    88.40020     0.28007
  -4.93455  -2.57312   0.39951    86.66973    86.61255     0.05718
  -4.08372  -3.16041   0.39951    88.19332    88.20693    -0.01361
  -5.11261  -0.61376  -0.68049    98.60810    97.86496     0.74314
  -5.11261  -1.66779  -0.68049    89.85685    89.67156     0.18529
  -4.54276  -2.55449  -0.68049    86.72119    87.12235    -0.40116
  -4.39777  -1.14077  -1.47111    94.51297    94.16768     0.34530
  -1.81523  -1.78534   3.11736    84.09004    84.15637    -0.06633
  -0.73523  -1.78534   2.82797    84.84430    84.57507     0.26924
  -2.35523  -2.72064   2.82797    84.95663    84.42089     0.53574
  -1.27522  -2.72064   2.82797    84.41258    83.72573     0.68685
  -3.04022  -3.19905   2.03736    88.33451    87.48144     0.85307
  -2.08144  -3.63691   2.03736    85.64752    84.68151     0.96601
  -1.03814  -3.48691   2.03736    86.03971    85.21689     0.82282
  -0.24156  -2.79667   2.03736    86.87116    86.69506     0.17610
  -2.58117  -3.80497   0.95736    87.82686    87.22909     0.59777
  -1.55487  -3.92959   0.95736    87.65178    87.07272     0.57906
  -0.27513  -3.96078   0.59189    81.76512    81.60599     0.15913
   0.76817  -3.81077   0.59189    76.31771    76.25899     0.05871
  -1.62569  -3.54155  -0.48811    88.94759    89.41823    -0.47064
  -0.77486  -4.12884  -0.48811    79.39438    78.98013     0.41426
   0.25145  -4.25345  -0.48811    74.63410    74.00061     0.63349
   1.21811  -3.88685  -0.48811    75.77052    74.89388     0.87664
  -1.23390  -3.52292  -1.56811    78.70789    78.73275    -0.02486
  -0.27513  -3.96078  -1.56811    73.66020    73.14742     0.51278
   0.76817  -3.81077  -1.56811    72.56081    71.86966     0.69114
  -1.08891  -2.10920  -2.35872    80.09092    80.36163    -0.27071
  -0.54891  -3.04451  -2.35872    73.96329    74.07589    -0.11260
   0.53109  -3.04451  -2.35872    71.17464    71.16618     0.00846
   2.99794  -3.03849   1.40935    63.06596    63.86092    -0.79496
   4.32855  -2.10318   0.61873    66.06985    65.91408     0.15577
   2.19172  -3.95476   0.61873    66.53169    66.69574    -0.16404
   3.23502  -3.80475   0.61873    62.24894    62.32864    -0.07969
   4.03160  -3.11451   0.61873    61.80404    61.82062    -0.01658
   4.61794  -2.10318  -0.46127    65.67514    65.20031     0.47483
   1.69199  -4.12282  -0.46127    70.11101    69.56799     0.54302
   2.71830  -4.24743  -0.46127    63.73488    63.29814     0.43674
   3.68496  -3.88083  -0.46127    61.18155    60.71526     0.46629
   4.37052  -3.10699  -0.46127    61.44071    61.02958     0.41113
   4.32855  -2.10318  -1.54127    63.23099    63.08821     0.14278
   2.19172  -3.95476  -1.54127    65.68769    65.26686     0.42083
   3.23502  -3.80475  -1.54127    61.71619    61.30281     0.41338
   4.03160  -3.11451  -1.54127    60.88850    60.58311     0.30539
   3.53794  -2.10318  -2.33189    61.69799    62.13089    -0.43290
   1.91794  -3.03849  -2.33189    66.28446    66.49052    -0.20606
   2.99794  -3.03849  -2.33189    61.86742    62.05466    -0.18725
   4.77655   0.00004   1.87074    60.14365    60.48662    -0.34297
   5.56716   0.00004   1.08012    59.07437    58.83558     0.23879
   5.27021   1.01137   1.08012    60.89164    60.64862     0.24302
   4.47363  -1.70153   1.08012    63.74179    63.84091    -0.09912
   5.27021  -1.01129   1.08012    59.95477    59.89168     0.06309
   5.85655   0.00004   0.00012    58.77756    58.26067     0.51689
   5.60913   1.00384   0.00012    59.87507    59.44454     0.43053
   4.92357   1.77769   0.00012    64.07060    63.69397     0.37663
   4.92357  -1.77760   0.00012    64.07060    63.69427     0.37634
   5.60913  -1.00376   0.00012    59.87507    59.44467     0.43040
   5.56716   0.00004  -1.07988    59.07500    58.83580     0.23920
   5.27021   1.01137  -1.07988    59.95477    59.89182     0.06295
   4.47363   1.70161  -1.07988    63.74179    63.84126    -0.09947
   5.27021  -1.01129  -1.07988    60.89164    60.64911     0.24253
   4.77655   0.00004  -1.87049    60.14365    60.48698    -0.34333
   3.53784   2.10326   2.33189    61.69862    62.13163    -0.43301
   2.99784   3.03856   2.33189    61.86742    62.05488    -0.18747
   1.91784   3.03856   2.33189    66.28383    66.49016    -0.20633
   4.32845   2.10326   1.54127    63.23225    63.08936     0.14289
   4.03150   3.11459   1.54127    60.88913    60.58360     0.30553
   3.23492   3.80483   1.54127    61.71681    61.30299     0.41382
   2.19162   3.95483   1.54127    65.68707    65.26669     0.42038
   4.61784   2.10326   0.46128    65.67577    65.20125     0.47452
   4.37042   3.10706   0.46128    61.44071    61.03001     0.41071
   3.68486   3.88090   0.46128    61.18155    60.71550     0.46605
   2.71819   4.24751   0.46128    63.73488    63.29825     0.43664
   1.69189   4.12289   0.46128    70.11101    69.56788     0.54313
   4.32845   2.10326  -0.61872    66.06922    65.91394     0.15528
   4.03150   3.11459  -0.61872    61.80404    61.82072    -0.01668
   3.23492   3.80483  -0.61872    62.24957    62.32880    -0.07923
   2.19162   3.95483  -0.61872    66.53232    66.69597    -0.16365
   2.99784   3.03856  -1.40934    63.06596    63.86098    -0.79502
   0.53099   3.04451   2.35851    71.17589    71.16759     0.00830
  -0.54901   3.04451   2.35851    73.96454    74.07756    -0.11302
  -1.08901   2.10920   2.35851    80.09218    80.36364    -0.27146
   0.76807   3.81077   1.56789    72.56206    71.87112     0.69094
  -0.27523   3.96078   1.56789    73.66146    73.14895     0.51251
  -1.23400   3.52292   1.56789    78.71040    78.73511    -0.02471
   1.21801   3.88685   0.48789    75.77177    74.89496     0.87682
   0.25135   4.25345   0.48789    74.63535    74.00165     0.63370
  -0.77495   4.12884   0.48789    79.39627    78.98188     0.41439
  -1.62579   3.54155   0.48789    88.95198    89.42213    -0.47015
   0.76807   3.81077  -0.59211    76.31833    76.25918     0.05916
  -0.27523   3.96078  -0.59211    81.76637    81.60668     0.15969
  -2.30999  -1.05531   3.46206    76.15581    76.64576    -0.48995
  -1.28393  -1.05531   3.28114    78.47257    78.62104    -0.14847
  -1.79696  -0.16672   3.28114    76.85234    77.01166    -0.15932
  -2.82302  -0.16672   3.28114    76.01713    76.50920    -0.49207
  -3.33605  -1.05531   3.28114    76.19409    76.86065    -0.66656
  -2.82302  -1.94391   3.28114    77.87707    78.11942    -0.24235
  -2.58443   0.85342   2.76019    80.76800    80.31485     0.45315
  -3.57280   0.40205   2.76019    80.17250    80.37562    -0.20313
  -4.16024  -0.51203   2.76019    79.88886    80.49520    -0.60633
  -4.16024  -1.59860   2.76019    79.47784    79.92557    -0.44772
  -3.57280  -2.51267   2.76019    79.59142    79.53142     0.06000
  -4.41188   0.47180   1.96206    89.03858    88.88722     0.15136
  -3.60903  -3.30531   1.96206    81.55804    81.06869     0.48934
  -4.09043  -3.41299   0.98300    82.02804    81.79445     0.23359
  -3.11851  -3.89695   0.98300    81.68981    81.28641     0.40340
  -4.09043  -3.41299  -0.05889    81.05979    81.31088    -0.25109
  -3.11851  -3.89695  -0.05889    79.40129    79.64953    -0.24825
  -2.03739  -3.99713  -0.05889    82.46604    82.61992    -0.15388
  -3.60903  -3.30531  -1.03794    78.19710    78.98617    -0.78907
  -2.58156  -3.63916  -1.03794    77.86640    78.66985    -0.80346
  -4.16024  -1.59860  -1.83608    85.11037    85.19483    -0.08446
  -3.57280  -2.51267  -1.83608    78.68279    79.41258    -0.72980
  -2.58443  -2.96405  -1.83608    76.97471    77.87017    -0.89546
  -3.33605  -1.05531  -2.35702    84.44521    84.08152     0.36369
  -2.82302  -1.94391  -2.35702    79.08502    79.25966    -0.17463
  -1.79696  -1.94391  -2.35702    80.83326    80.76137     0.07189
  -1.13233   0.88858   2.81904    78.83088    78.48641     0.34447
  -2.15839   0.88858   2.81904    80.23274    79.63898     0.59376
  -2.15839  -0.88861  -2.81911    80.23148    79.63747     0.59401
  -1.13233  -0.88861  -2.81911    78.83088    78.48618     0.34471
  -1.79702   1.94388   2.35709    80.83201    80.76061     0.07140
  -2.82308   1.94388   2.35709    79.08565    79.26087    -0.17522
  -3.33611   1.05528   2.35709    84.44646    84.08358     0.36289
  -2.58449   2.96402   1.83614    76.97596    77.87143    -0.89547
  -3.57286   2.51264   1.83614    78.68530    79.41509    -0.72979
  -4.16030   1.59856   1.83614    85.11351    85.19801    -0.08451
  -2.58163   3.63913   1.03801    77.86828    78.67164    -0.80335
  -3.60909   3.30528   1.03801    78.19961    78.98868    -0.78907
  -2.03745   3.99710   0.05895    82.46793    82.62209    -0.15416
  -3.11857   3.89692   0.05895    79.40380    79.65191    -0.24811
  -4.09049   3.41296   0.05895    81.06230    81.31306    -0.25076
  -3.11857   3.89692  -0.98294    81.69232    81.28889     0.40344
  -4.09049   3.41296  -0.98294    82.02930    81.79586     0.23344
  -3.60909   3.30528  -1.96199    81.55929    81.07016     0.48914
  -4.41194  -0.47183  -1.96199    89.03419    88.88315     0.15103
  -3.57286   2.51264  -2.76012    79.59142    79.53194     0.05948
  -4.16030   1.59856  -2.76012    79.47659    79.92414    -0.44756
  -4.16030   0.51200  -2.76012    79.88698    80.49284    -0.60586
  -3.57286  -0.40208  -2.76012    80.17061    80.37361    -0.20300
  -2.58449  -0.85345  -2.76012    80.76800    80.31444     0.45357
  -1.28399   1.05528  -3.28107    78.47446    78.62238    -0.14793
  -2.82308   1.94388  -3.28107    77.87769    78.12032    -0.24262
  -3.33611   1.05528  -3.28107    76.19346    76.86010    -0.66665
  -2.82308   0.16669  -3.28107    76.01713    76.50885    -0.49172
  -1.79702   0.16669  -3.28107    76.85360    77.01256    -0.15896
  -2.31005   1.05528  -3.46199    76.15644    76.64643    -0.49000
  -1.29473   4.06651  -0.42329    83.97207    83.72318     0.24888
  -2.33605   4.06651  -0.42329    82.34431    82.20701     0.13729
  -0.35654   3.61470  -1.49139    83.11803    82.96941     0.14862
  -1.29473   4.06651  -1.49139    80.98889    80.41957     0.56931
  -2.33605   4.06651  -1.49139    80.68705    80.05441     0.63265
  -0.23687   2.79980  -2.45371    80.27164    80.06889     0.20275
  -1.03591   3.49218  -2.45371    79.48286    78.86671     0.61615
  -2.08243   3.64264  -2.45371    79.31532    78.60139     0.71393
  -3.04417   3.20343  -2.45371    81.48336    80.91990     0.56346
  -0.77407   1.78535  -3.11966    79.27014    79.11992     0.15022
  -1.29473   2.68716  -3.11966    78.55352    78.11235     0.44117
  -2.33605   2.68716  -3.11966    79.09569    78.77110     0.32459
  -1.81539   1.78535  -3.35734    78.88359    78.95445    -0.07086
  -4.35914   1.14074   1.76305    88.84217    88.61553     0.22664
  -4.54660   2.55883   1.09710    81.37292    81.77583    -0.40291
  -5.11821   1.66938   1.09710    84.30716    84.21002     0.09714
  -5.11821   0.61210   1.09710    92.48988    91.97733     0.51255
  -4.77668   2.97009   0.13477    80.62619    80.77175    -0.14556
  -5.42593   2.15595   0.13477    81.59632    81.49537     0.10095
  -5.65765   1.14074   0.13477    85.62995    85.25785     0.37210
  -5.42593   0.12553   0.13477    95.04510    94.33285     0.71225
  -4.77668   2.97009  -0.93333    81.05854    80.95480     0.10374
  -5.42593   2.15595  -0.93333    80.97132    80.85327     0.11805
  -5.65765   1.14074  -0.93333    83.75118    83.51831     0.23288
  -5.42593   0.12553  -0.93333    90.25532    89.80712     0.44820
  -4.54660   2.55883  -1.89565    81.91446    81.83470     0.07976
  -5.11821   1.66938  -1.89565    81.34782    81.43339    -0.08557
  -5.11821   0.61210  -1.89565    84.22558    84.31518    -0.08960
  -0.17843  -0.00002   2.99993    72.97998    73.26901    -0.28902
   0.33460  -0.88861   2.81901    72.03182    72.16277    -0.13095
   0.33460   0.88858  -2.81915    72.02993    72.16137    -0.13143
  -0.17843  -0.00002  -3.00007    72.97873    73.26799    -0.28926
   0.52485  -1.19367   2.75100    71.16460    71.25805    -0.09346
   0.01182  -2.08227   2.57007    79.05804    79.13021    -0.07217
   1.03788  -2.08227   2.57007    67.64050    67.96165    -0.32115
   0.25042  -3.10241   2.04913    76.63585    76.87078    -0.23493
   0.25328  -3.77752   1.25100    76.56620    76.73218    -0.16598
  -1.32540  -1.73695  -2.54714    79.52930    79.40596     0.12334
   1.03788  -0.30508  -3.06808    64.14214    64.11690     0.02524
   0.01182  -0.30508  -3.06808    70.43480    70.74981    -0.31501
  -0.50121  -1.19367  -3.06808    71.89690    72.16216    -0.26526
   0.01182  -2.08227  -3.06808    67.89967    68.32415    -0.42448
   1.03788  -2.08227  -3.06808    63.89804    64.30490    -0.40686
   0.52485  -1.19367  -3.24900    65.14364    65.52392    -0.38027
   1.91599  -1.18660   2.74786    61.57500    61.32773     0.24727
   1.40296  -2.07520   2.56693    64.89138    65.19607    -0.30468
   2.42902  -2.07520   2.56693    59.62846    59.92517    -0.29671
   1.64155  -3.09534   2.04599    64.61403    65.17340    -0.55937
   2.71706  -2.94070   2.04599    59.83240    60.39867    -0.56627
   3.53823  -2.22915   2.04599    58.64704    59.02335    -0.37631
   1.64442  -3.77045   1.24786    66.65657    67.02970    -0.37313
   4.28945  -2.24333   1.24786    60.68833    60.84809    -0.15977
   3.84435  -1.18660  -2.55028    58.73614    59.00471    -0.26857
   1.64155  -3.09534  -2.55028    64.54186    64.67514    -0.13328
   2.94205  -1.18660  -3.07122    57.68569    58.00899    -0.32330
   2.42902  -0.29801  -3.07122    58.66963    58.63911     0.03052
   1.40296  -0.29801  -3.07122    62.33679    62.21006     0.12673
   1.40296  -2.07520  -3.07122    62.51752    62.93329    -0.41578
   2.42902  -2.07520  -3.07122    59.15909    59.63427    -0.47519
   1.91599  -1.18660  -3.25214    59.49229    59.78307    -0.29078
   2.61090   0.00003   3.00005    58.43243    58.34108     0.09135
   3.63696   0.00003   2.81913    56.92892    57.11291    -0.18400
   2.09787  -0.88856   2.81913    60.59922    60.26495     0.33427
   3.12393  -0.88856   2.81913    57.43532    57.48304    -0.04772
   4.53927   0.00003   2.29819    57.55141    57.88247    -0.33106
   4.23314   1.04258   2.29819    59.15846    59.36977    -0.21131
   3.41197  -1.75407   2.29819    58.53346    58.82020    -0.28674
   4.23314  -1.04252   2.29819    57.24769    57.57039    -0.32269
   4.34936  -1.93072   1.50005    59.90645    60.11540    -0.20895
   4.34936   1.93078  -1.49995    59.90582    60.11497    -0.20914
   4.53927   0.00003  -2.29808    57.55078    57.88171    -0.33093
   4.23314   1.04258  -2.29808    57.24644    57.56974    -0.32330
   3.41197   1.75413  -2.29808    58.53346    58.81997    -0.28651
   4.23314  -1.04252  -2.29808    59.15846    59.36953    -0.21107
   3.63696   0.00003  -2.81902    56.92829    57.11250    -0.18421
   3.12393   0.88862  -2.81902    57.43532    57.48273    -0.04741
   2.09787   0.88862  -2.81902    60.59922    60.26492     0.33430
   2.61090   0.00003  -2.99995    58.43243    58.34099     0.09144
   1.91593   1.18664   3.25216    59.49229    59.78302    -0.29073
   2.94199   1.18664   3.07124    57.68569    58.00939    -0.32370
   2.42896   2.07524   3.07124    59.15846    59.63418    -0.47573
   1.40290   2.07524   3.07124    62.51689    62.93265    -0.41576
   1.40290   0.29805   3.07124    62.33679    62.21014     0.12665
   2.42896   0.29805   3.07124    58.66963    58.63959     0.03004
   3.84430   1.18664   2.55030    58.73677    59.00568    -0.26890
   1.64150   3.09538   2.55030    64.54061    64.67444    -0.13384
   4.28939   2.24338  -1.24783    60.68770    60.84768    -0.15998
   1.64436   3.77049  -1.24783    66.65782    67.03019    -0.37237
   3.53818   2.22919  -2.04597    58.64641    59.02294    -0.37653
   2.71700   2.94074  -2.04597    59.83240    60.39875    -0.56635
   1.64150   3.09538  -2.04597    64.61465    65.17376    -0.55910
   2.42896   2.07524  -2.56691    59.62846    59.92506    -0.29660
   1.40290   2.07524  -2.56691    64.89138    65.19629    -0.30490
   1.91593   1.18664  -2.74783    61.57500    61.32765     0.24734
   0.52479   1.19366   3.24893    65.14364    65.52407    -0.38043
   1.03782   2.08225   3.06801    63.89866    64.30496    -0.40630
   0.01176   2.08225   3.06801    67.89967    68.32403    -0.42436
  -0.50127   1.19366   3.06801    71.89753    72.16234    -0.26481
   0.01176   0.30506   3.06801    70.43543    70.75035    -0.31492
   1.03782   0.30506   3.06801    64.14277    64.11738     0.02539
  -1.32546   1.73694   2.54706    79.52930    79.40631     0.12299
   0.25322   3.77750  -1.25107    76.56745    76.73275    -0.16530
   0.25036   3.10239  -2.04920    76.63523    76.87061    -0.23539
   1.03782   2.08225  -2.57015    67.64050    67.96133    -0.32083
   0.01176   2.08225  -2.57015    79.05678    79.12932    -0.07253
   0.52479   1.19366  -2.75107    71.16397    71.25773    -0.09376
  -5.11816  -0.61213   1.89589    84.22558    84.31525    -0.08967
  -5.11816  -1.66941   1.89589    81.34657    81.43268    -0.08611
  -4.54655  -2.55886   1.89589    81.91258    81.83292     0.07966
  -5.42588  -0.12556   0.93356    90.25595    89.80805     0.44790
  -5.65760  -1.14077   0.93356    83.75118    83.51833     0.23285
  -5.42588  -2.15599   0.93356    80.97069    80.85261     0.11808
  -4.77663  -2.97012   0.93356    81.05728    80.95336     0.10392
  -5.42588  -0.12556  -0.13454    95.04698    94.33417     0.71281
  -5.65760  -1.14077  -0.13454    85.62995    85.25801     0.37193
  -5.42588  -2.15599  -0.13454    81.59569    81.49488     0.10081
  -4.77663  -2.97012  -0.13454    80.62493    80.77068    -0.14575
  -5.11816  -0.61213  -1.09687    92.49051    91.97788     0.51262
  -5.11816  -1.66941  -1.09687    84.30653    84.20977     0.09676
  -4.54655  -2.55886  -1.09687    81.37229    81.77509    -0.40279
  -4.35909  -1.14077  -1.76282    88.84217    88.61537     0.22679
  -1.81523  -1.78534   3.35736    78.88296    78.95385    -0.07089
  -0.77390  -1.78534   3.11968    79.26826    79.11854     0.14972
  -2.33589  -2.68715   3.11968    79.09569    78.77077     0.32492
  -1.29456  -2.68715   3.11968    78.55289    78.11129     0.44160
  -3.04400  -3.20342   2.45373    81.48399    80.92005     0.56394
  -2.08226  -3.64263   2.45373    79.31469    78.60056     0.71413
  -1.03574  -3.49217   2.45373    79.48161    78.86537     0.61624
  -0.23670  -2.79979   2.45373    80.26976    80.06712     0.20264
  -2.33589  -4.06650   1.49141    80.68580    80.05342     0.63237
  -1.29456  -4.06650   1.49141    80.98700    80.41818     0.56882
  -0.35637  -3.61469   1.49141    83.11552    82.96742     0.14810
  -2.33589  -4.06650   0.42331    82.34305    82.20573     0.13732
  -1.29456  -4.06650   0.42331    83.97081    83.72185     0.24897
  -0.27595  -3.96650   1.00827    79.74579    79.65189     0.09390
  -0.52957  -4.39037   0.04594    75.64753    75.34358     0.30394
   0.51175  -4.39037   0.04594    71.52981    71.17229     0.35752
  -1.46777  -3.93855  -1.02216    77.77855    77.87167    -0.09312
  -0.52957  -4.39037  -1.02216    71.87306    71.48961     0.38344
   0.51175  -4.39037  -1.02216    69.51425    68.95722     0.55703
  -1.23769  -3.52729  -1.98448    73.74680    73.84839    -0.10159
  -0.27595  -3.96650  -1.98448    69.37118    69.09849     0.27269
   0.77057  -3.81603  -1.98448    68.37720    67.98898     0.38822
  -1.05023  -2.10920  -2.65043    75.83013    76.06356    -0.23343
  -0.52957  -3.01101  -2.65043    70.32311    70.49376    -0.17066
   0.51175  -3.01101  -2.65043    67.81370    67.92788    -0.11419
   2.19090  -3.96048   1.03511    63.80517    64.11199    -0.30682
   3.23742  -3.81001   1.03511    59.58956    59.82924    -0.23968
   4.03646  -3.11764   1.03511    59.08880    59.25846    -0.16965
   1.93728  -4.38435   0.07278    65.00873    64.79736     0.21137
   2.97860  -4.38435   0.07278    59.92339    59.73217     0.19122
   3.91680  -3.93253   0.07278    57.96243    57.74852     0.21390
   4.56605  -3.11840   0.07278    58.61629    58.40166     0.21463
   4.79777  -2.10318  -0.99532    61.52166    61.22327     0.29839
   1.93728  -4.38435  -0.99532    64.39251    63.95684     0.43568
   2.97860  -4.38435  -0.99532    59.57073    59.18934     0.38139
   3.91680  -3.93253  -0.99532    57.62859    57.26018     0.36841
   4.56605  -3.11840  -0.99532    58.03396    57.72628     0.30768
   4.33433  -2.10318  -1.95764    59.59081    59.61141    -0.02060
   2.19090  -3.96048  -1.95764    62.30730    62.07508     0.23222
   3.23742  -3.81001  -1.95764    58.58178    58.37621     0.20557
   4.03646  -3.11764  -1.95764    57.72774    57.60845     0.11928
   2.97860  -3.00499  -2.62360    59.13963    59.36491    -0.22528
   4.73787   0.00004   2.16245    57.59157    57.89580    -0.30423
   5.57294   0.00004   1.49650    56.12006    56.07070     0.04936
   5.27507   1.01450   1.49650    57.91787    57.83599     0.08188
   5.27507  -1.01442   1.49650    56.90131    56.97775    -0.07645
   6.03638   0.00004   0.53417    55.47435    55.14204     0.33231
   5.80466   1.01525   0.53417    56.59822    56.28595     0.31227
   5.15541   1.82939   0.53417    60.43795    60.12156     0.31639
   5.15541  -1.82931   0.53417    59.46468    59.29538     0.16930
   5.80466  -1.01517   0.53417    56.29639    56.03750     0.25888
   6.03638   0.00004  -0.53393    55.47435    55.14214     0.33221
   5.80466   1.01525  -0.53393    56.29576    56.03750     0.25826
   5.15541   1.82939  -0.53393    59.46468    59.29534     0.16934
   5.15541  -1.82931  -0.53393    60.43858    60.12213     0.31645
   5.80466  -1.01517  -0.53393    56.59822    56.28620     0.31202
   5.57294   0.00004  -1.49625    56.12006    56.07099     0.04907
   5.27507   1.01450  -1.49625    56.90131    56.97797    -0.07666
   5.27507  -1.01442  -1.49625    57.91850    57.83656     0.08194
   4.73787   0.00004  -2.16220    57.59219    57.89623    -0.30403
   2.97850   3.00507   2.62360    59.13963    59.36511    -0.22548
   4.33423   2.10326   1.95765    59.59207    59.61244    -0.02038
   4.03636   3.11771   1.95765    57.72774    57.60892     0.11881
   3.23732   3.81008   1.95765    58.58240    58.37637     0.20603
   2.19080   3.96055   1.95765    62.30667    62.07488     0.23179
   4.79766   2.10326   0.99532    61.52291    61.22441     0.29850
   4.56595   3.11847   0.99532    58.03459    57.72680     0.30779
   3.91669   3.93261   0.99532    57.62859    57.26045     0.36814
   2.97850   4.38442   0.99532    59.57073    59.18942     0.38131
   1.93718   4.38442   0.99532    64.39251    63.95666     0.43585
   4.56595   3.11847  -0.07278    58.61692    58.40196     0.21496
   3.91669   3.93261  -0.07278    57.96243    57.74872     0.21370
   2.97850   4.38442  -0.07278    59.92402    59.73230     0.19172
   1.93718   4.38442  -0.07278    65.00936    64.79743     0.21193
   4.03636   3.11771  -1.03510    59.08880    59.25847    -0.16967
   3.23732   3.81008  -1.03510    59.58956    59.82938    -0.23982
   2.19080   3.96055  -1.03510    63.80517    64.11224    -0.30708
   0.51165   3.01101   2.65022    67.81495    67.92935    -0.11440
  -0.52967   3.01101   2.65022    70.32499    70.49545    -0.17046
  -1.05033   2.10920   2.65022    75.83139    76.06559    -0.23421
   0.77047   3.81603   1.98427    68.37908    67.99049     0.38860
  -0.27605   3.96650   1.98427    69.37243    69.10001     0.27242
  -1.23779   3.52729   1.98427    73.74868    73.85055    -0.10187
   0.51165   4.39036   1.02194    69.51550    68.95839     0.55712
  -0.52967   4.39036   1.02194    71.87431    71.49110     0.38321
  -1.46787   3.93855   1.02194    77.78106    77.87421    -0.09315
   0.51165   4.39036  -0.04616    71.53106    71.17297     0.35810
  -0.52967   4.39036  -0.04616    75.64941    75.34473     0.30468
  -0.27605   3.96650  -1.00848    79.74642    79.65208     0.09433
