  878     7      5370897.0546538504      711.0526700012
  -2.30999  -1.05531   2.56206    92.02741    94.97652    -2.94911
  -1.78499  -0.14599   2.28071    93.18328    92.97460     0.20868
  -2.83499  -0.14599   2.28071    90.02879    91.60675    -1.57796
  -3.35999  -1.05531   2.28071    94.56819    96.92850    -2.36031
  -2.83499  -1.96464   2.28071   102.04497   103.14104    -1.09607
  -3.50095   0.31913   1.51206   108.52840   105.64874     2.87965
  -3.50095  -2.42976   1.51206   108.57797   107.53432     1.04365
  -3.05466  -3.01885   0.46206   104.17411   104.07989     0.09422
  -2.56881  -2.85546  -0.58794    92.58589    95.43991    -2.85402
  -3.35999  -1.05531  -1.35660   106.45636   103.70316     2.75320
  -2.83499  -1.96464  -1.35660    90.88722    92.82169    -1.93447
  -1.78499  -1.96464  -1.35660    93.40604    94.24425    -0.83821
  -1.12036   0.90931   1.81862    99.21490    95.27904     3.93586
  -2.17036   0.90931   1.81862    99.54873    94.81090     4.73783
  -2.17036  -0.90935  -1.81869    99.54873    94.80967     4.73906
  -1.12036  -0.90935  -1.81869    99.21615    95.27972     3.93643
  -1.78505   1.96461   1.35666    93.40416    94.24378    -0.83962
  -2.83505   1.96461   1.35666    90.89099    92.82580    -1.93482
  -3.36005   1.05528   1.35666   106.46201   103.70975     2.75226
  -2.56887   2.85542   0.58801    92.59028    95.44379    -2.85351
  -3.05472   3.01882  -0.46199   104.17913   104.08471     0.09442
  -3.50102   2.42973  -1.51199   108.57797   107.53508     1.04289
  -3.50102  -0.31917  -1.51199   108.52275   105.64315     2.87960
  -2.83505   1.96461  -2.28064   102.04685   103.14356    -1.09671
  -3.36005   1.05528  -2.28064    94.56505    96.92563    -2.36058
  -2.83505   0.14595  -2.28064    90.02816    91.60527    -1.57711
  -1.78505   0.14595  -2.28064    93.18767    92.97649     0.21118
  -2.31005   1.05528  -2.56199    92.02866    94.97769    -2.94903
  -1.53794   3.35885  -0.43819   104.57634   105.29389    -0.71755
  -2.61428   3.16906  -0.43819   104.16846   104.71338    -0.54492
  -0.59143   2.81238  -1.47649   104.46653   104.86832    -0.40180
  -1.53794   3.35885  -1.47649   102.84818   102.54356     0.30462
  -2.61428   3.16906  -1.47649   103.79948   103.32496     0.47452
  -0.82792   1.78535  -2.31649   100.30237   100.85489    -0.55252
  -1.51025   2.72450  -2.31649   100.84768   100.73958     0.10809
  -2.61428   2.36577  -2.31649   101.44758   101.93907    -0.49149
  -1.81539   1.78535  -2.63734    98.19833    99.60813    -1.40980
  -4.11671   1.72116   0.95987   104.02790   103.72819     0.29970
  -4.11671   0.56031   0.95987   120.02562   116.54214     3.48348
  -4.11671   2.52445   0.11987   102.07446   102.06487     0.00959
  -4.81924   1.68721   0.11987   105.64875   104.30168     1.34707
  -4.81924   0.59427   0.11987   116.11436   113.45821     2.65615
  -4.11671   2.52445  -0.91843   104.26823   103.52492     0.74332
  -4.81924   1.68721  -0.91843   104.44896   103.34029     1.10867
  -4.81924   0.59427  -0.91843   110.51007   108.84483     1.66524
  -4.11671  -0.24297  -0.91843   124.58072   120.71479     3.86593
  -4.11671   1.72116  -1.75842   103.10107   103.21721    -0.11615
  -4.11671   0.56031  -1.75842   104.11010   104.62549    -0.51539
  -0.17843  -0.00002   2.09993    81.69170    82.97698    -1.28528
  -0.17843  -0.00002  -2.10007    81.69044    82.97604    -1.28560
   0.52485  -1.19367   1.85100    77.15669    77.38245    -0.22577
  -0.00015  -2.10300   1.56965    93.64199    94.80384    -1.16185
   1.04985  -2.10300   1.56965    73.56043    74.18747    -0.62704
   1.04985  -0.28435  -2.06766    69.02730    66.14215     2.88515
  -0.52515  -1.19367  -2.06766    85.83891    85.52974     0.30916
   1.04985  -2.10300  -2.06766    74.88949    73.86866     1.02083
   0.52485  -1.19367  -2.34900    72.25584    72.27030    -0.01446
   1.91599  -1.18660   1.84786    65.03069    63.35486     1.67584
   1.39099  -2.09593   1.56651    70.25094    70.69920    -0.44826
   2.44099  -2.09593   1.56651    65.87908    66.45665    -0.57756
   1.65717  -2.98674   0.79786    76.38548    76.60891    -0.22344
   2.96599  -1.18660  -2.07080    66.23488    66.26893    -0.03405
   1.39099  -0.27727  -2.07080    66.90067    63.57181     3.32886
   1.39099  -2.09593  -2.07080    72.99567    72.26267     0.73300
   1.91599  -1.18660  -2.35214    64.78910    64.66210     0.12700
   2.61090   0.00003   2.10005    63.53596    62.00636     1.52961
   3.66090   0.00003   1.81871    66.64904    66.74495    -0.09591
   3.13590  -0.90930   1.81871    64.67803    64.03016     0.64787
   3.66090   0.00003  -1.81860    66.64716    66.74300    -0.09584
   3.13590   0.90936  -1.81860    64.67678    64.02900     0.64778
   2.61090   0.00003  -2.09995    63.53534    62.00528     1.53006
   1.91593   1.18664   2.35216    64.78910    64.66222     0.12688
   2.96593   1.18664   2.07082    66.23551    66.26961    -0.03410
   1.39093   2.09597   2.07082    72.99442    72.26182     0.73260
   1.39093   0.27732   2.07082    66.90067    63.57235     3.32832
   1.65711   2.98679  -0.79783    76.38736    76.61011    -0.22275
   2.44093   2.09597  -1.56649    65.87908    66.45652    -0.57743
   1.39093   2.09597  -1.56649    70.25157    70.69970    -0.44813
   1.91593   1.18664  -1.84783    65.03006    63.35447     1.67559
   0.52479   1.19366   2.34893    72.25521    72.26995    -0.01474
   1.04979   2.10298   2.06758    74.88824    73.86808     1.02016
  -0.52521   1.19366   2.06758    85.83828    85.52929     0.30899
   1.04979   0.28433   2.06758    69.02856    66.14239     2.88616
   1.04979   2.10298  -1.56972    73.56043    74.18749    -0.62707
  -0.00021   2.10298  -1.56972    93.64073    94.80261    -1.16188
   0.52479   1.19366  -1.85107    77.15606    77.38224    -0.22618
  -4.11666  -0.56035   1.75866   104.11136   104.62589    -0.51454
  -4.11666  -1.72120   1.75866   103.09981   103.21557    -0.11576
  -4.11666   0.24294   0.91866   124.58260   120.71699     3.86561
  -4.81919  -0.59430   0.91866   110.51070   108.84519     1.66550
  -4.81919  -1.68724   0.91866   104.44833   103.33929     1.10904
  -4.11666  -2.52449   0.91866   104.26572   103.52239     0.74333
  -4.81919  -0.59430  -0.11964   116.11499   113.45850     2.65649
  -4.81919  -1.68724  -0.11964   105.64750   104.30057     1.34693
  -4.11666  -2.52449  -0.11964   102.07258   102.06266     0.00992
  -4.11666  -0.56035  -0.95964   120.02562   116.54119     3.48444
  -4.11666  -1.72120  -0.95964   104.02601   103.72629     0.29973
  -1.81523  -1.78534   2.63736    98.19708    99.60714    -1.41006
  -0.82775  -1.78534   2.31651   100.29986   100.85302    -0.55315
  -2.61411  -2.36576   2.31651   101.44758   101.93882    -0.49124
  -1.51008  -2.72448   2.31651   100.84642   100.73815     0.10827
  -2.61411  -3.16905   1.47651   103.79823   103.32369     0.47454
  -1.53777  -3.35884   1.47651   102.84630   102.54174     0.30456
  -0.59126  -2.81237   1.47651   104.46339   104.86561    -0.40222
  -2.61411  -3.16905   0.43821   104.16532   104.71052    -0.54520
  -1.53777  -3.35884   0.43821   104.57383   105.29181    -0.71798
   0.29624  -3.04835   0.87104    88.85535    89.54328    -0.68793
  -0.80780  -3.49292   0.03104    96.54987    95.95011     0.59976
   0.26854  -3.68270   0.03104    85.84832    84.55656     1.29176
  -1.51033  -2.65567  -1.00726    95.93993    96.95965    -1.01972
  -0.80780  -3.49292  -1.00726    88.42738    86.88294     1.54445
   0.26854  -3.68270  -1.00726    83.09857    80.87749     2.22109
   1.21505  -3.13623  -1.00726    86.94019    83.39927     3.54092
  -0.80780  -1.52878  -1.84726    91.82535    90.87455     0.95080
  -0.80780  -2.68963  -1.84726    85.76486    85.08741     0.67745
   0.29624  -3.04835  -1.84726    80.50947    79.10385     1.40562
  -0.00891  -2.10920  -2.16811    80.29047    80.38117    -0.09070
   3.44542  -2.10318   0.89788    71.46957    71.54130    -0.07173
   2.76309  -3.04233   0.89788    70.06332    71.22049    -1.15717
   4.05571  -2.10318   0.05788    74.03420    73.18455     0.84965
   1.65905  -3.48690   0.05788    79.26575    78.40657     0.85918
   2.73539  -3.67668   0.05788    71.71743    71.24931     0.46812
   3.68190  -3.13021   0.05788    69.91899    69.37583     0.54316
   4.05571  -2.10318  -0.98042    72.32361    71.61323     0.71038
   1.65905  -3.48690  -0.98042    79.19860    77.63867     1.55993
   2.73539  -3.67668  -0.98042    71.87996    70.75959     1.12037
   3.68190  -3.13021  -0.98042    69.84808    68.83688     1.01121
   3.44542  -2.10318  -1.82042    69.22120    69.65445    -0.43325
   1.65905  -2.68361  -1.82042    76.19534    75.55688     0.63847
   2.76309  -3.04233  -1.82042    70.36076    70.19921     0.16155
   2.45794  -2.10318  -2.14127    69.07311    70.17553    -1.10242
   4.68403   0.00004   1.35927    67.81934    67.94078    -0.12144
   4.00170   0.93919   1.35927    72.79926    72.22120     0.57806
   4.00170  -0.93911   1.35927    69.06244    69.49159    -0.42915
   5.29432   0.00004   0.51927    68.04588    66.86200     1.18388
   4.92052   1.02707   0.51927    70.21643    69.28459     0.93184
   3.97400  -1.57346   0.51927    76.19283    74.88439     1.30844
   4.92052  -1.02699   0.51927    69.30278    68.61818     0.68459
   5.29432   0.00004  -0.51903    68.04525    66.86209     1.18316
   4.92052   1.02707  -0.51903    69.30215    68.61816     0.68398
   3.97400   1.57354  -0.51903    76.19283    74.88483     1.30800
   4.92052  -1.02699  -0.51903    70.21706    69.28497     0.93208
   4.68403   0.00004  -1.35903    67.81872    67.94099    -0.12227
   4.00170   0.93919  -1.35903    69.06244    69.49169    -0.42925
   4.00170  -0.93911  -1.35903    72.80051    72.22203     0.57849
   2.45784   2.10326   2.14127    69.07311    70.17584    -1.10273
   3.44532   2.10326   1.82042    69.22183    69.65522    -0.43340
   2.76298   3.04240   1.82042    70.36076    70.19941     0.16134
   1.65895   2.68368   1.82042    76.19409    75.55649     0.63760
   4.05561   2.10326   0.98042    72.32486    71.61423     0.71063
   3.68180   3.13029   0.98042    69.84808    68.83723     1.01085
   2.73529   3.67676   0.98042    71.87996    70.75975     1.12021
   1.65895   3.48697   0.98042    79.19860    77.63849     1.56012
   4.05561   2.10326  -0.05787    74.03483    73.18473     0.85010
   3.68180   3.13029  -0.05787    69.91899    69.37600     0.54299
   2.73529   3.67676  -0.05787    71.71743    71.24953     0.46790
   1.65895   3.48697  -0.05787    79.26700    78.40705     0.85995
   3.44532   2.10326  -0.89787    71.46894    71.54061    -0.07167
   2.76298   3.04240  -0.89787    70.06395    71.22067    -1.15672
  -0.00901   2.10920   2.16789    80.29110    80.38271    -0.09161
   0.29614   3.04835   1.84704    80.51010    79.10562     1.40448
  -0.80790   2.68963   1.84704    85.76612    85.08976     0.67635
  -0.80790   1.52877   1.84704    91.82660    90.87658     0.95002
   1.21496   3.13623   1.00704    86.94270    83.40150     3.54119
   0.26844   3.68270   1.00704    83.09983    80.87919     2.22063
  -0.80790   3.49292   1.00704    88.42989    86.88559     1.54431
  -1.51043   2.65567   1.00704    95.94307    96.96390    -1.02083
   0.26844   3.68270  -0.03125    85.84957    84.55773     1.29184
  -0.80790   3.49292  -0.03125    96.55300    95.95286     0.60014
   0.29614   3.04835  -0.87125    88.85597    89.54356    -0.68759
  -2.30999  -1.05531   2.86206    86.42751    88.45786    -2.03035
  -1.78933  -0.15350   2.62438    87.00105    87.46349    -0.46243
  -2.83065  -0.15350   2.62438    85.23713    86.48692    -1.24980
  -3.35131  -1.05531   2.62438    87.36689    89.12910    -1.76221
  -2.83065  -1.95712   2.62438    92.02929    93.23172    -1.20243
  -3.53877   0.36277   1.95843    95.70461    94.89465     0.80996
  -3.53877  -2.47340   1.95843    96.27941    96.15815     0.12126
  -2.83065  -3.33648  -0.07199    91.63835    92.74318    -1.10483
  -3.53877  -2.47340  -1.03432    91.01021    92.39745    -1.38724
  -2.57703  -2.91261  -1.03432    86.06167    88.18356    -2.12188
  -3.35131  -1.05531  -1.70027    97.36061    95.63306     1.72755
  -2.83065  -1.95712  -1.70027    87.11652    87.92814    -0.81162
  -1.78933  -1.95712  -1.70027    89.60334    89.69678    -0.09344
  -1.12470   0.90179   2.16229    90.39149    88.66112     1.73037
  -2.16602   0.90179   2.16229    91.71742    89.31039     2.40703
  -2.16602  -0.90183  -2.16236    91.71679    89.30882     2.40796
  -1.12470  -0.90183  -2.16236    90.39212    88.66126     1.73085
  -1.78939   1.95709   1.70033    89.60145    89.69619    -0.09474
  -2.83071   1.95709   1.70033    87.11840    87.93091    -0.81251
  -3.35137   1.05528   1.70033    97.36437    95.63736     1.72701
  -2.57709   2.91258   1.03438    86.06418    88.18634    -2.12216
  -3.53883   2.47337   1.03438    91.01523    92.40241    -1.38717
  -2.83071   3.33644   0.07206    91.64211    92.74684    -1.10472
  -3.53883   2.47337  -1.95837    96.28004    96.15895     0.12108
  -3.53883  -0.36280  -1.95837    95.70085    94.89071     0.81014
  -2.83071   1.95709  -2.62432    92.03054    93.23336    -1.20281
  -3.35137   1.05528  -2.62432    87.36564    89.12754    -1.76190
  -2.83071   0.15347  -2.62432    85.23713    86.48595    -1.24883
  -1.78939   0.15347  -2.62432    87.00356    87.46475    -0.46119
  -2.31005   1.05528  -2.86199    86.42877    88.45875    -2.02998
  -0.85539   3.44811  -0.95734    97.23511    97.52317    -0.28806
  -1.81539   3.70535  -0.95734    94.32723    94.48551    -0.15828
  -2.77539   3.44811  -0.95734    96.02025    95.97865     0.04160
  -0.47019   2.76270  -1.91734    93.92562    94.38706    -0.46144
  -1.30157   3.36673  -1.91734    93.13810    93.04239     0.09571
  -2.32922   3.36673  -1.91734    93.25168    93.07914     0.17254
  -0.85539   1.78535  -2.62011    91.47331    92.16177    -0.68846
  -1.33539   2.61673  -2.62011    91.48712    91.73177    -0.24465
  -2.29539   2.61673  -2.62011    91.83915    92.23417    -0.39502
  -1.81539   1.78535  -2.87734    90.35384    91.55454    -1.20070
  -3.79782   1.97212   1.26349    94.12580    94.62441    -0.49862
  -4.27782   1.14074   1.26349   101.39801   100.07644     1.32156
  -3.83164   2.72213   0.56072    92.98561    93.76439    -0.77878
  -4.66303   2.11809   0.56072    94.69871    94.21853     0.48018
  -4.98059   1.14074   0.56072   100.76234    99.25384     1.50849
  -4.27782   2.80351  -0.39928    94.33790    94.04062     0.29727
  -4.98059   2.10074  -0.39928    94.63785    93.80729     0.83055
  -5.23782   1.14074  -0.39928    98.73172    97.33876     1.39295
  -4.98059   0.18074  -0.39928   108.96577   106.76009     2.20568
  -3.83164   2.72213  -1.35928    98.11864    97.56802     0.55062
  -4.66303   2.11809  -1.35928    94.36676    93.87753     0.48923
  -4.98059   1.14074  -1.35928    96.28631    95.57448     0.71183
  -4.66303   0.16339  -1.35928   102.52627   101.39877     1.12750
  -4.27782   1.14074  -2.06204    94.27828    94.80021    -0.52193
  -0.17843  -0.00002   2.39993    78.82837    79.84700    -1.01863
   0.34223  -0.90183   2.16226    76.96404    77.69325    -0.72921
   0.34223   0.90179  -2.16239    76.96216    77.69151    -0.72935
  -0.17843  -0.00002  -2.40007    78.82712    79.84587    -1.01875
   0.52485  -1.19367   2.15100    75.39966    75.97092    -0.57126
   0.00419  -2.09548   1.91332    88.58552    89.72444    -1.13892
   1.04551  -2.09548   1.91332    71.52102    72.46075    -0.93973
   0.25781  -3.05097   1.24737    85.14488    86.15812    -1.01323
   1.04551  -0.29186  -2.41133    67.26965    66.39261     0.87704
   0.00419  -0.29186  -2.41133    76.02654    76.88062    -0.85408
  -0.51647  -1.19367  -2.41133    80.21642    80.38242    -0.16599
   0.00419  -2.09548  -2.41133    76.06545    76.32924    -0.26379
   1.04551  -2.09548  -2.41133    70.25032    70.25417    -0.00386
   0.52485  -1.19367  -2.64900    69.75458    70.13203    -0.37745
   1.91599  -1.18660   2.14786    63.94510    63.22874     0.71636
   1.39533  -2.08841   1.91018    68.32763    69.12406    -0.79643
   2.43665  -2.08841   1.91018    63.31759    63.98331    -0.66572
   1.64895  -3.04390   1.24423    70.92865    71.79832    -0.86966
   3.49451  -2.20106   1.24423    65.96631    66.51787    -0.55156
   3.79238  -1.18660  -1.74852    67.69949    67.62968     0.06981
   2.95731  -1.18660  -2.41447    62.66247    63.10244    -0.43997
   2.43665  -0.28479  -2.41447    61.90946    61.36180     0.54766
   1.39533  -0.28479  -2.41447    65.23652    64.07043     1.16609
   1.39533  -2.08841  -2.41447    68.58051    68.73927    -0.15875
   2.43665  -2.08841  -2.41447    65.35574    66.28225    -0.92651
   1.91599  -1.18660  -2.65214    62.96493    63.24437    -0.27944
   2.61090   0.00003   2.40005    61.59947    61.03175     0.56772
   3.65222   0.00003   2.16238    62.39139    62.65103    -0.25964
   2.09024  -0.90178   2.16238    63.33830    62.18332     1.15498
   3.13156  -0.90178   2.16238    61.65532    61.58082     0.07450
   3.65222   0.00003  -2.16227    62.39013    62.64981    -0.25968
   3.13156   0.90184  -2.16227    61.65469    61.57998     0.07472
   2.09024   0.90184  -2.16227    63.33767    62.18276     1.15491
   2.61090   0.00003  -2.39995    61.59884    61.03105     0.56780
   1.91593   1.18664   2.65216    62.96493    63.24450    -0.27957
   2.95725   1.18664   2.41449    62.66247    63.10307    -0.44060
   2.43659   2.08845   2.41449    65.35511    66.28221    -0.92709
   1.39527   2.08845   2.41449    68.57989    68.73858    -0.15869
   1.39527   0.28483   2.41449    65.23714    64.07085     1.16630
   2.43659   0.28483   2.41449    61.91009    61.36262     0.54746
   3.79233   1.18664   1.74854    67.70137    67.63129     0.07008
   3.49446   2.20110  -1.24421    65.96568    66.51727    -0.55159
   1.64889   3.04394  -1.24421    70.92991    71.79906    -0.86915
   2.43659   2.08845  -1.91016    63.31696    63.98311    -0.66615
   1.39527   2.08845  -1.91016    68.32825    69.12433    -0.79608
   1.91593   1.18664  -2.14783    63.94510    63.22840     0.71670
   0.52479   1.19366   2.64893    69.75458    70.13205    -0.37746
   1.04546   2.09547   2.41125    70.24969    70.25403    -0.00434
   0.00413   2.09547   2.41125    76.06419    76.32865    -0.26446
  -0.51653   1.19366   2.41125    80.21642    80.38240    -0.16597
   0.00413   0.29185   2.41125    76.02717    76.88136    -0.85419
   1.04546   0.29185   2.41125    67.27027    66.39307     0.87720
   0.25775   3.05095  -1.24745    85.14551    86.15862    -1.01312
   1.04546   2.09547  -1.91340    71.52102    72.46051    -0.93949
   0.00413   2.09547  -1.91340    88.58363    89.72298    -1.13935
   0.52479   1.19366  -2.15107    75.39903    75.97051    -0.57148
  -4.27777  -1.14077   2.06228    94.27828    94.79946    -0.52118
  -4.66298  -0.16342   1.35951   102.52752   101.39958     1.12794
  -4.98054  -1.14077   1.35951    96.28631    95.57412     0.71219
  -4.66298  -2.11812   1.35951    94.36613    93.87604     0.49010
  -3.83159  -2.72216   1.35951    98.11550    97.56463     0.55087
  -4.98054  -0.18077   0.39951   108.96702   106.76131     2.20572
  -5.23777  -1.14077   0.39951    98.73172    97.33854     1.39318
  -4.98054  -2.10077   0.39951    94.63659    93.80616     0.83043
  -4.27777  -2.80354   0.39951    94.33601    94.03858     0.29743
  -4.98054  -1.14077  -0.56049   100.76234    99.25346     1.50888
  -4.66298  -2.11812  -0.56049    94.69746    94.21727     0.48019
  -3.83159  -2.72216  -0.56049    92.98310    93.76243    -0.77933
  -4.27777  -1.14077  -1.26326   101.39738   100.07551     1.32187
  -3.79777  -1.97216  -1.26326    94.12391    94.62276    -0.49884
  -1.81523  -1.78534   2.87736    90.35321    91.55382    -1.20061
  -0.85522  -1.78534   2.62013    91.47143    92.16024    -0.68881
  -2.29522  -2.61672   2.62013    91.83853    92.23368    -0.39516
  -1.33523  -2.61672   2.62013    91.48587    91.73055    -0.24469
  -2.32905  -3.36672   1.91736    93.25042    93.07819     0.17223
  -1.30140  -3.36672   1.91736    93.13622    93.04086     0.09535
  -0.47002  -2.76269   1.91736    93.92311    94.38491    -0.46180
  -2.77523  -3.44810   0.95736    96.01899    95.97720     0.04179
  -1.81523  -3.70534   0.95736    94.32535    94.48387    -0.15852
  -0.85522  -3.44810   0.95736    97.23197    97.52091    -0.28894
  -0.52273  -3.69059   0.47189    89.63659    89.56456     0.07203
   0.50491  -3.69059   0.47189    80.97194    80.62624     0.34571
  -0.96891  -3.77197  -0.48811    86.60196    86.01693     0.58503
  -0.00891  -4.02920  -0.48811    79.93091    78.71149     1.21942
   0.95109  -3.77197  -0.48811    79.29524    77.73155     1.56369
  -1.35412  -3.08655  -1.44811    85.41910    85.35679     0.06232
  -0.52273  -3.69059  -1.44811    79.33289    78.18605     1.14684
   0.50491  -3.69059  -1.44811    76.74253    75.26694     1.47559
  -0.96891  -2.10920  -2.15088    83.44810    83.36369     0.08440
  -0.48891  -2.94059  -2.15088    77.98688    77.49291     0.49397
   0.47109  -2.94059  -2.15088    75.09092    74.40667     0.68425
  -0.00891  -2.10920  -2.40811    76.16397    76.41979    -0.25582
   2.93794  -2.93457   1.20150    65.94435    67.05573    -1.11138
   4.12071  -2.10318   0.49873    69.46781    69.20165     0.26616
   1.94411  -3.68457   0.49873    71.63774    71.79211    -0.15437
   2.97176  -3.68457   0.49873    66.31458    66.46966    -0.15508
   3.80315  -3.08053   0.49873    65.32562    65.40093    -0.07531
   4.37794  -2.10318  -0.46127    69.30529    68.69242     0.61286
   1.49794  -3.76595  -0.46127    76.57310    75.41928     1.15382
   2.45794  -4.02318  -0.46127    68.57800    67.97253     0.60548
   3.41794  -3.76595  -0.46127    65.39088    64.77162     0.61927
   4.12071  -3.06318  -0.46127    65.24342    64.72495     0.51846
   4.12071  -2.10318  -1.42127    66.81094    66.63186     0.17907
   1.94411  -3.68457  -1.42127    71.10436    70.36437     0.73999
   2.97176  -3.68457  -1.42127    66.10938    65.52081     0.58857
   3.80315  -3.08053  -1.42127    64.74580    64.32336     0.42244
   3.41794  -2.10318  -2.12404    64.90331    65.48234    -0.57903
   1.97794  -2.93457  -2.12404    69.27266    69.37060    -0.09794
   2.93794  -2.93457  -2.12404    65.33629    65.54895    -0.21266
   4.65655   0.00004   1.66289    63.54726    63.90724    -0.35998
   4.17655   0.83143   1.66289    66.77768    66.90388    -0.12620
   4.17655  -0.83134   1.66289    64.36930    64.96908    -0.59979
   5.35932   0.00004   0.96012    62.99693    62.52483     0.47211
   5.04176   0.97739   0.96012    65.03885    64.61383     0.42502
   4.21037  -1.58135   0.96012    68.09106    68.07194     0.01912
   5.04176  -0.97731   0.96012    63.90557    63.73401     0.17155
   5.61655   0.00004   0.00012    62.87959    62.01962     0.85997
   5.35932   0.96004   0.00012    64.04738    63.35732     0.69006
   4.65655   1.66281   0.00012    68.83089    68.24458     0.58631
   4.65655  -1.66273   0.00012    68.83152    68.24493     0.58658
   5.35932  -0.95996   0.00012    64.04738    63.35748     0.68991
   5.35932   0.00004  -0.95988    62.99693    62.52502     0.47192
   5.04176   0.97739  -0.95988    63.90494    63.73411     0.17083
   4.21037   1.58143  -0.95988    68.09106    68.07232     0.01874
   5.04176  -0.97731  -0.95988    65.03948    64.61433     0.42514
   4.65655   0.00004  -1.66265    63.54726    63.90752    -0.36026
   4.17655   0.83143  -1.66265    64.36930    64.96925    -0.59995
   4.17655  -0.83134  -1.66265    66.77831    66.90462    -0.12632
   3.41784   2.10326   2.12404    64.90394    65.48308    -0.57915
   2.93784   2.93464   2.12404    65.33629    65.54924    -0.21295
   1.97784   2.93464   2.12404    69.27203    69.37047    -0.09844
   4.12061   2.10326   1.42128    66.81156    66.63295     0.17862
   3.80304   3.08061   1.42128    64.74580    64.32381     0.42199
   2.97166   3.68464   1.42128    66.10938    65.52099     0.58839
   1.94401   3.68464   1.42128    71.10373    70.36423     0.73950
   4.37784   2.10326   0.46128    69.30654    68.69326     0.61328
   4.12061   3.06326   0.46128    65.24405    64.72531     0.51874
   3.41784   3.76602   0.46128    65.39151    64.77181     0.61970
   2.45784   4.02326   0.46128    68.57800    67.97267     0.60534
   1.49784   3.76602   0.46128    76.57310    75.41930     1.15380
   4.12061   2.10326  -0.49872    69.46718    69.20142     0.26576
   3.80304   3.08061  -0.49872    65.32625    65.40099    -0.07475
   2.97166   3.68464  -0.49872    66.31520    66.46983    -0.15462
   1.94401   3.68464  -0.49872    71.63837    71.79250    -0.15414
   2.93784   2.93464  -1.20149    65.94497    67.05574    -1.11077
  -0.00901   2.10920   2.40789    76.16522    76.42145    -0.25622
   0.47099   2.94059   2.15066    75.09218    74.40843     0.68375
  -0.48901   2.94059   2.15066    77.98814    77.49499     0.49315
  -0.96901   2.10920   2.15066    83.44935    83.36600     0.08335
   0.50481   3.69059   1.44789    76.74378    75.26872     1.47507
  -0.52283   3.69059   1.44789    79.33477    78.18819     1.14658
  -1.35422   3.08655   1.44789    85.42099    85.35999     0.06099
   0.95099   3.77197   0.48789    79.29649    77.73287     1.56362
  -0.00901   4.02920   0.48789    79.93216    78.71304     1.21912
  -0.96901   3.77197   0.48789    86.60447    86.01963     0.58484
   0.50481   3.69059  -0.47211    80.97320    80.62684     0.34635
  -0.52283   3.69059  -0.47211    89.63848    89.56593     0.07255
  -2.30999  -1.05531   3.16206    81.09494    82.47715    -1.38222
  -1.27675  -1.05531   2.95653    84.55377    85.55293    -0.99916
  -1.79337  -0.16050   2.95653    81.67726    82.21801    -0.54075
  -2.82661  -0.16050   2.95653    80.53833    81.43766    -0.89933
  -3.34324  -1.05531   2.95653    81.40743    82.65264    -1.24520
  -2.82661  -1.95013   2.95653    84.23499    85.23831    -1.00332
  -3.56024   0.38756   2.37125    86.92262    86.75050     0.17212
  -4.14184  -0.51743   2.37125    87.37191    87.92362    -0.55170
  -4.14184  -1.59319   2.37125    87.22257    87.74109    -0.51853
  -3.56024  -2.49818   2.37125    86.95587    87.17073    -0.21485
  -3.86527  -3.00557   1.49530    89.40881    89.10098     0.30783
  -3.34324  -3.54979   0.46206    87.11652    87.30236    -0.18585
  -3.86527  -3.00557  -0.57119    86.60133    87.20552    -0.60419
  -2.86506  -3.48725  -0.57119    83.36589    84.45742    -1.09153
  -1.75492  -3.48725  -0.57119    88.34706    89.22807    -0.88101
  -3.56024  -2.49818  -1.44713    84.08376    84.93632    -0.85256
  -2.58170  -2.94507  -1.44713    81.20600    82.52606    -1.32005
  -3.34324  -1.05531  -2.03242    90.31242    89.24562     1.06681
  -2.82661  -1.95013  -2.03242    83.12556    83.34180    -0.21625
  -1.79337  -1.95013  -2.03242    85.25532    85.03847     0.21685
  -1.12874   0.89480   2.49444    83.99026    83.20429     0.78598
  -2.16198   0.89480   2.49444    85.48750    84.27132     1.21618
  -2.16198  -0.89484  -2.49451    85.48687    84.26963     1.21725
  -1.12874  -0.89484  -2.49451    83.99089    83.20402     0.78688
  -1.79343   1.95010   2.03248    85.25344    85.03791     0.21553
  -2.82668   1.95010   2.03248    83.12681    83.34372    -0.21691
  -3.34330   1.05528   2.03248    90.31493    89.24859     1.06634
  -2.58176   2.94504   1.44720    81.20789    82.52805    -1.32016
  -3.56031   2.49815   1.44720    84.08753    84.93991    -0.85238
  -1.75498   3.48721   0.57125    88.34895    89.22983    -0.88089
  -2.86513   3.48721   0.57125    83.36903    84.46022    -1.09119
  -3.86533   3.00554   0.57125    86.60510    87.20899    -0.60390
  -3.34330   3.54976  -0.46199    87.11903    87.30527    -0.18624
  -3.86533   3.00554  -1.49524    89.40944    89.10220     0.30724
  -3.56031   2.49815  -2.37118    86.95650    87.17141    -0.21491
  -4.14191   1.59316  -2.37118    87.22006    87.73902    -0.51897
  -4.14191   0.51740  -2.37118    87.36878    87.92034    -0.55156
  -3.56031  -0.38759  -2.37118    86.92011    86.74770     0.17241
  -1.27681   1.05528  -2.95647    84.55565    85.55421    -0.99856
  -2.82668   1.95010  -2.95647    84.23625    85.23945    -1.00320
  -3.34330   1.05528  -2.95647    81.40618    82.65175    -1.24557
  -2.82668   0.16046  -2.95647    80.53833    81.43702    -0.89868
  -1.79343   0.16046  -2.95647    81.67915    82.21893    -0.53978
  -2.31005   1.05528  -3.16199    81.09619    82.47784    -1.38164
  -1.55504   3.92960  -0.95734    87.65366    87.80828    -0.15461
  -2.58134   3.80498  -0.95734    87.82811    87.94584    -0.11773
  -0.24173   2.79668  -2.03734    86.87367    87.49422    -0.62055
  -1.03831   3.48692  -2.03734    86.04097    86.12375    -0.08279
  -2.08161   3.63692  -2.03734    85.64814    85.59788     0.05026
  -3.04039   3.19906  -2.03734    88.33388    88.23143     0.10246
  -0.73539   1.78535  -2.82795    84.84619    85.51132    -0.66513
  -1.27539   2.72065  -2.82795    84.41383    84.71970    -0.30587
  -2.35539   2.72065  -2.82795    84.95726    85.34238    -0.38512
  -1.81539   1.78535  -3.11734    84.09067    85.08301    -0.99235
  -4.39782   1.14074   1.47134    94.51297    93.47714     1.03583
  -4.54281   2.55446   0.68072    86.72244    86.66955     0.05289
  -5.11266   1.66775   0.68072    89.85748    89.01031     0.84717
  -5.11266   0.61373   0.68072    98.60747    96.98850     1.61897
  -4.08377   3.16038  -0.39928    88.19583    88.11717     0.07866
  -4.93460   2.57309  -0.39928    86.67036    86.20033     0.47003
  -5.41505   1.65766  -0.39928    88.68090    87.77989     0.90101
  -5.41505   0.62382  -0.39928    94.68616    93.29485     1.39131
  -4.54281   2.55446  -1.47928    87.58401    87.26251     0.32150
  -5.11266   1.66775  -1.47928    87.47922    87.00226     0.47695
  -5.11266   0.61373  -1.47928    91.26812    90.54762     0.72050
  -4.54281  -0.27298  -1.47928    99.01535    97.77319     1.24216
  -4.39782   1.14074  -2.26989    87.66998    88.06033    -0.39035
  -0.17843  -0.00002   2.69993    75.96002    76.64802    -0.68799
   0.33819  -0.89483   2.49441    74.66422    75.25298    -0.58876
   0.33819   0.89480  -2.49454    74.66171    75.25121    -0.58950
  -0.17843  -0.00002  -2.70007    75.95877    76.64675    -0.68798
   0.52485  -1.19367   2.45100    73.44559    73.95217    -0.50657
   0.00823  -2.08849   2.24547    83.72106    84.62670    -0.90564
   1.04148  -2.08849   2.24547    69.67803    70.43225    -0.75422
   0.25315  -3.08343   1.66018    80.73349    81.58056    -0.84707
   1.07993  -3.62560   0.78424    74.83929    74.87951    -0.04022
   1.04148  -0.29886  -2.74348    65.81759    65.56177     0.25582
   0.00823  -0.29886  -2.74348    73.28746    73.86314    -0.57568
  -0.50839  -1.19367  -2.74348    75.77177    75.96042    -0.18865
   0.00823  -2.08849  -2.74348    71.58691    71.80840    -0.22149
   1.04148  -2.08849  -2.74348    66.82851    67.01775    -0.18925
   0.52485  -1.19367  -2.94900    67.46417    67.79997    -0.33579
   1.91599  -1.18660   2.44786    62.87457    62.51529     0.35928
   1.39937  -2.08142   2.24233    66.68292    67.32466    -0.64173
   2.43261  -2.08142   2.24233    61.39678    61.90614    -0.50935
   1.64428  -3.07636   1.65705    67.40456    68.23527    -0.83071
   2.70909  -2.92326   1.65705    62.73526    63.64555    -0.91028
   3.52210  -2.21879   1.65705    61.74756    62.26643    -0.51887
   1.36092  -3.61853   0.78110    73.03771    73.15765    -0.11993
   3.82518  -1.18660  -2.16133    62.52818    62.76750    -0.23932
   2.94923  -1.18660  -2.74662    59.99618    60.38513    -0.38895
   2.43261  -0.29179  -2.74662    60.31496    60.12882     0.18614
   1.39937  -0.29179  -2.74662    63.88988    63.45343     0.43645
   1.39937  -2.08142  -2.74662    65.31997    65.59508    -0.27511
   2.43261  -2.08142  -2.74662    61.93895    62.55879    -0.61984
   1.91599  -1.18660  -2.95214    61.27128    61.54447    -0.27318
   2.61090   0.00003   2.70005    60.01815    59.77270     0.24545
   3.64415   0.00003   2.49453    59.37934    59.59327    -0.21393
   2.09428  -0.89479   2.49453    62.04939    61.47472     0.57467
   3.12753  -0.89479   2.49453    59.41134    59.44393    -0.03258
   4.21701   1.03221   1.90924    63.16824    63.31635    -0.14810
   4.21701  -1.03215   1.90924    60.71907    61.14921    -0.43014
   4.16618  -1.95023   1.03330    65.10662    65.20307    -0.09645
   4.16618   1.95029  -1.03319    65.10599    65.20254    -0.09655
   4.21701   1.03221  -1.90913    60.71845    61.14822    -0.42977
   4.21701  -1.03215  -1.90913    63.16762    63.31584    -0.14822
   3.64415   0.00003  -2.49442    59.37871    59.59250    -0.21378
   3.12753   0.89485  -2.49442    59.41072    59.44334    -0.03262
   2.09428   0.89485  -2.49442    62.04877    61.47438     0.57439
   2.61090   0.00003  -2.69995    60.01815    59.77228     0.24586
   1.91593   1.18664   2.95216    61.27128    61.54459    -0.27331
   2.94918   1.18664   2.74664    59.99681    60.38569    -0.38888
   2.43256   2.08146   2.74664    61.93833    62.55880    -0.62048
   1.39931   2.08146   2.74664    65.31935    65.59456    -0.27521
   1.39931   0.29183   2.74664    63.88988    63.45377     0.43611
   2.43256   0.29183   2.74664    60.31559    60.12952     0.18606
   3.82512   1.18664   2.16135    62.52944    62.76875    -0.23931
   1.36086   3.61858  -0.78108    73.03897    73.15839    -0.11942
   3.52205   2.21883  -1.65702    61.74693    62.26588    -0.51895
   2.70904   2.92330  -1.65702    62.73589    63.64563    -0.90974
   1.64423   3.07640  -1.65702    67.40519    68.23573    -0.83054
   2.43256   2.08146  -2.24231    61.39616    61.90593    -0.50977
   1.39931   2.08146  -2.24231    66.68292    67.32480    -0.64188
   1.91593   1.18664  -2.44783    62.87394    62.51501     0.35893
   0.52479   1.19366   2.94893    67.46417    67.80024    -0.33606
   1.04142   2.08847   2.74340    66.82851    67.01791    -0.18940
   0.00817   2.08847   2.74340    71.58628    71.80833    -0.22204
  -0.50845   1.19366   2.74340    75.77177    75.96072    -0.18895
   0.00817   0.29884   2.74340    73.28872    73.86395    -0.57523
   1.04142   0.29884   2.74340    65.81822    65.56240     0.25582
   1.07987   3.62559  -0.78432    74.83992    74.88025    -0.04033
   0.25309   3.08341  -1.66026    80.73412    81.58050    -0.84638
   1.04142   2.08847  -2.24555    69.67740    70.43184    -0.75444
   0.00817   2.08847  -2.24555    83.71981    84.62530    -0.90549
   0.52479   1.19366  -2.45107    73.44497    73.95163    -0.50667
  -4.39777  -1.14077   2.27012    87.66935    88.05946    -0.39011
  -4.54276   0.27294   1.47951    99.01661    97.77440     1.24220
  -5.11261  -0.61376   1.47951    91.26875    90.54777     0.72098
  -5.11261  -1.66779   1.47951    87.47859    87.00145     0.47713
  -4.54276  -2.55449   1.47951    87.58213    87.26060     0.32152
  -5.41500  -0.62385   0.39951    94.68679    93.29528     1.39151
  -5.41500  -1.65769   0.39951    88.68027    87.77935     0.90092
  -4.93455  -2.57312   0.39951    86.66973    86.19903     0.47070
  -4.08372  -3.16041   0.39951    88.19332    88.11507     0.07826
  -5.11261  -0.61376  -0.68049    98.60810    96.98895     1.61915
  -5.11261  -1.66779  -0.68049    89.85685    89.00973     0.84713
  -4.54276  -2.55449  -0.68049    86.72119    86.66831     0.05287
  -4.39777  -1.14077  -1.47111    94.51297    93.47662     1.03635
  -1.81523  -1.78534   3.11736    84.09004    85.08250    -0.99246
  -0.73523  -1.78534   2.82797    84.84430    85.50996    -0.66566
  -2.35523  -2.72064   2.82797    84.95663    85.34211    -0.38548
  -1.27522  -2.72064   2.82797    84.41258    84.71867    -0.30610
  -3.04022  -3.19905   2.03736    88.33451    88.23149     0.10302
  -2.08144  -3.63691   2.03736    85.64752    85.59697     0.05054
  -1.03814  -3.48691   2.03736    86.03971    86.12233    -0.08262
  -0.24156  -2.79667   2.03736    86.87116    87.49222    -0.62106
  -2.58117  -3.80497   0.95736    87.82686    87.94463    -0.11777
  -1.55487  -3.92959   0.95736    87.65178    87.80682    -0.15503
  -0.27513  -3.96078   0.59189    81.76512    81.70125     0.06387
   0.76817  -3.81077   0.59189    76.31771    76.12463     0.19308
  -1.62569  -3.54155  -0.48811    88.94759    89.60640    -0.65882
  -0.77486  -4.12884  -0.48811    79.39438    78.85678     0.53761
   0.25145  -4.25345  -0.48811    74.63410    73.72062     0.91348
   1.21811  -3.88685  -0.48811    75.77052    74.60075     1.16976
  -1.23390  -3.52292  -1.56811    78.70789    78.44453     0.26336
  -0.27513  -3.96078  -1.56811    73.66020    72.76384     0.89636
   0.76817  -3.81077  -1.56811    72.56081    71.45989     1.10092
  -1.08891  -2.10920  -2.35872    80.09092    80.00525     0.08567
  -0.54891  -3.04451  -2.35872    73.96329    73.64444     0.31885
   0.53109  -3.04451  -2.35872    71.17464    70.71286     0.46178
   2.99794  -3.03849   1.40935    63.06596    63.94080    -0.87484
   4.32855  -2.10318   0.61873    66.06985    65.94380     0.12604
   2.19172  -3.95476   0.61873    66.53169    66.71224    -0.18054
   3.23502  -3.80475   0.61873    62.24894    62.39945    -0.15051
   4.03160  -3.11451   0.61873    61.80404    61.89620    -0.09216
   4.61794  -2.10318  -0.46127    65.67514    65.22824     0.44690
   1.69199  -4.12282  -0.46127    70.11101    69.43810     0.67291
   2.71830  -4.24743  -0.46127    63.73488    63.31013     0.42476
   3.68496  -3.88083  -0.46127    61.18155    60.77750     0.40405
   4.37052  -3.10699  -0.46127    61.44071    61.09716     0.34355
   4.32855  -2.10318  -1.54127    63.23099    63.12149     0.10950
   2.19172  -3.95476  -1.54127    65.68769    65.18083     0.50686
   3.23502  -3.80475  -1.54127    61.71619    61.32297     0.39322
   4.03160  -3.11451  -1.54127    60.88850    60.63411     0.25439
   3.53794  -2.10318  -2.33189    61.69799    62.14533    -0.44734
   1.91794  -3.03849  -2.33189    66.28446    66.33102    -0.04656
   2.99794  -3.03849  -2.33189    61.86742    62.04279    -0.17537
   4.77655   0.00004   1.87074    60.14365    60.42723    -0.28358
   5.56716   0.00004   1.08012    59.07437    58.76816     0.30621
   5.27021   1.01137   1.08012    60.89164    60.59535     0.29629
   4.47363  -1.70153   1.08012    63.74179    63.82509    -0.08330
   5.27021  -1.01129   1.08012    59.95477    59.83561     0.11916
   5.85655   0.00004   0.00012    58.77756    58.19031     0.58725
   5.60913   1.00384   0.00012    59.87507    59.38480     0.49028
   4.92357   1.77769   0.00012    64.07060    63.67591     0.39470
   4.92357  -1.77760   0.00012    64.07060    63.67625     0.39436
   5.60913  -1.00376   0.00012    59.87507    59.38495     0.49013
   5.56716   0.00004  -1.07988    59.07500    58.76837     0.30663
   5.27021   1.01137  -1.07988    59.95477    59.83572     0.11905
   4.47363   1.70161  -1.07988    63.74179    63.82539    -0.08360
   5.27021  -1.01129  -1.07988    60.89164    60.59585     0.29579
   4.77655   0.00004  -1.87049    60.14365    60.42758    -0.28393
   3.53784   2.10326   2.33189    61.69862    62.14610    -0.44748
   2.99784   3.03856   2.33189    61.86742    62.04307    -0.17565
   1.91784   3.03856   2.33189    66.28383    66.33086    -0.04703
   4.32845   2.10326   1.54127    63.23225    63.12261     0.10964
   4.03150   3.11459   1.54127    60.88913    60.63458     0.25455
   3.23492   3.80483   1.54127    61.71681    61.32317     0.39364
   2.19162   3.95483   1.54127    65.68707    65.18078     0.50629
   4.61784   2.10326   0.46128    65.67577    65.22913     0.44665
   4.37042   3.10706   0.46128    61.44071    61.09754     0.34317
   3.68486   3.88090   0.46128    61.18155    60.77771     0.40384
   2.71819   4.24751   0.46128    63.73488    63.31025     0.42463
   1.69189   4.12289   0.46128    70.11101    69.43812     0.67289
   4.32845   2.10326  -0.61872    66.06922    65.94360     0.12562
   4.03150   3.11459  -0.61872    61.80404    61.89623    -0.09219
   3.23492   3.80483  -0.61872    62.24957    62.39957    -0.15000
   2.19162   3.95483  -0.61872    66.53232    66.71248    -0.18016
   2.99784   3.03856  -1.40934    63.06596    63.94079    -0.87483
   0.53099   3.04451   2.35851    71.17589    70.71466     0.46124
  -0.54901   3.04451   2.35851    73.96454    73.64651     0.31803
  -1.08901   2.10920   2.35851    80.09218    80.00766     0.08451
   0.76807   3.81077   1.56789    72.56206    71.46168     1.10038
  -0.27523   3.96078   1.56789    73.66146    72.76573     0.89573
  -1.23400   3.52292   1.56789    78.71040    78.44726     0.26314
   1.21801   3.88685   0.48789    75.77177    74.60208     1.16970
   0.25135   4.25345   0.48789    74.63535    73.72195     0.91341
  -0.77495   4.12884   0.48789    79.39627    78.85882     0.53745
  -1.62579   3.54155   0.48789    88.95198    89.61059    -0.65860
   0.76807   3.81077  -0.59211    76.31833    76.12498     0.19335
  -0.27523   3.96078  -0.59211    81.76637    81.70208     0.06429
  -2.30999  -1.05531   3.46206    76.15581    77.12918    -0.97337
  -1.28393  -1.05531   3.28114    78.47257    79.26337    -0.79080
  -1.79696  -0.16672   3.28114    76.85234    77.34841    -0.49607
  -2.82302  -0.16672   3.28114    76.01713    76.67531    -0.65818
  -3.33605  -1.05531   3.28114    76.19409    77.08463    -0.89055
  -2.82302  -1.94391   3.28114    77.87707    78.67123    -0.79417
  -2.58443   0.85342   2.76019    80.76800    80.27531     0.49269
  -3.57280   0.40205   2.76019    80.17250    80.21661    -0.04411
  -4.16024  -0.51203   2.76019    79.88886    80.33525    -0.44639
  -4.16024  -1.59860   2.76019    79.47784    79.94761    -0.46977
  -3.57280  -2.51267   2.76019    79.59142    79.91143    -0.32001
  -4.41188   0.47180   1.96206    89.03858    88.35539     0.68319
  -3.60903  -3.30531   1.96206    81.55804    81.46154     0.09649
  -4.09043  -3.41299   0.98300    82.02804    81.87262     0.15542
  -3.11851  -3.89695   0.98300    81.68981    81.73631    -0.04650
  -4.09043  -3.41299  -0.05889    81.05979    81.22151    -0.16171
  -3.11851  -3.89695  -0.05889    79.40129    79.86373    -0.46244
  -2.03739  -3.99713  -0.05889    82.46604    82.97736    -0.51132
  -3.60903  -3.30531  -1.03794    78.19710    78.86430    -0.66721
  -2.58156  -3.63916  -1.03794    77.86640    78.71241    -0.84601
  -4.16024  -1.59860  -1.83608    85.11037    84.72852     0.38185
  -3.57280  -2.51267  -1.83608    78.68279    79.14957    -0.46678
  -2.58443  -2.96405  -1.83608    76.97471    77.73561    -0.76090
  -3.33605  -1.05531  -2.35702    84.44521    83.81587     0.62934
  -2.82302  -1.94391  -2.35702    79.08502    79.06092     0.02410
  -1.79696  -1.94391  -2.35702    80.83326    80.56165     0.27161
  -1.13233   0.88858   2.81904    78.83088    78.49440     0.33648
  -2.15839   0.88858   2.81904    80.23274    79.64809     0.58465
  -2.15839  -0.88861  -2.81911    80.23148    79.64639     0.58509
  -1.13233  -0.88861  -2.81911    78.83088    78.49384     0.33704
  -1.79702   1.94388   2.35709    80.83201    80.56119     0.27082
  -2.82308   1.94388   2.35709    79.08565    79.06229     0.02336
  -3.33611   1.05528   2.35709    84.44646    83.81797     0.62849
  -2.58449   2.96402   1.83614    76.97596    77.73705    -0.76109
  -3.57286   2.51264   1.83614    78.68530    79.15220    -0.46690
  -4.16030   1.59856   1.83614    85.11351    84.73178     0.38172
  -2.58163   3.63913   1.03801    77.86828    78.71432    -0.84604
  -3.60909   3.30528   1.03801    78.19961    78.86695    -0.66734
  -2.03745   3.99710   0.05895    82.46793    82.97956    -0.51164
  -3.11857   3.89692   0.05895    79.40380    79.86618    -0.46238
  -4.09049   3.41296   0.05895    81.06230    81.22385    -0.16154
  -3.11857   3.89692  -0.98294    81.69232    81.73882    -0.04650
  -4.09049   3.41296  -0.98294    82.02930    81.87418     0.15512
  -3.60909   3.30528  -1.96199    81.55929    81.46308     0.09621
  -4.41194  -0.47183  -1.96199    89.03419    88.35139     0.68279
  -3.57286   2.51264  -2.76012    79.59142    79.91200    -0.32058
  -4.16030   1.59856  -2.76012    79.47659    79.94633    -0.46974
  -4.16030   0.51200  -2.76012    79.88698    80.33300    -0.44602
  -3.57286  -0.40208  -2.76012    80.17061    80.21459    -0.04397
  -2.58449  -0.85345  -2.76012    80.76800    80.27475     0.49325
  -1.28399   1.05528  -3.28107    78.47446    79.26445    -0.79000
  -2.82308   1.94388  -3.28107    77.87769    78.67206    -0.79437
  -3.33611   1.05528  -3.28107    76.19346    77.08409    -0.89063
  -2.82308   0.16669  -3.28107    76.01713    76.67488    -0.65775
  -1.79702   0.16669  -3.28107    76.85360    77.34911    -0.49551
  -2.31005   1.05528  -3.46199    76.15644    77.12972    -0.97328
  -1.29473   4.06651  -0.42329    83.97207    84.12799    -0.15593
  -2.33605   4.06651  -0.42329    82.34431    82.69669    -0.35238
  -0.35654   3.61470  -1.49139    83.11803    83.48618    -0.36816
  -1.29473   4.06651  -1.49139    80.98889    81.07149    -0.08261
  -2.33605   4.06651  -1.49139    80.68705    80.71373    -0.02668
  -0.23687   2.79980  -2.45371    80.27164    80.77172    -0.50008
  -1.03591   3.49218  -2.45371    79.48286    79.63669    -0.15383
  -2.08243   3.64264  -2.45371    79.31532    79.36663    -0.05131
  -3.04417   3.20343  -2.45371    81.48336    81.55533    -0.07197
  -0.77407   1.78535  -3.11966    79.27014    79.88348    -0.61334
  -1.29473   2.68716  -3.11966    78.55352    78.92382    -0.37030
  -2.33605   2.68716  -3.11966    79.09569    79.52325    -0.42756
  -1.81539   1.78535  -3.35734    78.88359    79.70234    -0.81875
  -4.35914   1.14074   1.76305    88.84217    88.05587     0.78630
  -4.54660   2.55883   1.09710    81.37292    81.38182    -0.00890
  -5.11821   1.66938   1.09710    84.30716    83.64895     0.65821
  -5.11821   0.61210   1.09710    92.48988    91.23917     1.25071
  -4.77668   2.97009   0.13477    80.62619    80.46979     0.15639
  -5.42593   2.15595   0.13477    81.59632    81.01159     0.58473
  -5.65765   1.14074   0.13477    85.62995    84.62227     1.00767
  -5.42593   0.12553   0.13477    95.04510    93.50207     1.54303
  -4.77668   2.97009  -0.93333    81.05854    80.76743     0.29111
  -5.42593   2.15595  -0.93333    80.97132    80.45048     0.52084
  -5.65765   1.14074  -0.93333    83.75118    82.95996     0.79122
  -5.42593   0.12553  -0.93333    90.25532    89.09581     1.15951
  -4.54660   2.55883  -1.89565    81.91446    81.76988     0.14458
  -5.11821   1.66938  -1.89565    81.34782    81.10957     0.23825
  -5.11821   0.61210  -1.89565    84.22558    83.83812     0.38746
  -0.17843  -0.00002   2.99993    72.97998    73.45901    -0.47902
   0.33460  -0.88861   2.81901    72.03182    72.48392    -0.45211
   0.33460   0.88858  -2.81915    72.02993    72.48220    -0.45227
  -0.17843  -0.00002  -3.00007    72.97873    73.45765    -0.47893
   0.52485  -1.19367   2.75100    71.16460    71.57971    -0.41511
   0.01182  -2.08227   2.57007    79.05804    79.76938    -0.71134
   1.03788  -2.08227   2.57007    67.64050    68.20599    -0.56549
   0.25042  -3.10241   2.04913    76.63585    77.29609    -0.66024
   0.25328  -3.77752   1.25100    76.56620    76.90488    -0.33868
  -1.32540  -1.73695  -2.54714    79.52930    79.19091     0.33839
   1.03788  -0.30508  -3.06808    64.14214    64.10744     0.03469
   0.01182  -0.30508  -3.06808    70.43480    70.82387    -0.38907
  -0.50121  -1.19367  -3.06808    71.89690    72.05435    -0.15745
   0.01182  -2.08227  -3.06808    67.89967    68.05354    -0.15387
   1.03788  -2.08227  -3.06808    63.89804    64.08527    -0.18723
   0.52485  -1.19367  -3.24900    65.14364    65.39990    -0.25626
   1.91599  -1.18660   2.74786    61.57500    61.40483     0.17017
   1.40296  -2.07520   2.56693    64.89138    65.36960    -0.47821
   2.42902  -2.07520   2.56693    59.62846    60.00231    -0.37385
   1.64155  -3.09534   2.04599    64.61403    65.28995    -0.67592
   2.71706  -2.94070   2.04599    59.83240    60.47350    -0.64110
   3.53823  -2.22915   2.04599    58.64704    59.06367    -0.41663
   1.64442  -3.77045   1.24786    66.65657    67.06388    -0.40731
   4.28945  -2.24333   1.24786    60.68833    60.87435    -0.18602
   3.84435  -1.18660  -2.55028    58.73614    58.98918    -0.25304
   1.64155  -3.09534  -2.55028    64.54186    64.47743     0.06443
   2.94205  -1.18660  -3.07122    57.68569    57.97762    -0.29193
   2.42902  -0.29801  -3.07122    58.66963    58.61899     0.05064
   1.40296  -0.29801  -3.07122    62.33679    62.19132     0.14548
   1.40296  -2.07520  -3.07122    62.51752    62.75469    -0.23717
   2.42902  -2.07520  -3.07122    59.15909    59.56378    -0.40470
   1.91599  -1.18660  -3.25214    59.49229    59.71037    -0.21808
   2.61090   0.00003   3.00005    58.43243    58.33145     0.10098
   3.63696   0.00003   2.81913    56.92892    57.09337    -0.16445
   2.09787  -0.88856   2.81913    60.59922    60.31301     0.28621
   3.12393  -0.88856   2.81913    57.43532    57.49335    -0.05803
   4.53927   0.00003   2.29819    57.55141    57.84321    -0.29181
   4.23314   1.04258   2.29819    59.15846    59.34766    -0.18921
   3.41197  -1.75407   2.29819    58.53346    58.84642    -0.31296
   4.23314  -1.04252   2.29819    57.24769    57.55233    -0.30464
   4.34936  -1.93072   1.50005    59.90645    60.12150    -0.21506
   4.34936   1.93078  -1.49995    59.90582    60.12102    -0.21519
   4.53927   0.00003  -2.29808    57.55078    57.84242    -0.29165
   4.23314   1.04258  -2.29808    57.24644    57.55164    -0.30520
   3.41197   1.75413  -2.29808    58.53346    58.84612    -0.31266
   4.23314  -1.04252  -2.29808    59.15846    59.34740    -0.18895
   3.63696   0.00003  -2.81902    56.92829    57.09289    -0.16460
   3.12393   0.88862  -2.81902    57.43532    57.49296    -0.05764
   2.09787   0.88862  -2.81902    60.59922    60.31284     0.28638
   2.61090   0.00003  -2.99995    58.43243    58.33125     0.10118
   1.91593   1.18664   3.25216    59.49229    59.71050    -0.21821
   2.94199   1.18664   3.07124    57.68569    57.97811    -0.29242
   2.42896   2.07524   3.07124    59.15846    59.56383    -0.40537
   1.40290   2.07524   3.07124    62.51689    62.75431    -0.23742
   1.40290   0.29805   3.07124    62.33679    62.19162     0.14518
   2.42896   0.29805   3.07124    58.66963    58.61959     0.05004
   3.84430   1.18664   2.55030    58.73677    58.99017    -0.25340
   1.64150   3.09538   2.55030    64.54061    64.47698     0.06363
   4.28939   2.24338  -1.24783    60.68770    60.87387    -0.18617
   1.64436   3.77049  -1.24783    66.65782    67.06436    -0.40654
   3.53818   2.22919  -2.04597    58.64641    59.06319    -0.41678
   2.71700   2.94074  -2.04597    59.83240    60.47351    -0.64110
   1.64150   3.09538  -2.04597    64.61465    65.29023    -0.67557
   2.42896   2.07524  -2.56691    59.62846    60.00210    -0.37364
   1.40290   2.07524  -2.56691    64.89138    65.36967    -0.47829
   1.91593   1.18664  -2.74783    61.57500    61.40461     0.17038
   0.52479   1.19366   3.24893    65.14364    65.40036    -0.25671
   1.03782   2.08225   3.06801    63.89866    64.08562    -0.18696
   0.01176   2.08225   3.06801    67.89967    68.05378    -0.15412
  -0.50127   1.19366   3.06801    71.89753    72.05487    -0.15734
   0.01176   0.30506   3.06801    70.43543    70.82474    -0.38930
   1.03782   0.30506   3.06801    64.14277    64.10818     0.03459
  -1.32546   1.73694   2.54706    79.52930    79.19161     0.33769
   0.25322   3.77750  -1.25107    76.56745    76.90543    -0.33798
   0.25036   3.10239  -2.04920    76.63523    77.29573    -0.66051
   1.03782   2.08225  -2.57015    67.64050    68.20549    -0.56499
   0.01176   2.08225  -2.57015    79.05678    79.76814    -0.71135
   0.52479   1.19366  -2.75107    71.16397    71.57912    -0.41515
  -5.11816  -0.61213   1.89589    84.22558    83.83807     0.38751
  -5.11816  -1.66941   1.89589    81.34657    81.10869     0.23787
  -4.54655  -2.55886   1.89589    81.91258    81.76794     0.14464
  -5.42588  -0.12556   0.93356    90.25595    89.09666     1.15929
  -5.65760  -1.14077   0.93356    83.75118    82.95983     0.79135
  -5.42588  -2.15599   0.93356    80.97069    80.44964     0.52105
  -4.77663  -2.97012   0.93356    81.05728    80.76581     0.29147
  -5.42588  -0.12556  -0.13454    95.04698    93.50335     1.54363
  -5.65760  -1.14077  -0.13454    85.62995    84.62230     1.00765
  -5.42588  -2.15599  -0.13454    81.59569    81.01092     0.58477
  -4.77663  -2.97012  -0.13454    80.62493    80.46854     0.15639
  -5.11816  -0.61213  -1.09687    92.49051    91.23965     1.25086
  -5.11816  -1.66941  -1.09687    84.30653    83.64854     0.65799
  -4.54655  -2.55886  -1.09687    81.37229    81.38090    -0.00861
  -4.35909  -1.14077  -1.76282    88.84217    88.05561     0.78656
  -1.81523  -1.78534   3.35736    78.88296    79.70198    -0.81901
  -0.77390  -1.78534   3.11968    79.26826    79.88238    -0.61413
  -2.33589  -2.68715   3.11968    79.09569    79.52311    -0.42742
  -1.29456  -2.68715   3.11968    78.55289    78.92301    -0.37012
  -3.04400  -3.20342   2.45373    81.48399    81.55557    -0.07158
  -2.08226  -3.64263   2.45373    79.31469    79.36598    -0.05129
  -1.03574  -3.49217   2.45373    79.48161    79.63556    -0.15395
  -0.23670  -2.79979   2.45373    80.26976    80.77019    -0.50043
  -2.33589  -4.06650   1.49141    80.68580    80.71286    -0.02706
  -1.29456  -4.06650   1.49141    80.98700    81.07024    -0.08323
  -0.35637  -3.61469   1.49141    83.11552    83.48432    -0.36880
  -2.33589  -4.06650   0.42331    82.34305    82.69543    -0.35238
  -1.29456  -4.06650   0.42331    83.97081    84.12665    -0.15584
  -0.27595  -3.96650   1.00827    79.74579    79.90809    -0.16230
  -0.52957  -4.39037   0.04594    75.64753    75.34780     0.29973
   0.51175  -4.39037   0.04594    71.52981    71.02848     0.50133
  -1.46777  -3.93855  -1.02216    77.77855    77.79593    -0.01738
  -0.52957  -4.39037  -1.02216    71.87306    71.28412     0.58893
   0.51175  -4.39037  -1.02216    69.51425    68.68670     0.82754
  -1.23769  -3.52729  -1.98448    73.74680    73.57639     0.17041
  -0.27595  -3.96650  -1.98448    69.37118    68.77152     0.59966
   0.77057  -3.81603  -1.98448    68.37720    67.65026     0.72694
  -1.05023  -2.10920  -2.65043    75.83013    75.77709     0.05304
  -0.52957  -3.01101  -2.65043    70.32311    70.14488     0.17823
   0.51175  -3.01101  -2.65043    67.81370    67.56613     0.24757
   2.19090  -3.96048   1.03511    63.80517    64.14887    -0.34371
   3.23742  -3.81001   1.03511    59.58956    59.89324    -0.30369
   4.03646  -3.11764   1.03511    59.08880    59.31955    -0.23074
   1.93728  -4.38435   0.07278    65.00873    64.75714     0.25159
   2.97860  -4.38435   0.07278    59.92339    59.76367     0.15973
   3.91680  -3.93253   0.07278    57.96243    57.80557     0.15685
   4.56605  -3.11840   0.07278    58.61629    58.45439     0.16190
   4.79777  -2.10318  -0.99532    61.52166    61.23916     0.28250
   1.93728  -4.38435  -0.99532    64.39251    63.86069     0.53183
   2.97860  -4.38435  -0.99532    59.57073    59.19199     0.37874
   3.91680  -3.93253  -0.99532    57.62859    57.30111     0.32748
   4.56605  -3.11840  -0.99532    58.03396    57.77142     0.26254
   4.33433  -2.10318  -1.95764    59.59081    59.62897    -0.03816
   2.19090  -3.96048  -1.95764    62.30730    61.98056     0.32674
   3.23742  -3.81001  -1.95764    58.58178    58.37387     0.20790
   4.03646  -3.11764  -1.95764    57.72774    57.63594     0.09180
   2.97860  -3.00499  -2.62360    59.13963    59.33642    -0.19678
   4.73787   0.00004   2.16245    57.59157    57.85240    -0.26084
   5.57294   0.00004   1.49650    56.12006    56.02005     0.10000
   5.27507   1.01450   1.49650    57.91787    57.79651     0.12136
   5.27507  -1.01442   1.49650    56.90131    56.93691    -0.03560
   6.03638   0.00004   0.53417    55.47435    55.08732     0.38703
   5.80466   1.01525   0.53417    56.59822    56.23979     0.35843
   5.15541   1.82939   0.53417    60.43795    60.10819     0.32976
   5.15541  -1.82931   0.53417    59.46468    59.27776     0.18692
   5.80466  -1.01517   0.53417    56.29639    55.99083     0.30555
   6.03638   0.00004  -0.53393    55.47435    55.08741     0.38693
   5.80466   1.01525  -0.53393    56.29576    55.99081     0.30495
   5.15541   1.82939  -0.53393    59.46468    59.27769     0.18700
   5.15541  -1.82931  -0.53393    60.43858    60.10879     0.32979
   5.80466  -1.01517  -0.53393    56.59822    56.24005     0.35817
   5.57294   0.00004  -1.49625    56.12006    56.02033     0.09973
   5.27507   1.01450  -1.49625    56.90131    56.93710    -0.03579
   5.27507  -1.01442  -1.49625    57.91850    57.79708     0.12141
   4.73787   0.00004  -2.16220    57.59219    57.85281    -0.26061
   2.97850   3.00507   2.62360    59.13963    59.33669    -0.19706
   4.33423   2.10326   1.95765    59.59207    59.63000    -0.03793
   4.03636   3.11771   1.95765    57.72774    57.63641     0.09132
   3.23732   3.81008   1.95765    58.58240    58.37408     0.20833
   2.19080   3.96055   1.95765    62.30667    61.98049     0.32618
   4.79766   2.10326   0.99532    61.52291    61.24027     0.28264
   4.56595   3.11847   0.99532    58.03459    57.77192     0.26267
   3.91669   3.93261   0.99532    57.62859    57.30137     0.32722
   2.97850   4.38442   0.99532    59.57073    59.19211     0.37862
   1.93718   4.38442   0.99532    64.39251    63.86063     0.53189
   4.56595   3.11847  -0.07278    58.61692    58.45464     0.16228
   3.91669   3.93261  -0.07278    57.96243    57.80574     0.15668
   2.97850   4.38442  -0.07278    59.92402    59.76380     0.16022
   1.93718   4.38442  -0.07278    65.00936    64.75727     0.25209
   4.03636   3.11771  -1.03510    59.08880    59.31951    -0.23070
   3.23732   3.81008  -1.03510    59.58956    59.89334    -0.30378
   2.19080   3.96055  -1.03510    63.80517    64.14911    -0.34395
   0.51165   3.01101   2.65022    67.81495    67.56792     0.24703
  -0.52967   3.01101   2.65022    70.32499    70.14691     0.17808
  -1.05033   2.10920   2.65022    75.83139    75.77947     0.05191
   0.77047   3.81603   1.98427    68.37908    67.65206     0.72702
  -0.27605   3.96650   1.98427    69.37243    68.77336     0.59907
  -1.23779   3.52729   1.98427    73.74868    73.57887     0.16981
   0.51165   4.39036   1.02194    69.51550    68.68813     0.82737
  -0.52967   4.39036   1.02194    71.87431    71.28588     0.58843
  -1.46787   3.93855   1.02194    77.78106    77.79875    -0.01769
   0.51165   4.39036  -0.04616    71.53106    71.02935     0.50172
  -0.52967   4.39036  -0.04616    75.64941    75.34913     0.30028
  -0.27605   3.96650  -1.00848    79.74642    79.90832    -0.16190
