   18  878    0
                  -4.3652500E+00  -1.9942543E+00   8.7316112E-01
                  -3.1092777E+00  -3.4015068E-05  -6.8030136E-05
                  -4.3653672E+00   1.9941919E+00  -8.7303829E-01
                  -3.4305972E+00   3.3738166E+00  -1.8091084E+00
                  -6.2697726E+00   2.1556860E+00  -7.5452223E-01
                  -3.3718192E-01  -3.2125342E-05  -1.2850137E-04
                   9.9182835E-01  -2.2557111E+00  -4.7054933E-01
                   3.6206942E+00  -2.2423507E+00  -4.7648118E-01
                   4.9338913E+00   5.6691780E-05   1.0204520E-04
                   3.6205903E+00   2.2424320E+00   4.7652275E-01
                   9.9171686E-01   2.2556847E+00   4.7040571E-01
                  -6.2696743E+00  -2.1557465E+00   7.5496254E-01
                  -3.4302779E+00  -3.3737958E+00   1.8091462E+00
                  -1.6839348E-02  -3.9858157E+00  -9.2238848E-01
                   4.6448293E+00  -3.9744396E+00  -8.7167391E-01
                   6.9854647E+00   7.7478766E-05   2.3054657E-04
                   4.6446366E+00   3.9745775E+00   8.7168336E-01
                  -1.7024541E-02   3.9858119E+00   9.2198597E-01
   1.4665500E-01  -4.3652500E+00  -1.9942543E+00   4.8415857E+00
   1.4849700E-01  -3.3731439E+00  -2.7587543E-01   4.3099170E+00
   1.4347000E-01  -5.3573562E+00  -2.7587543E-01   4.3099170E+00
   1.5070400E-01  -6.3494623E+00  -1.9942543E+00   4.3099170E+00
   1.6261900E-01  -5.3573562E+00  -3.7126313E+00   4.3099170E+00
   1.7295100E-01  -6.6158456E+00   6.0307392E-01   2.8573734E+00
   1.7303000E-01  -6.6158456E+00  -4.5915806E+00   2.8573734E+00
   1.6601200E-01  -5.7724723E+00  -5.7047955E+00   8.7316112E-01
   1.4754500E-01  -4.8543508E+00  -5.3960294E+00  -1.1110512E+00
   1.6964900E-01  -6.3494623E+00  -1.9942543E+00  -2.5635947E+00
   1.4483800E-01  -5.3573562E+00  -3.7126313E+00  -2.5635947E+00
   1.4885200E-01  -3.3731439E+00  -3.7126313E+00  -2.5635947E+00
   1.5810900E-01  -2.1171715E+00   1.7183448E+00   3.4366878E+00
   1.5864100E-01  -4.1013838E+00   1.7183448E+00   3.4366878E+00
   1.5864100E-01  -4.1013838E+00  -1.7184129E+00  -3.4368239E+00
   1.5811100E-01  -2.1171715E+00  -1.7184129E+00  -3.4368239E+00
   1.4884900E-01  -3.3732610E+00   3.7125708E+00   2.5637194E+00
   1.4484400E-01  -5.3574733E+00   3.7125708E+00   2.5637194E+00
   1.6965800E-01  -6.3495795E+00   1.9941919E+00   2.5637194E+00
   1.4755200E-01  -4.8544680E+00   5.3959671E+00   1.1111740E+00
   1.6602000E-01  -5.7725894E+00   5.7047332E+00  -8.7303829E-01
   1.7303000E-01  -6.6159647E+00   4.5915201E+00  -2.8572506E+00
   1.7294200E-01  -6.6159647E+00  -6.0313440E-01  -2.8572506E+00
   1.6262200E-01  -5.3574733E+00   3.7125708E+00  -4.3097941E+00
   1.5069900E-01  -6.3495795E+00   1.9941919E+00  -4.3097941E+00
   1.4346900E-01  -5.3574733E+00   2.7581307E-01  -4.3097941E+00
   1.4850400E-01  -3.3732610E+00   2.7581307E-01  -4.3097941E+00
   1.4665700E-01  -4.3653672E+00   1.9941919E+00  -4.8414629E+00
   1.6665300E-01  -2.9062909E+00   6.3473024E+00  -8.2805903E-01
   1.6600300E-01  -4.9402766E+00   5.9886550E+00  -8.2805903E-01
   1.6647800E-01  -1.1176350E+00   5.3146200E+00  -2.7901559E+00
   1.6389900E-01  -2.9062909E+00   6.3473024E+00  -2.7901559E+00
   1.6541500E-01  -4.9402766E+00   5.9886550E+00  -2.7901559E+00
   1.5984200E-01  -1.5645325E+00   3.3738166E+00  -4.3775257E+00
   1.6071100E-01  -2.8539511E+00   5.1485490E+00  -4.3775257E+00
   1.6166700E-01  -4.9402766E+00   4.4706608E+00  -4.3775257E+00
   1.5648900E-01  -3.4305972E+00   3.3738166E+00  -4.9838480E+00
   1.6577900E-01  -7.7794501E+00   3.2525302E+00   1.8138951E+00
   1.9127300E-01  -7.7794501E+00   1.0588399E+00   1.8138951E+00
   1.6266600E-01  -7.7794501E+00   4.7705244E+00   2.2652523E-01
   1.6836200E-01  -9.1070393E+00   3.1883665E+00   2.2652523E-01
   1.8504000E-01  -9.1070393E+00   1.1230056E+00   2.2652523E-01
   1.6616200E-01  -7.7794501E+00   4.7705244E+00  -1.7355716E+00
   1.6645000E-01  -9.1070393E+00   3.1883665E+00  -1.7355716E+00
   1.7610900E-01  -9.1070393E+00   1.1230056E+00  -1.7355716E+00
   1.9853200E-01  -7.7794501E+00  -4.5915428E-01  -1.7355716E+00
   1.6430200E-01  -7.7794501E+00   3.2525302E+00  -3.3229414E+00
   1.6591000E-01  -7.7794501E+00   1.0588399E+00  -3.3229414E+00
   1.3018400E-01  -3.3718192E-01  -3.2125342E-05   3.9682961E+00
   1.3018200E-01  -3.3718192E-01  -3.2125342E-05  -3.9685531E+00
   1.2295700E-01   9.9182835E-01  -2.2557111E+00   3.4978752E+00
   1.4922800E-01  -2.7778972E-04  -3.9740900E+00   2.9662065E+00
   1.1722600E-01   1.9839345E+00  -3.9740900E+00   2.9662065E+00
   1.1000200E-01   1.9839345E+00  -5.3733414E-01  -3.9073071E+00
   1.3679300E-01  -9.9238393E-01  -2.2557111E+00  -3.9073071E+00
   1.1934400E-01   1.9839345E+00  -3.9740900E+00  -3.9073071E+00
   1.1514700E-01   9.9182835E-01  -2.2557111E+00  -4.4389739E+00
   1.0363300E-01   3.6206942E+00  -2.2423507E+00   3.4919434E+00
   1.1195200E-01   2.6285881E+00  -3.9607296E+00   2.9602747E+00
   1.0498500E-01   4.6128004E+00  -3.9607296E+00   2.9602747E+00
   1.2172800E-01   3.1315934E+00  -5.6441259E+00   1.5077311E+00
   1.0555200E-01   5.6049065E+00  -2.2423507E+00  -3.9132389E+00
   1.0661300E-01   2.6285881E+00  -5.2397377E-01  -3.9132389E+00
   1.1632600E-01   2.6285881E+00  -3.9607296E+00  -3.9132389E+00
   1.0324800E-01   3.6206942E+00  -2.2423507E+00  -4.4449058E+00
   1.0125100E-01   4.9338913E+00   5.6691780E-05   3.9685266E+00
   1.0621200E-01   6.9181035E+00   5.6691780E-05   3.4368579E+00
   1.0307100E-01   5.9259974E+00  -1.7183222E+00   3.4368579E+00
   1.0620900E-01   6.9181035E+00   5.6691780E-05  -3.4366538E+00
   1.0306900E-01   5.9259974E+00   1.7184356E+00  -3.4366538E+00
   1.0125000E-01   4.9338913E+00   5.6691780E-05  -3.9683225E+00
   1.0324800E-01   3.6205903E+00   2.2424320E+00   4.4449473E+00
   1.0555300E-01   5.6048026E+00   2.2424320E+00   3.9132805E+00
   1.1632400E-01   2.6284841E+00   3.9608090E+00   3.9132805E+00
   1.0661300E-01   2.6284841E+00   5.2405314E-01   3.9132805E+00
   1.2173100E-01   3.1314876E+00   5.6442071E+00  -1.5076895E+00
   1.0498500E-01   4.6126964E+00   3.9608090E+00  -2.9602331E+00
   1.1195300E-01   2.6284841E+00   3.9608090E+00  -2.9602331E+00
   1.0363200E-01   3.6205903E+00   2.2424320E+00  -3.4919018E+00
   1.1514600E-01   9.9171686E-01   2.2556847E+00   4.4388303E+00
   1.1934200E-01   1.9838230E+00   3.9740635E+00   3.9071634E+00
   1.3679200E-01  -9.9249543E-01   2.2556847E+00   3.9071634E+00
   1.1000400E-01   1.9838230E+00   5.3730768E-01   3.9071634E+00
   1.1722600E-01   1.9838230E+00   3.9740635E+00  -2.9663501E+00
   1.4922600E-01  -3.8928355E-04   3.9740635E+00  -2.9663501E+00
   1.2295600E-01   9.9171686E-01   2.2556847E+00  -3.4980189E+00
   1.6591200E-01  -7.7793518E+00  -1.0589004E+00   3.3233817E+00
   1.6430000E-01  -7.7793518E+00  -3.2525926E+00   3.3233817E+00
   1.9853500E-01  -7.7793518E+00   4.5909381E-01   1.7360119E+00
   1.7611000E-01  -9.1069410E+00  -1.1230660E+00   1.7360119E+00
   1.6644900E-01  -9.1069410E+00  -3.1884269E+00   1.7360119E+00
   1.6615800E-01  -7.7793518E+00  -4.7705868E+00   1.7360119E+00
   1.8504100E-01  -9.1069410E+00  -1.1230660E+00  -2.2608493E-01
   1.6836000E-01  -9.1069410E+00  -3.1884269E+00  -2.2608493E-01
   1.6266300E-01  -7.7793518E+00  -4.7705868E+00  -2.2608493E-01
   1.9127300E-01  -7.7793518E+00  -1.0589004E+00  -1.8134548E+00
   1.6577600E-01  -7.7793518E+00  -3.2525926E+00  -1.8134548E+00
   1.5648700E-01  -3.4302779E+00  -3.3737958E+00   4.9838858E+00
   1.5983800E-01  -1.5642131E+00  -3.3737958E+00   4.3775635E+00
   1.6166700E-01  -4.9399573E+00  -4.4706400E+00   4.3775635E+00
   1.6070900E-01  -2.8536318E+00  -5.1485282E+00   4.3775635E+00
   1.6541300E-01  -4.9399573E+00  -5.9886343E+00   2.7901937E+00
   1.6389600E-01  -2.9059715E+00  -6.3472816E+00   2.7901937E+00
   1.6647300E-01  -1.1173175E+00  -5.3146011E+00   2.7901937E+00
   1.6599800E-01  -4.9399573E+00  -5.9886343E+00   8.2809683E-01
   1.6664900E-01  -2.9059715E+00  -6.3472816E+00   8.2809683E-01
   1.4160000E-01   5.5980676E-01  -5.7605500E+00   1.6460307E+00
   1.5386200E-01  -1.5265188E+00  -6.6006560E+00   5.8660874E-02
   1.3680800E-01   5.0746513E-01  -6.9593015E+00   5.8660874E-02
   1.5289000E-01  -2.8541080E+00  -5.0184962E+00  -1.9034360E+00
   1.4091800E-01  -1.5265188E+00  -6.6006560E+00  -1.9034360E+00
   1.3242600E-01   5.0746513E-01  -6.9593015E+00  -1.9034360E+00
   1.3854800E-01   2.2961210E+00  -5.9266210E+00  -1.9034360E+00
   1.4633300E-01  -1.5265188E+00  -2.8889696E+00  -3.4908058E+00
   1.3667500E-01  -1.5265188E+00  -5.0826618E+00  -3.4908058E+00
   1.2830000E-01   5.5980676E-01  -5.7605500E+00  -3.4908058E+00
   1.2795100E-01  -1.6839348E-02  -3.9858157E+00  -4.0971281E+00
   1.1389400E-01   6.5108940E+00  -3.9744396E+00   1.6967453E+00
   1.1165300E-01   5.2214754E+00  -5.7491720E+00   1.6967453E+00
   1.1798100E-01   7.6641863E+00  -3.9744396E+00   1.0937545E-01
   1.2631800E-01   3.1351499E+00  -6.5892780E+00   1.0937545E-01
   1.1428900E-01   5.1691357E+00  -6.9479253E+00   1.0937545E-01
   1.1142300E-01   6.9577897E+00  -5.9152449E+00   1.0937545E-01
   1.1525500E-01   7.6641863E+00  -3.9744396E+00  -1.8527214E+00
   1.2621100E-01   3.1351499E+00  -6.5892780E+00  -1.8527214E+00
   1.1454800E-01   5.1691357E+00  -6.9479253E+00  -1.8527214E+00
   1.1131000E-01   6.9577897E+00  -5.9152449E+00  -1.8527214E+00
   1.1031100E-01   6.5108940E+00  -3.9744396E+00  -3.4400912E+00
   1.2142500E-01   3.1351499E+00  -5.0712838E+00  -3.4400912E+00
   1.1212700E-01   5.2214754E+00  -5.7491720E+00  -3.4400912E+00
   1.1007500E-01   4.6448293E+00  -3.9744396E+00  -4.0464136E+00
   1.0807700E-01   8.8515294E+00   7.7478766E-05   2.5686478E+00
   1.1601300E-01   7.5621108E+00   1.7748118E+00   2.5686478E+00
   1.1005800E-01   7.5621108E+00  -1.7746549E+00   2.5686478E+00
   1.0843800E-01   1.0004822E+01   7.7478766E-05   9.8127801E-01
   1.1189700E-01   9.2984251E+00   1.9408828E+00   9.8127801E-01
   1.2142100E-01   7.5097692E+00  -2.9734083E+00   9.8127801E-01
   1.1044100E-01   9.2984251E+00  -1.9407278E+00   9.8127801E-01
   1.0843700E-01   1.0004822E+01   7.7478766E-05  -9.8081881E-01
   1.1044000E-01   9.2984251E+00   1.9408828E+00  -9.8081881E-01
   1.2142100E-01   7.5097692E+00   2.9735632E+00  -9.8081881E-01
   1.1189800E-01   9.2984251E+00  -1.9407278E+00  -9.8081881E-01
   1.0807600E-01   8.8515294E+00   7.7478766E-05  -2.5681886E+00
   1.1005800E-01   7.5621108E+00   1.7748118E+00  -2.5681886E+00
   1.1601500E-01   7.5621108E+00  -1.7746549E+00  -2.5681886E+00
   1.1007500E-01   4.6446366E+00   3.9745775E+00   4.0464230E+00
   1.1031200E-01   6.5107013E+00   3.9745775E+00   3.4401025E+00
   1.1212700E-01   5.2212827E+00   5.7493099E+00   3.4401025E+00
   1.2142300E-01   3.1349590E+00   5.0714236E+00   3.4401025E+00
   1.1525700E-01   7.6639935E+00   3.9745775E+00   1.8527327E+00
   1.1131000E-01   6.9575988E+00   5.9153828E+00   1.8527327E+00
   1.1454800E-01   5.1689429E+00   6.9480633E+00   1.8527327E+00
   1.2621100E-01   3.1349590E+00   6.5894178E+00   1.8527327E+00
   1.1798200E-01   7.6639935E+00   3.9745775E+00  -1.0936411E-01
   1.1142300E-01   6.9575988E+00   5.9153828E+00  -1.0936411E-01
   1.1428900E-01   5.1689429E+00   6.9480633E+00  -1.0936411E-01
   1.2632000E-01   3.1349590E+00   6.5894178E+00  -1.0936411E-01
   1.1389300E-01   6.5107013E+00   3.9745775E+00  -1.6967339E+00
   1.1165400E-01   5.2212827E+00   5.7493099E+00  -1.6967339E+00
   1.2795200E-01  -1.7024541E-02   3.9858119E+00   4.0967256E+00
   1.2830100E-01   5.5962156E-01   5.7605462E+00   3.4904052E+00
   1.3667700E-01  -1.5267021E+00   5.0826580E+00   3.4904052E+00
   1.4633500E-01  -1.5267021E+00   2.8889658E+00   3.4904052E+00
   1.3855200E-01   2.2959377E+00   5.9266172E+00   1.9030353E+00
   1.3242800E-01   5.0728182E-01   6.9592977E+00   1.9030353E+00
   1.4092200E-01  -1.5267021E+00   6.6006523E+00   1.9030353E+00
   1.5289500E-01  -2.8542913E+00   5.0184924E+00   1.9030353E+00
   1.3681000E-01   5.0728182E-01   6.9592977E+00  -5.9061496E-02
   1.5386700E-01  -1.5267021E+00   6.6006523E+00  -5.9061496E-02
   1.4160100E-01   5.5962156E-01   5.7605462E+00  -1.6464313E+00
   1.3773100E-01  -4.3652500E+00  -1.9942543E+00   5.4085035E+00
   1.3864500E-01  -3.3813434E+00  -2.9007861E-01   4.9593629E+00
   1.3583400E-01  -5.3491548E+00  -2.9007861E-01   4.9593629E+00
   1.3922800E-01  -6.3330614E+00  -1.9942543E+00   4.9593629E+00
   1.4665800E-01  -5.3491548E+00  -3.6984281E+00   4.9593629E+00
   1.5251500E-01  -6.6873037E+00   6.8553779E-01   3.7009017E+00
   1.5343100E-01  -6.6873037E+00  -4.6740464E+00   3.7009017E+00
   1.4603500E-01  -5.3491548E+00  -6.3050254E+00  -1.3604704E-01
   1.4503400E-01  -6.6873037E+00  -4.6740464E+00  -1.9545795E+00
   1.3714800E-01  -4.8698806E+00  -5.5040348E+00  -1.9545795E+00
   1.5515400E-01  -6.3330614E+00  -1.9942543E+00  -3.2130406E+00
   1.3882900E-01  -5.3491548E+00  -3.6984281E+00  -3.2130406E+00
   1.4279200E-01  -3.3813434E+00  -3.6984281E+00  -3.2130406E+00
   1.4404800E-01  -2.1253729E+00   1.7041417E+00   4.0861337E+00
   1.4616100E-01  -4.0931843E+00   1.7041417E+00   4.0861337E+00
   1.4616000E-01  -4.0931843E+00  -1.7042078E+00  -4.0862698E+00
   1.4404900E-01  -2.1253729E+00  -1.7042078E+00  -4.0862698E+00
   1.4278900E-01  -3.3814606E+00   3.6983657E+00   3.2131653E+00
   1.3883200E-01  -5.3492719E+00   3.6983657E+00   3.2131653E+00
   1.5516000E-01  -6.3331785E+00   1.9941919E+00   3.2131653E+00
   1.3715200E-01  -4.8699977E+00   5.5039743E+00   1.9547023E+00
   1.4504200E-01  -6.6874209E+00   4.6739840E+00   1.9547023E+00
   1.4604100E-01  -5.3492719E+00   6.3049649E+00   1.3617177E-01
   1.5343200E-01  -6.6874209E+00   4.6739840E+00  -3.7007770E+00
   1.5250900E-01  -6.6874209E+00  -6.8560015E-01  -3.7007770E+00
   1.4666000E-01  -5.3492719E+00   3.6983657E+00  -4.9592400E+00
   1.3922600E-01  -6.3331785E+00   1.9941919E+00  -4.9592400E+00
   1.3583400E-01  -5.3492719E+00   2.9001814E-01  -4.9592400E+00
   1.3864900E-01  -3.3814606E+00   2.9001814E-01  -4.9592400E+00
   1.3773300E-01  -4.3653672E+00   1.9941919E+00  -5.4083807E+00
   1.5495400E-01  -1.6164603E+00   6.5159925E+00  -1.8091084E+00
   1.5032000E-01  -3.4305972E+00   7.0020905E+00  -1.8091084E+00
   1.5301800E-01  -5.2447342E+00   6.5159925E+00  -1.8091084E+00
   1.4968000E-01  -8.8852270E-01   5.2207403E+00  -3.6232453E+00
   1.4842500E-01  -2.4596107E+00   6.3622047E+00  -3.6232453E+00
   1.4860600E-01  -4.4015838E+00   6.3622047E+00  -3.6232453E+00
   1.4577200E-01  -1.6164603E+00   3.3738166E+00  -4.9512843E+00
   1.4579400E-01  -2.5235287E+00   4.9449046E+00  -4.9512843E+00
   1.4635500E-01  -4.3376657E+00   4.9449046E+00  -4.9512843E+00
   1.4398800E-01  -3.4305972E+00   3.3738166E+00  -5.4373823E+00
   1.4999900E-01  -7.1768410E+00   3.7267740E+00   2.3876556E+00
   1.6158800E-01  -8.0839095E+00   2.1556860E+00   2.3876556E+00
   1.4818200E-01  -7.2407591E+00   5.1440741E+00   1.0596147E+00
   1.5091200E-01  -8.8118471E+00   4.0026116E+00   1.0596147E+00
   1.6057500E-01  -9.4119504E+00   2.1556860E+00   1.0596147E+00
   1.5033700E-01  -8.0839095E+00   5.2978638E+00  -7.5452223E-01
   1.5081500E-01  -9.4119504E+00   3.9698230E+00  -7.5452223E-01
   1.5733900E-01  -9.8980465E+00   2.1556860E+00  -7.5452223E-01
   1.7364800E-01  -9.4119504E+00   3.4154908E-01  -7.5452223E-01
   1.5636200E-01  -7.2407591E+00   5.1440741E+00  -2.5686592E+00
   1.5038300E-01  -8.8118471E+00   4.0026116E+00  -2.5686592E+00
   1.5344200E-01  -9.4119504E+00   2.1556860E+00  -2.5686592E+00
   1.6338600E-01  -8.8118471E+00   3.0876044E-01  -2.5686592E+00
   1.5024200E-01  -8.0839095E+00   2.1556860E+00  -3.8967000E+00
   1.2562100E-01  -3.3718192E-01  -3.2125342E-05   4.5352139E+00
   1.2265000E-01   6.4672470E-01  -1.7042078E+00   4.0860732E+00
   1.2264700E-01   6.4672470E-01   1.7041417E+00  -4.0863321E+00
   1.2561900E-01  -3.3718192E-01  -3.2125342E-05  -4.5354709E+00
   1.2015700E-01   9.9182835E-01  -2.2557111E+00   4.0647930E+00
   1.4117000E-01   7.9236211E-03  -3.9598868E+00   3.6156524E+00
   1.1397600E-01   1.9757350E+00  -3.9598868E+00   3.6156524E+00
   1.3568700E-01   4.8719782E-01  -5.7654935E+00   2.3571894E+00
   1.0720100E-01   1.9757350E+00  -5.5153732E-01  -4.5567530E+00
   1.2115600E-01   7.9236211E-03  -5.5153732E-01  -4.5567530E+00
   1.2783300E-01  -9.7598300E-01  -2.2557111E+00  -4.5567530E+00
   1.2121800E-01   7.9236211E-03  -3.9598868E+00  -4.5567530E+00
   1.1195100E-01   1.9757350E+00  -3.9598868E+00  -4.5567530E+00
   1.1116100E-01   9.9182835E-01  -2.2557111E+00  -5.0058917E+00
   1.0190300E-01   3.6206942E+00  -2.2423507E+00   4.0588612E+00
   1.0888700E-01   2.6367876E+00  -3.9465264E+00   3.6097206E+00
   1.0090300E-01   4.6045989E+00  -3.9465264E+00   3.6097206E+00
   1.1303200E-01   3.1160637E+00  -5.7521332E+00   2.3512575E+00
   1.0512400E-01   6.6036720E+00  -4.1593946E+00   2.3512575E+00
   1.0788600E-01   7.1665666E+00  -2.2423507E+00  -3.3042218E+00
   9.9859000E-02   5.5885056E+00  -2.2423507E+00  -4.5626848E+00
   9.8659000E-02   4.6045989E+00  -5.3817695E-01  -4.5626848E+00
   1.0396100E-01   2.6367876E+00  -5.3817695E-01  -4.5626848E+00
   1.0929000E-01   2.6367876E+00  -3.9465264E+00  -4.5626848E+00
   1.0415100E-01   4.6045989E+00  -3.9465264E+00  -4.5626848E+00
   1.0034100E-01   3.6206942E+00  -2.2423507E+00  -5.0118236E+00
   9.8165000E-02   4.9338913E+00   5.6691780E-05   4.5354444E+00
   9.9427000E-02   6.9017026E+00   5.6691780E-05   4.0863038E+00
   1.0093600E-01   3.9499865E+00  -1.7041171E+00   4.0863038E+00
   9.8254000E-02   5.9177979E+00  -1.7041171E+00   4.0863038E+00
   9.9425000E-02   6.9017026E+00   5.6691780E-05  -4.0860997E+00
   9.8253000E-02   5.9177979E+00   1.7042305E+00  -4.0860997E+00
   1.0093500E-01   3.9499865E+00   1.7042305E+00  -4.0860997E+00
   9.8164000E-02   4.9338913E+00   5.6691780E-05  -4.5352403E+00
   1.0034100E-01   3.6205903E+00   2.2424320E+00   5.0118651E+00
   9.9859000E-02   5.5884016E+00   2.2424320E+00   4.5627264E+00
   1.0415000E-01   4.6044950E+00   3.9466058E+00   4.5627264E+00
   1.0928900E-01   2.6366836E+00   3.9466058E+00   4.5627264E+00
   1.0396200E-01   2.6366836E+00   5.3825632E-01   4.5627264E+00
   9.8660000E-02   4.6044950E+00   5.3825632E-01   4.5627264E+00
   1.0788900E-01   7.1664627E+00   2.2424320E+00   3.3042634E+00
   1.0512300E-01   6.6035681E+00   4.1594759E+00  -2.3512160E+00
   1.1303400E-01   3.1159597E+00   5.7522125E+00  -2.3512160E+00
   1.0090200E-01   4.6044950E+00   3.9466058E+00  -3.6096790E+00
   1.0888800E-01   2.6366836E+00   3.9466058E+00  -3.6096790E+00
   1.0190300E-01   3.6205903E+00   2.2424320E+00  -4.0588196E+00
   1.1116100E-01   9.9171686E-01   2.2556847E+00   5.0057481E+00
   1.1195000E-01   1.9756235E+00   3.9598603E+00   4.5566093E+00
   1.2121600E-01   7.8121272E-03   3.9598603E+00   4.5566093E+00
   1.2783300E-01  -9.7609450E-01   2.2556847E+00   4.5566093E+00
   1.2115700E-01   7.8121272E-03   5.5151086E-01   4.5566093E+00
   1.0720200E-01   1.9756235E+00   5.5151086E-01   4.5566093E+00
   1.3568800E-01   4.8708632E-01   5.7654671E+00  -2.3573330E+00
   1.1397600E-01   1.9756235E+00   3.9598603E+00  -3.6157960E+00
   1.4116700E-01   7.8121272E-03   3.9598603E+00  -3.6157960E+00
   1.2015600E-01   9.9171686E-01   2.2556847E+00  -4.0649367E+00
   1.5024200E-01  -8.0838113E+00  -2.1557465E+00   3.8971403E+00
   1.6338800E-01  -8.8117488E+00  -3.0882091E-01   2.5690995E+00
   1.5344200E-01  -9.4118521E+00  -2.1557465E+00   2.5690995E+00
   1.5038200E-01  -8.8117488E+00  -4.0026721E+00   2.5690995E+00
   1.5635700E-01  -7.2406609E+00  -5.1441346E+00   2.5690995E+00
   1.7365000E-01  -9.4118521E+00  -3.4160955E-01   7.5496254E-01
   1.5733900E-01  -9.8979482E+00  -2.1557465E+00   7.5496254E-01
   1.5081300E-01  -9.4118521E+00  -3.9698834E+00   7.5496254E-01
   1.5033400E-01  -8.0838113E+00  -5.2979243E+00   7.5496254E-01
   1.6057500E-01  -9.4118521E+00  -2.1557465E+00  -1.0591744E+00
   1.5091000E-01  -8.8117488E+00  -4.0026721E+00  -1.0591744E+00
   1.4817800E-01  -7.2406609E+00  -5.1441346E+00  -1.0591744E+00
   1.6158700E-01  -8.0838113E+00  -2.1557465E+00  -2.3872134E+00
   1.4999600E-01  -7.1767428E+00  -3.7268344E+00  -2.3872134E+00
   1.4398700E-01  -3.4302779E+00  -3.3737958E+00   5.4374201E+00
   1.4576900E-01  -1.6161409E+00  -3.3737958E+00   4.9513221E+00
   1.4635400E-01  -4.3373463E+00  -4.9448838E+00   4.9513221E+00
   1.4579200E-01  -2.5232094E+00  -4.9448838E+00   4.9513221E+00
   1.4860400E-01  -4.4012644E+00  -6.3621839E+00   3.6232831E+00
   1.4842200E-01  -2.4592913E+00  -6.3621839E+00   3.6232831E+00
   1.4967600E-01  -8.8820334E-01  -5.2207214E+00   3.6232831E+00
   1.5301600E-01  -5.2444148E+00  -6.5159736E+00   1.8091462E+00
   1.5031700E-01  -3.4302779E+00  -7.0020697E+00   1.8091462E+00
   1.5494900E-01  -1.6161409E+00  -6.5159736E+00   1.8091462E+00
   1.4284500E-01  -9.8782591E-01  -6.9742038E+00   8.9174847E-01
   1.2903700E-01   9.5414722E-01  -6.9742038E+00   8.9174847E-01
   1.3800900E-01  -1.8309763E+00  -7.1279935E+00  -9.2238848E-01
   1.2737800E-01  -1.6839348E-02  -7.6140896E+00  -9.2238848E-01
   1.2636500E-01   1.7972976E+00  -7.1279935E+00  -9.2238848E-01
   1.3612400E-01  -2.5589139E+00  -5.8327413E+00  -2.7365254E+00
   1.2642500E-01  -9.8782591E-01  -6.9742038E+00  -2.7365254E+00
   1.2229700E-01   9.5414722E-01  -6.9742038E+00  -2.7365254E+00
   1.3298300E-01  -1.8309763E+00  -3.9858157E+00  -4.0645644E+00
   1.2428000E-01  -9.2390782E-01  -5.5569056E+00  -4.0645644E+00
   1.1966500E-01   8.9022913E-01  -5.5569056E+00  -4.0645644E+00
   1.2137500E-01  -1.6839348E-02  -3.9858157E+00  -4.5506624E+00
   1.0508900E-01   5.5518978E+00  -5.5455275E+00   2.2705039E+00
   1.1070400E-01   7.7870071E+00  -3.9744396E+00   9.4246304E-01
   1.1416200E-01   3.6738428E+00  -6.9628277E+00   9.4246304E-01
   1.0567900E-01   5.6158159E+00  -6.9628277E+00   9.4246304E-01
   1.0410300E-01   7.1869038E+00  -5.8213652E+00   9.4246304E-01
   1.1044500E-01   8.2731032E+00  -3.9744396E+00  -8.7167391E-01
   1.2202700E-01   2.8306924E+00  -7.1166155E+00  -8.7167391E-01
   1.0928600E-01   4.6448293E+00  -7.6027135E+00  -8.7167391E-01
   1.0420700E-01   6.4589663E+00  -7.1166155E+00  -8.7167391E-01
   1.0397200E-01   7.7870071E+00  -5.7885765E+00  -8.7167391E-01
   1.0647000E-01   7.7870071E+00  -3.9744396E+00  -2.6858109E+00
   1.1331200E-01   3.6738428E+00  -6.9628277E+00  -2.6858109E+00
   1.0535200E-01   5.6158159E+00  -6.9628277E+00  -2.6858109E+00
   1.0317900E-01   7.1869038E+00  -5.8213652E+00  -2.6858109E+00
   1.0343000E-01   6.4589663E+00  -3.9744396E+00  -4.0138517E+00
   1.1039300E-01   3.7377608E+00  -5.5455275E+00  -4.0138517E+00
   1.0412000E-01   5.5518978E+00  -5.5455275E+00  -4.0138517E+00
   1.0126900E-01   8.7996017E+00   7.7478766E-05   3.1424064E+00
   1.0641700E-01   7.8925332E+00   1.5711673E+00   3.1424064E+00
   1.0257900E-01   7.8925332E+00  -1.5710105E+00   3.1424064E+00
   1.0039200E-01   1.0127641E+01   7.7478766E-05   1.8143675E+00
   1.0364600E-01   9.5275392E+00   1.8470031E+00   1.8143675E+00
   1.0851000E-01   7.9564494E+00  -2.9883106E+00   1.8143675E+00
   1.0184000E-01   9.5275392E+00  -1.8468481E+00   1.8143675E+00
   1.0020500E-01   1.0613739E+01   7.7478766E-05   2.3054657E-04
   1.0206600E-01   1.0127641E+01   1.8142144E+00   2.3054657E-04
   1.0968900E-01   8.7996017E+00   3.1422553E+00   2.3054657E-04
   1.0969000E-01   8.7996017E+00  -3.1420984E+00   2.3054657E-04
   1.0206600E-01   1.0127641E+01  -1.8140595E+00   2.3054657E-04
   1.0039200E-01   1.0127641E+01   7.7478766E-05  -1.8139064E+00
   1.0183900E-01   9.5275392E+00   1.8470031E+00  -1.8139064E+00
   1.0851000E-01   7.9564494E+00   2.9884656E+00  -1.8139064E+00
   1.0364700E-01   9.5275392E+00  -1.8468481E+00  -1.8139064E+00
   1.0126900E-01   8.7996017E+00   7.7478766E-05  -3.1419472E+00
   1.0257900E-01   7.8925332E+00   1.5711673E+00  -3.1419472E+00
   1.0641800E-01   7.8925332E+00  -1.5710105E+00  -3.1419472E+00
   1.0343100E-01   6.4587735E+00   3.9745775E+00   4.0138611E+00
   1.0412000E-01   5.5517050E+00   5.5456655E+00   4.0138611E+00
   1.1039200E-01   3.7375681E+00   5.5456655E+00   4.0138611E+00
   1.0647100E-01   7.7868144E+00   3.9745775E+00   2.6858203E+00
   1.0317900E-01   7.1867111E+00   5.8215031E+00   2.6858203E+00
   1.0535200E-01   5.6156231E+00   6.9629656E+00   2.6858203E+00
   1.1331100E-01   3.6736500E+00   6.9629656E+00   2.6858203E+00
   1.1044700E-01   8.2729105E+00   3.9745775E+00   8.7168336E-01
   1.0397300E-01   7.7868144E+00   5.7887145E+00   8.7168336E-01
   1.0420800E-01   6.4587735E+00   7.1167553E+00   8.7168336E-01
   1.0928600E-01   4.6446366E+00   7.6028514E+00   8.7168336E-01
   1.2202700E-01   2.8304996E+00   7.1167553E+00   8.7168336E-01
   1.1070300E-01   7.7868144E+00   3.9745775E+00  -9.4245359E-01
   1.0410400E-01   7.1867111E+00   5.8215031E+00  -9.4245359E-01
   1.0568000E-01   5.6156231E+00   6.9629656E+00  -9.4245359E-01
   1.1416300E-01   3.6736500E+00   6.9629656E+00  -9.4245359E-01
   1.0509000E-01   5.5517050E+00   5.5456655E+00  -2.2704944E+00
   1.2137700E-01  -1.7024541E-02   3.9858119E+00   4.5502599E+00
   1.1966700E-01   8.9004393E-01   5.5569018E+00   4.0641638E+00
   1.2428200E-01  -9.2409302E-01   5.5569018E+00   4.0641638E+00
   1.3298500E-01  -1.8311615E+00   3.9858119E+00   4.0641638E+00
   1.2229900E-01   9.5396202E-01   6.9742001E+00   2.7361229E+00
   1.2642800E-01  -9.8801111E-01   6.9742001E+00   2.7361229E+00
   1.3612700E-01  -2.5590991E+00   5.8327375E+00   2.7361229E+00
   1.2636700E-01   1.7971124E+00   7.1279897E+00   9.2198597E-01
   1.2738000E-01  -1.7024541E-02   7.6140858E+00   9.2198597E-01
   1.3801300E-01  -1.8311615E+00   7.1279897E+00   9.2198597E-01
   1.2903900E-01   9.5396202E-01   6.9742001E+00  -8.9215098E-01
   1.4284800E-01  -9.8801111E-01   6.9742001E+00  -8.9215098E-01
   1.2923300E-01  -4.3652500E+00  -1.9942543E+00   5.9754213E+00
   1.3474500E-01  -2.4127001E+00  -1.9942543E+00   5.5870354E+00
   1.3016100E-01  -3.3889741E+00  -3.0329535E-01   5.5870354E+00
   1.2834600E-01  -5.3415240E+00  -3.0329535E-01   5.5870354E+00
   1.2973100E-01  -6.3178000E+00  -1.9942543E+00   5.5870354E+00
   1.3423700E-01  -5.3415240E+00  -3.6852113E+00   5.5870354E+00
   1.3852000E-01  -6.7278837E+00   7.3237276E-01   4.4810033E+00
   1.3923600E-01  -7.8269502E+00  -9.7780659E-01   4.4810033E+00
   1.3899800E-01  -7.8269502E+00  -3.0107001E+00   4.4810033E+00
   1.3857300E-01  -6.7278837E+00  -4.7208794E+00   4.4810033E+00
   1.4248200E-01  -7.3043012E+00  -5.6797094E+00   2.8257111E+00
   1.3882900E-01  -6.3178000E+00  -6.7081266E+00   8.7316112E-01
   1.3800800E-01  -7.3043012E+00  -5.6797094E+00  -1.0793888E+00
   1.3285200E-01  -5.4141859E+00  -6.5899413E+00  -1.0793888E+00
   1.4079000E-01  -3.3163142E+00  -6.5899413E+00  -1.0793888E+00
   1.3399600E-01  -6.7278837E+00  -4.7208794E+00  -2.7346811E+00
   1.2941000E-01  -4.8786999E+00  -5.5653734E+00  -2.7346811E+00
   1.4392200E-01  -6.3178000E+00  -1.9942543E+00  -3.8407131E+00
   1.3246900E-01  -5.3415240E+00  -3.6852113E+00  -3.8407131E+00
   1.3586300E-01  -3.3889741E+00  -3.6852113E+00  -3.8407131E+00
   1.3384700E-01  -2.1330018E+00   1.6909249E+00   4.7138062E+00
   1.3623300E-01  -4.0855536E+00   1.6909249E+00   4.7138062E+00
   1.3623200E-01  -4.0855536E+00  -1.6909930E+00  -4.7139423E+00
   1.3384800E-01  -2.1330018E+00  -1.6909930E+00  -4.7139423E+00
   1.3586000E-01  -3.3890913E+00   3.6851509E+00   3.8408359E+00
   1.3247100E-01  -5.3416431E+00   3.6851509E+00   3.8408359E+00
   1.4392600E-01  -6.3179171E+00   1.9941919E+00   3.8408359E+00
   1.2941300E-01  -4.8788171E+00   5.5653130E+00   2.7348058E+00
   1.3400200E-01  -6.7280009E+00   4.7208171E+00   2.7348058E+00
   1.4079300E-01  -3.3164313E+00   6.5898789E+00   1.0795135E+00
   1.3285700E-01  -5.4143031E+00   6.5898789E+00   1.0795135E+00
   1.3801400E-01  -7.3044202E+00   5.6796470E+00   1.0795135E+00
   1.3883300E-01  -6.3179171E+00   6.7080662E+00  -8.7303829E-01
   1.4248300E-01  -7.3044202E+00   5.6796470E+00  -2.8255882E+00
   1.3857400E-01  -6.7280009E+00   4.7208171E+00  -4.4808805E+00
   1.3899400E-01  -7.8270674E+00   3.0106396E+00  -4.4808805E+00
   1.3923100E-01  -7.8270674E+00   9.7774612E-01  -4.4808805E+00
   1.3851600E-01  -6.7280009E+00  -7.3243323E-01  -4.4808805E+00
   1.3474800E-01  -2.4128173E+00   1.9941919E+00  -5.5869106E+00
   1.3423900E-01  -5.3416431E+00   3.6851509E+00  -5.5869106E+00
   1.2972900E-01  -6.3179171E+00   1.9941919E+00  -5.5869106E+00
   1.2834600E-01  -5.3416431E+00   3.0323299E-01  -5.5869106E+00
   1.3016400E-01  -3.3890913E+00   3.0323299E-01  -5.5869106E+00
   1.2923500E-01  -4.3653672E+00   1.9941919E+00  -5.9752985E+00
   1.3968500E-01  -2.9385901E+00   7.4258635E+00  -1.8091084E+00
   1.3996300E-01  -4.8780272E+00   7.1903734E+00  -1.8091084E+00
   1.3844200E-01  -4.5680913E-01   5.2849532E+00  -3.8500125E+00
   1.3711500E-01  -1.9621271E+00   6.5893196E+00  -3.8500125E+00
   1.3648900E-01  -3.9336725E+00   6.8727841E+00  -3.8500125E+00
   1.4076900E-01  -5.7454964E+00   6.0453525E+00  -3.8500125E+00
   1.3521100E-01  -1.3896932E+00   3.3738166E+00  -5.3440563E+00
   1.3452200E-01  -2.4101452E+00   5.1412906E+00  -5.3440563E+00
   1.3538800E-01  -4.4510493E+00   5.1412906E+00  -5.3440563E+00
   1.3400700E-01  -3.4305972E+00   3.3738166E+00  -5.8909165E+00
   1.5061600E-01  -8.3106766E+00   2.1556860E+00   2.7804275E+00
   1.3820100E-01  -8.5846718E+00   4.8272219E+00   1.2863818E+00
   1.4319700E-01  -9.6615321E+00   3.1515962E+00   1.2863818E+00
   1.5714100E-01  -9.6615321E+00   1.1597759E+00   1.2863818E+00
   1.4054900E-01  -7.7172025E+00   5.9722428E+00  -7.5452223E-01
   1.3811800E-01  -9.3250494E+00   4.8624256E+00  -7.5452223E-01
   1.4132200E-01  -1.0232970E+01   3.1325270E+00  -7.5452223E-01
   1.5089200E-01  -1.0232970E+01   1.1788451E+00  -7.5452223E-01
   1.3957400E-01  -8.5846718E+00   4.8272219E+00  -2.7954263E+00
   1.3940700E-01  -9.6615321E+00   3.1515962E+00  -2.7954263E+00
   1.4544500E-01  -9.6615321E+00   1.1597759E+00  -2.7954263E+00
   1.5779100E-01  -8.5846718E+00  -5.1585173E-01  -2.7954263E+00
   1.3971100E-01  -8.3106766E+00   2.1556860E+00  -4.2894720E+00
   1.2105000E-01  -3.3718192E-01  -3.2125342E-05   5.1021317E+00
   1.1898500E-01   6.3909399E-01  -1.6909911E+00   4.7137438E+00
   1.1898100E-01   6.3909399E-01   1.6909249E+00  -4.7140027E+00
   1.2104800E-01  -3.3718192E-01  -3.2125342E-05  -5.1023887E+00
   1.1704300E-01   9.9182835E-01  -2.2557111E+00   4.6317108E+00
   1.3341800E-01   1.5552445E-02  -3.9466701E+00   4.2433230E+00
   1.1103900E-01   1.9681043E+00  -3.9466701E+00   4.2433230E+00
   1.2865700E-01   4.7837846E-01  -5.8268321E+00   3.1372929E+00
   1.1926400E-01   2.0407642E+00  -6.8513981E+00   1.4820006E+00
   1.0488700E-01   1.9681043E+00  -5.6475406E-01  -5.1844236E+00
   1.1679100E-01   1.5552445E-02  -5.6475406E-01  -5.1844236E+00
   1.2075000E-01  -9.6072157E-01  -2.2557111E+00  -5.1844236E+00
   1.1408100E-01   1.5552445E-02  -3.9466701E+00  -5.1844236E+00
   1.0649800E-01   1.9681043E+00  -3.9466701E+00  -5.1844236E+00
   1.0751100E-01   9.9182835E-01  -2.2557111E+00  -5.5728095E+00
   1.0019700E-01   3.6206942E+00  -2.2423507E+00   4.6257790E+00
   1.0626600E-01   2.6444183E+00  -3.9333097E+00   4.2373912E+00
   9.7842000E-02   4.5969701E+00  -3.9333097E+00   4.2373912E+00
   1.0741600E-01   3.1072443E+00  -5.8134718E+00   3.1313610E+00
   9.9975000E-02   5.1194453E+00  -5.5241604E+00   3.1313610E+00
   9.8401000E-02   6.6558039E+00  -4.1928976E+00   3.1313610E+00
   1.1639300E-01   2.5717583E+00  -6.8380377E+00   1.4760687E+00
   9.9645000E-02   7.2285364E+00  -2.2423507E+00  -4.0843253E+00
   9.5610000E-02   5.5732441E+00  -2.2423507E+00  -5.1903554E+00
   9.6118000E-02   4.5969701E+00  -5.5139370E-01  -5.1903554E+00
   1.0181500E-01   2.6444183E+00  -5.5139370E-01  -5.1903554E+00
   1.0409400E-01   2.6444183E+00  -3.9333097E+00  -5.1903554E+00
   9.8706000E-02   4.5969701E+00  -3.9333097E+00  -5.1903554E+00
   9.7642000E-02   3.6206942E+00  -2.2423507E+00  -5.5787413E+00
   9.5645000E-02   4.9338913E+00   5.6691780E-05   5.1023622E+00
   9.4627000E-02   6.8864431E+00   5.6691780E-05   4.7139763E+00
   9.8882000E-02   3.9576172E+00  -1.6909022E+00   4.7139763E+00
   9.4678000E-02   5.9101672E+00  -1.6909022E+00   4.7139763E+00
   1.0066500E-01   7.9690028E+00   1.9506035E+00   3.6079442E+00
   9.6762000E-02   7.9690028E+00  -1.9504901E+00   3.6079442E+00
   1.0375400E-01   7.8729443E+00  -3.6853984E+00   1.9526520E+00
   1.0375300E-01   7.8729443E+00   3.6855118E+00  -1.9524479E+00
   9.6761000E-02   7.9690028E+00   1.9506035E+00  -3.6077401E+00
   1.0066400E-01   7.9690028E+00  -1.9504901E+00  -3.6077401E+00
   9.4626000E-02   6.8864431E+00   5.6691780E-05  -4.7137722E+00
   9.4677000E-02   5.9101672E+00   1.6910156E+00  -4.7137722E+00
   9.8881000E-02   3.9576172E+00   1.6910156E+00  -4.7137722E+00
   9.5645000E-02   4.9338913E+00   5.6691780E-05  -5.1021581E+00
   9.7642000E-02   3.6205903E+00   2.2424320E+00   5.5787829E+00
   9.5611000E-02   5.5731402E+00   2.2424320E+00   5.1903970E+00
   9.8705000E-02   4.5968643E+00   3.9333891E+00   5.1903970E+00
   1.0409300E-01   2.6443144E+00   3.9333891E+00   5.1903970E+00
   1.0181500E-01   2.6443144E+00   5.5147307E-01   5.1903970E+00
   9.6119000E-02   4.5968643E+00   5.5147307E-01   5.1903970E+00
   9.9647000E-02   7.2284325E+00   2.2424320E+00   4.0843668E+00
   1.1639500E-01   2.5716544E+00   6.8381190E+00  -1.4760272E+00
   9.8400000E-02   6.6557000E+00   4.1929788E+00  -3.1313194E+00
   9.9976000E-02   5.1193414E+00   5.5242398E+00  -3.1313194E+00
   1.0741700E-01   3.1071404E+00   5.8135511E+00  -3.1313194E+00
   9.7841000E-02   4.5968643E+00   3.9333891E+00  -4.2373496E+00
   1.0626600E-01   2.6443144E+00   3.9333891E+00  -4.2373496E+00
   1.0019600E-01   3.6205903E+00   2.2424320E+00  -4.6257374E+00
   1.0751100E-01   9.9171686E-01   2.2556847E+00   5.5726659E+00
   1.0649800E-01   1.9679928E+00   3.9466436E+00   5.1842799E+00
   1.1408000E-01   1.5440951E-02   3.9466436E+00   5.1842799E+00
   1.2075000E-01  -9.6083307E-01   2.2556847E+00   5.1842799E+00
   1.1679300E-01   1.5440951E-02   5.6472760E-01   5.1842799E+00
   1.0488800E-01   1.9679928E+00   5.6472760E-01   5.1842799E+00
   1.1926500E-01   2.0406527E+00   6.8513716E+00  -1.4821442E+00
   1.2865800E-01   4.7826697E-01   5.8268057E+00  -3.1374365E+00
   1.1103800E-01   1.9679928E+00   3.9466436E+00  -4.2434666E+00
   1.3341600E-01   1.5440951E-02   3.9466436E+00  -4.2434666E+00
   1.1704200E-01   9.9171686E-01   2.2556847E+00  -4.6318545E+00
   1.3971000E-01  -8.3105784E+00  -2.1557465E+00   4.2899123E+00
   1.5779300E-01  -8.5845735E+00   5.1578937E-01   2.7958666E+00
   1.4544600E-01  -9.6614339E+00  -1.1598363E+00   2.7958666E+00
   1.3940600E-01  -9.6614339E+00  -3.1516567E+00   2.7958666E+00
   1.3957100E-01  -8.5845735E+00  -4.8272824E+00   2.7958666E+00
   1.5089300E-01  -1.0232872E+01  -1.1789056E+00   7.5496254E-01
   1.4132100E-01  -1.0232872E+01  -3.1325874E+00   7.5496254E-01
   1.3811700E-01  -9.3249512E+00  -4.8624861E+00   7.5496254E-01
   1.4054500E-01  -7.7171024E+00  -5.9723032E+00   7.5496254E-01
   1.5714200E-01  -9.6614339E+00  -1.1598363E+00  -1.2859415E+00
   1.4319600E-01  -9.6614339E+00  -3.1516567E+00  -1.2859415E+00
   1.3819900E-01  -8.5845735E+00  -4.8272824E+00  -1.2859415E+00
   1.5061600E-01  -8.3105784E+00  -2.1557465E+00  -2.7799854E+00
   1.3400600E-01  -3.4302779E+00  -3.3737958E+00   5.8909543E+00
   1.3520800E-01  -1.3893738E+00  -3.3737958E+00   5.3440941E+00
   1.3538700E-01  -4.4507299E+00  -5.1412698E+00   5.3440941E+00
   1.3452000E-01  -2.4098258E+00  -5.1412698E+00   5.3440941E+00
   1.4077000E-01  -5.7451771E+00  -6.0453317E+00   3.8500503E+00
   1.3648800E-01  -3.9333532E+00  -6.8727633E+00   3.8500503E+00
   1.3711300E-01  -1.9618077E+00  -6.5892988E+00   3.8500503E+00
   1.3843800E-01  -4.5648977E-01  -5.2849343E+00   3.8500503E+00
   1.3996100E-01  -4.8777078E+00  -7.1903526E+00   1.8091462E+00
   1.3968200E-01  -2.9382707E+00  -7.4258427E+00   1.8091462E+00
   1.3030100E-01  -5.1991464E-01  -7.4847851E+00   1.1185156E+00
   1.2162000E-01   1.4516308E+00  -7.2013187E+00   1.1185156E+00
   1.4174700E-01  -3.0721162E+00  -6.6925553E+00  -9.2238848E-01
   1.2652300E-01  -1.4642693E+00  -7.8023725E+00  -9.2238848E-01
   1.1893700E-01   4.7516782E-01  -8.0378626E+00  -9.2238848E-01
   1.2074800E-01   2.3018922E+00  -7.3450777E+00  -9.2238848E-01
   1.2542900E-01  -2.3317386E+00  -6.6573535E+00  -2.9632926E+00
   1.1738500E-01  -5.1991464E-01  -7.4847851E+00  -2.9632926E+00
   1.1563300E-01   1.4516308E+00  -7.2013187E+00  -2.9632926E+00
   1.2763300E-01  -2.0577434E+00  -3.9858157E+00  -4.4573364E+00
   1.1786800E-01  -1.0372914E+00  -5.7532916E+00  -4.4573364E+00
   1.1342400E-01   1.0036127E+00  -5.7532916E+00  -4.4573364E+00
   1.0050200E-01   5.6652814E+00  -5.7419135E+00   2.6632759E+00
   1.0528900E-01   8.1797791E+00  -3.9744396E+00   1.1692302E+00
   1.0602500E-01   4.1417540E+00  -7.4734071E+00   1.1692302E+00
   9.9200000E-02   6.1132995E+00  -7.1899425E+00   1.1692302E+00
   9.8491000E-02   7.6186174E+00  -5.8855762E+00   1.1692302E+00
   1.0466000E-01   8.7266375E+00  -3.9744396E+00  -8.7167391E-01
   1.1172900E-01   3.1973994E+00  -7.7909963E+00  -8.7167391E-01
   1.0156800E-01   5.1368365E+00  -8.0264864E+00  -8.7167391E-01
   9.7499000E-02   6.9635609E+00  -7.3337015E+00  -8.7167391E-01
   9.7912000E-02   8.2590909E+00  -5.8713503E+00  -8.7167391E-01
   1.0076500E-01   8.1797791E+00  -3.9744396E+00  -2.9125780E+00
   1.0468000E-01   4.1417540E+00  -7.4734071E+00  -2.9125780E+00
   9.8351000E-02   6.1132995E+00  -7.1899425E+00  -2.9125780E+00
   9.7032000E-02   7.6186174E+00  -5.8855762E+00  -2.9125780E+00
   9.8322000E-02   6.6857334E+00  -3.9744396E+00  -4.4066237E+00
   1.0563100E-01   3.6243773E+00  -5.7419135E+00  -4.4066237E+00
   9.8592000E-02   5.6652814E+00  -5.7419135E+00  -4.4066237E+00
   9.5845000E-02   9.0263688E+00   7.7478766E-05   3.5351784E+00
   9.4141000E-02   1.0520414E+01   7.7478766E-05   2.0411346E+00
   9.7037000E-02   9.9592528E+00   1.9112160E+00   2.0411346E+00
   1.0157900E-01   8.4539349E+00  -3.2154255E+00   2.0411346E+00
   9.5544000E-02   9.9592528E+00  -1.9110591E+00   2.0411346E+00
   9.3668000E-02   1.1067273E+01   7.7478766E-05   2.3054657E-04
   9.5417000E-02   1.0599726E+01   1.8969882E+00   2.3054657E-04
   1.0210300E-01   9.3041963E+00   3.3593394E+00   2.3054657E-04
   1.0210300E-01   9.3041963E+00  -3.3591845E+00   2.3054657E-04
   9.5417000E-02   1.0599726E+01  -1.8968332E+00   2.3054657E-04
   9.4142000E-02   1.0520414E+01   7.7478766E-05  -2.0406735E+00
   9.5544000E-02   9.9592528E+00   1.9112160E+00  -2.0406735E+00
   1.0157900E-01   8.4539349E+00   3.2155804E+00  -2.0406735E+00
   9.7037000E-02   9.9592528E+00  -1.9110591E+00  -2.0406735E+00
   9.5845000E-02   9.0263688E+00   7.7478766E-05  -3.5347192E+00
   9.8323000E-02   6.6855406E+00   3.9745775E+00   4.4066331E+00
   9.8592000E-02   5.6650886E+00   5.7420515E+00   4.4066331E+00
   1.0563000E-01   3.6241845E+00   5.7420515E+00   4.4066331E+00
   1.0076700E-01   8.1795863E+00   3.9745775E+00   2.9125874E+00
   9.7033000E-02   7.6184265E+00   5.8857160E+00   2.9125874E+00
   9.8352000E-02   6.1131086E+00   7.1900805E+00   2.9125874E+00
   1.0467900E-01   4.1415613E+00   7.4735469E+00   2.9125874E+00
   1.0466100E-01   8.7264447E+00   3.9745775E+00   8.7168336E-01
   9.7912000E-02   8.2588981E+00   5.8714883E+00   8.7168336E-01
   9.7499000E-02   6.9633681E+00   7.3338395E+00   8.7168336E-01
   1.0156800E-01   5.1366437E+00   8.0266244E+00   8.7168336E-01
   1.1172900E-01   3.1972085E+00   7.7911343E+00   8.7168336E-01
   1.0528800E-01   8.1795863E+00   3.9745775E+00  -1.1692207E+00
   9.8491000E-02   7.6184265E+00   5.8857160E+00  -1.1692207E+00
   9.9201000E-02   6.1131086E+00   7.1900805E+00  -1.1692207E+00
   1.0602600E-01   4.1415613E+00   7.4735469E+00  -1.1692207E+00
   1.0050200E-01   5.6650886E+00   5.7420515E+00  -2.6632664E+00
   1.1342600E-01   1.0034275E+00   5.7532878E+00   4.4569358E+00
   1.1787000E-01  -1.0374766E+00   5.7532878E+00   4.4569358E+00
   1.2763500E-01  -2.0579286E+00   3.9858119E+00   4.4569358E+00
   1.1563500E-01   1.4514475E+00   7.2013149E+00   2.9628900E+00
   1.1738700E-01  -5.2009984E-01   7.4847813E+00   2.9628900E+00
   1.2543300E-01  -2.3319238E+00   6.6573497E+00   2.9628900E+00
   1.2075000E-01   2.3017070E+00   7.3450739E+00   9.2198597E-01
   1.1893900E-01   4.7498452E-01   8.0378588E+00   9.2198597E-01
   1.2652600E-01  -1.4644526E+00   7.8023687E+00   9.2198597E-01
   1.4175400E-01  -3.0723014E+00   6.6925515E+00   9.2198597E-01
   1.2162100E-01   1.4514475E+00   7.2013149E+00  -1.1189181E+00
   1.3030300E-01  -5.2009984E-01   7.4847813E+00  -1.1189181E+00
   1.2136200E-01  -4.3652500E+00  -1.9942543E+00   6.5423391E+00
   1.2505400E-01  -2.4262759E+00  -1.9942543E+00   6.2004461E+00
   1.2247200E-01  -3.3957639E+00  -3.1505323E-01   6.2004461E+00
   1.2114100E-01  -5.3347362E+00  -3.1505323E-01   6.2004461E+00
   1.2142300E-01  -6.3042223E+00  -1.9942543E+00   6.2004461E+00
   1.2410500E-01  -5.3347362E+00  -3.6734535E+00   6.2004461E+00
   1.2871200E-01  -4.8838551E+00   1.6127318E+00   5.2160028E+00
   1.2776300E-01  -6.7516130E+00   7.5975677E-01   5.2160028E+00
   1.2731100E-01  -7.8617155E+00  -9.6759829E-01   5.2160028E+00
   1.2665600E-01  -7.8617155E+00  -3.0209084E+00   5.2160028E+00
   1.2683700E-01  -6.7516130E+00  -4.7482635E+00   5.2160028E+00
   1.4189200E-01  -8.3372424E+00   8.9156705E-01   3.7077501E+00
   1.2997100E-01  -6.8200759E+00  -6.2461378E+00   3.7077501E+00
   1.3072000E-01  -7.7297900E+00  -6.4496235E+00   1.8576044E+00
   1.3018100E-01  -5.8931237E+00  -7.3641753E+00   1.8576044E+00
   1.2917700E-01  -7.7297900E+00  -6.4496235E+00  -1.1128218E-01
   1.2653400E-01  -5.8931237E+00  -7.3641753E+00  -1.1128218E-01
   1.3141800E-01  -3.8501107E+00  -7.5534880E+00  -1.1128218E-01
   1.2461500E-01  -6.8200759E+00  -6.2461378E+00  -1.9614279E+00
   1.2408800E-01  -4.8784486E+00  -6.8770096E+00  -1.9614279E+00
   1.3563200E-01  -7.8617155E+00  -3.0209084E+00  -3.4696805E+00
   1.2538900E-01  -6.7516130E+00  -4.7482635E+00  -3.4696805E+00
   1.2266700E-01  -4.8838551E+00  -5.6012404E+00  -3.4696805E+00
   1.3457200E-01  -6.3042223E+00  -1.9942543E+00  -4.4541238E+00
   1.2603000E-01  -5.3347362E+00  -3.6734535E+00  -4.4541238E+00
   1.2881600E-01  -3.3957639E+00  -3.6734535E+00  -4.4541238E+00
   1.2562500E-01  -2.1397915E+00   1.6791670E+00   5.3272169E+00
   1.2785900E-01  -4.0787638E+00   1.6791670E+00   5.3272169E+00
   1.2785700E-01  -4.0787638E+00  -1.6792332E+00  -5.3273530E+00
   1.2562500E-01  -2.1397915E+00  -1.6792332E+00  -5.3273530E+00
   1.2881400E-01  -3.3958811E+00   3.6733911E+00   4.4542467E+00
   1.2603100E-01  -5.3348533E+00   3.6733911E+00   4.4542467E+00
   1.3457400E-01  -6.3043394E+00   1.9941919E+00   4.4542467E+00
   1.2266900E-01  -4.8839741E+00   5.6011781E+00   3.4698053E+00
   1.2539300E-01  -6.7517302E+00   4.7482011E+00   3.4698053E+00
   1.3563700E-01  -7.8618346E+00   3.0208479E+00   3.4698053E+00
   1.2409100E-01  -4.8785657E+00   6.8769491E+00   1.9615507E+00
   1.2461900E-01  -6.8201931E+00   6.2460754E+00   1.9615507E+00
   1.3142100E-01  -3.8502279E+00   7.5534256E+00   1.1140502E-01
   1.2653800E-01  -5.8932409E+00   7.3641129E+00   1.1140502E-01
   1.2918100E-01  -7.7299071E+00   6.4495630E+00   1.1140502E-01
   1.3018500E-01  -5.8932409E+00   7.3641129E+00  -1.8574797E+00
   1.3072200E-01  -7.7299071E+00   6.4495630E+00  -1.8574797E+00
   1.2997300E-01  -6.8201931E+00   6.2460754E+00  -3.7076273E+00
   1.4188500E-01  -8.3373596E+00  -8.9162941E-01  -3.7076273E+00
   1.2683700E-01  -6.7517302E+00   4.7482011E+00  -5.2158799E+00
   1.2665400E-01  -7.8618346E+00   3.0208479E+00  -5.2158799E+00
   1.2730800E-01  -7.8618346E+00   9.6753593E-01  -5.2158799E+00
   1.2776000E-01  -6.7517302E+00  -7.5981725E-01  -5.2158799E+00
   1.2871200E-01  -4.8839741E+00  -1.6127942E+00  -5.2158799E+00
   1.2505700E-01  -2.4263949E+00   1.9941919E+00  -6.2003214E+00
   1.2410600E-01  -5.3348533E+00   3.6733911E+00  -6.2003214E+00
   1.2142200E-01  -6.3043394E+00   1.9941919E+00  -6.2003214E+00
   1.2114100E-01  -5.3348533E+00   3.1499276E-01  -6.2003214E+00
   1.2247400E-01  -3.3958811E+00   3.1499276E-01  -6.2003214E+00
   1.2136300E-01  -4.3653672E+00   1.9941919E+00  -6.5422163E+00
   1.3381800E-01  -2.4466925E+00   7.6845877E+00  -7.9989833E-01
   1.3122400E-01  -4.4145038E+00   7.6845877E+00  -7.9989833E-01
   1.3245700E-01  -6.7375535E-01   6.8307869E+00  -2.8183166E+00
   1.2906400E-01  -2.4466925E+00   7.6845877E+00  -2.8183166E+00
   1.2858300E-01  -4.4145038E+00   7.6845877E+00  -2.8183166E+00
   1.2792100E-01  -4.4761939E-01   5.2908605E+00  -4.6368471E+00
   1.2666400E-01  -1.9575879E+00   6.5992557E+00  -4.6368471E+00
   1.2639700E-01  -3.9352278E+00   6.8835971E+00  -4.6368471E+00
   1.2985200E-01  -5.7526509E+00   6.0536087E+00  -4.6368471E+00
   1.2632500E-01  -1.4627859E+00   3.3738166E+00  -5.8953101E+00
   1.2518300E-01  -2.4466925E+00   5.0779904E+00  -5.8953101E+00
   1.2604700E-01  -4.4145038E+00   5.0779904E+00  -5.8953101E+00
   1.2570900E-01  -3.4305972E+00   3.3738166E+00  -6.3444508E+00
   1.4157900E-01  -8.2375839E+00   2.1556860E+00   3.3316795E+00
   1.2967600E-01  -8.5918263E+00   4.8354781E+00   2.0732165E+00
   1.3435200E-01  -9.6720126E+00   3.1546727E+00   2.0732165E+00
   1.4739200E-01  -9.6720126E+00   1.1566975E+00   2.0732165E+00
   1.2848600E-01  -9.0266144E+00   5.6126563E+00   2.5468593E-01
   1.3003200E-01  -1.0253525E+01   4.0741604E+00   2.5468593E-01
   1.3646000E-01  -1.0691404E+01   2.1556860E+00   2.5468593E-01
   1.5146400E-01  -1.0253525E+01   2.3721163E-01   2.5468593E-01
   1.2917500E-01  -9.0266144E+00   5.6126563E+00  -1.7637304E+00
   1.2903600E-01  -1.0253525E+01   4.0741604E+00  -1.7637304E+00
   1.3346600E-01  -1.0691404E+01   2.1556860E+00  -1.7637304E+00
   1.4383100E-01  -1.0253525E+01   2.3721163E-01  -1.7637304E+00
   1.3053900E-01  -8.5918263E+00   4.8354781E+00  -3.5822628E+00
   1.2963600E-01  -9.6720126E+00   3.1546727E+00  -3.5822628E+00
   1.3422200E-01  -9.6720126E+00   1.1566975E+00  -3.5822628E+00
   1.1630100E-01  -3.3718192E-01  -3.2125342E-05   5.6690495E+00
   1.1479000E-01   6.3230610E-01  -1.6792332E+00   5.3271546E+00
   1.1478700E-01   6.3230610E-01   1.6791670E+00  -5.3274135E+00
   1.1629900E-01  -3.3718192E-01  -3.2125342E-05  -5.6693065E+00
   1.1340800E-01   9.9182835E-01  -2.2557111E+00   5.1986286E+00
   1.2598700E-01   2.2342230E-02  -3.9349122E+00   4.8567356E+00
   1.0779200E-01   1.9613145E+00  -3.9349122E+00   4.8567356E+00
   1.2212700E-01   4.7322140E-01  -5.8626972E+00   3.8722923E+00
   1.2201600E-01   4.7862980E-01  -7.1384683E+00   2.3640397E+00
   1.2673800E-01  -2.5046390E+00  -3.2823671E+00  -4.8133929E+00
   1.0221700E-01   1.9613145E+00  -5.7651194E-01  -5.7978343E+00
   1.1224500E-01   2.2342230E-02  -5.7651194E-01  -5.7978343E+00
   1.1457500E-01  -9.4714389E-01  -2.2557111E+00  -5.7978343E+00
   1.0820500E-01   2.2342230E-02  -3.9349122E+00  -5.7978343E+00
   1.0182800E-01   1.9613145E+00  -3.9349122E+00  -5.7978343E+00
   1.0381300E-01   9.9182835E-01  -2.2557111E+00  -6.1397273E+00
   9.8126000E-02   3.6206942E+00  -2.2423507E+00   5.1926968E+00
   1.0341100E-01   2.6512081E+00  -3.9215518E+00   4.8508019E+00
   9.5024000E-02   4.5901803E+00  -3.9215518E+00   4.8508019E+00
   1.0296900E-01   3.1020873E+00  -5.8493369E+00   3.8663605E+00
   9.5349000E-02   5.1344989E+00  -5.5571210E+00   3.8663605E+00
   9.3460000E-02   6.6862871E+00  -4.2124884E+00   3.8663605E+00
   1.0622400E-01   3.1074957E+00  -7.1251079E+00   2.3581078E+00
   9.6713000E-02   8.1058851E+00  -4.2392866E+00   2.3581078E+00
   9.3602000E-02   7.2647719E+00  -2.2423507E+00  -4.8193247E+00
   1.0285400E-01   3.1020873E+00  -5.8493369E+00  -4.8193247E+00
   9.1928000E-02   5.5596665E+00  -2.2423507E+00  -5.8037661E+00
   9.3496000E-02   4.5901803E+00  -5.6315157E-01  -5.8037661E+00
   9.9340000E-02   2.6512081E+00  -5.6315157E-01  -5.8037661E+00
   9.9628000E-02   2.6512081E+00  -3.9215518E+00  -5.8037661E+00
   9.4276000E-02   4.5901803E+00  -3.9215518E+00  -5.8037661E+00
   9.4807000E-02   3.6206942E+00  -2.2423507E+00  -6.1456591E+00
   9.3118000E-02   4.9338913E+00   5.6691780E-05   5.6692800E+00
   9.0722000E-02   6.8728654E+00   5.6691780E-05   5.3273870E+00
   9.6571000E-02   3.9644051E+00  -1.6791425E+00   5.3273870E+00
   9.1529000E-02   5.9033793E+00  -1.6791425E+00   5.3273870E+00
   9.1714000E-02   8.5779689E+00   5.6691780E-05   4.3429437E+00
   9.4275000E-02   7.9994841E+00   1.9701943E+00   4.3429437E+00
   9.3279000E-02   6.4476959E+00  -3.3147117E+00   4.3429437E+00
   9.1230000E-02   7.9994841E+00  -1.9700809E+00   4.3429437E+00
   9.5467000E-02   8.2190911E+00  -3.6485261E+00   2.8346910E+00
   9.5466000E-02   8.2190911E+00   3.6486395E+00  -2.8344869E+00
   9.1713000E-02   8.5779689E+00   5.6691780E-05  -4.3427396E+00
   9.1228000E-02   7.9994841E+00   1.9701943E+00  -4.3427396E+00
   9.3279000E-02   6.4476959E+00   3.3148269E+00  -4.3427396E+00
   9.4275000E-02   7.9994841E+00  -1.9700809E+00  -4.3427396E+00
   9.0721000E-02   6.8728654E+00   5.6691780E-05  -5.3271829E+00
   9.1529000E-02   5.9033793E+00   1.6792559E+00  -5.3271829E+00
   9.6571000E-02   3.9644051E+00   1.6792559E+00  -5.3271829E+00
   9.3118000E-02   4.9338913E+00   5.6691780E-05  -5.6690759E+00
   9.4807000E-02   3.6205903E+00   2.2424320E+00   6.1457007E+00
   9.1928000E-02   5.5595625E+00   2.2424320E+00   5.8038077E+00
   9.4275000E-02   4.5900764E+00   3.9216312E+00   5.8038077E+00
   9.9627000E-02   2.6511023E+00   3.9216312E+00   5.8038077E+00
   9.9340000E-02   2.6511023E+00   5.6323094E-01   5.8038077E+00
   9.3496000E-02   4.5900764E+00   5.6323094E-01   5.8038077E+00
   9.3603000E-02   7.2646661E+00   2.2424320E+00   4.8193663E+00
   1.0285200E-01   3.1019833E+00   5.8494163E+00   4.8193663E+00
   9.6712000E-02   8.1057793E+00   4.2393659E+00  -2.3580662E+00
   1.0622600E-01   3.1073917E+00   7.1251873E+00  -2.3580662E+00
   9.3459000E-02   6.6861831E+00   4.2125677E+00  -3.8663189E+00
   9.5349000E-02   5.1343931E+00   5.5572004E+00  -3.8663189E+00
   1.0297000E-01   3.1019833E+00   5.8494163E+00  -3.8663189E+00
   9.5024000E-02   4.5900764E+00   3.9216312E+00  -4.8507622E+00
   1.0341100E-01   2.6511023E+00   3.9216312E+00  -4.8507622E+00
   9.8126000E-02   3.6205903E+00   2.2424320E+00  -5.1926552E+00
   1.0381300E-01   9.9171686E-01   2.2556847E+00   6.1395837E+00
   1.0182900E-01   1.9612030E+00   3.9348857E+00   5.7976907E+00
   1.0820500E-01   2.2230737E-02   3.9348857E+00   5.7976907E+00
   1.1457600E-01  -9.4725539E-01   2.2556847E+00   5.7976907E+00
   1.1224600E-01   2.2230737E-02   5.7648548E-01   5.7976907E+00
   1.0221800E-01   1.9612030E+00   5.7648548E-01   5.7976907E+00
   1.2673800E-01  -2.5047505E+00   3.2823407E+00   4.8132493E+00
   1.2201800E-01   4.7851830E-01   7.1384418E+00  -2.3641833E+00
   1.2212600E-01   4.7310991E-01   5.8626708E+00  -3.8724359E+00
   1.0779200E-01   1.9612030E+00   3.9348857E+00  -4.8568774E+00
   1.2598500E-01   2.2230737E-02   3.9348857E+00  -4.8568774E+00
   1.1340700E-01   9.9171686E-01   2.2556847E+00  -5.1987723E+00
   1.3422200E-01  -9.6719143E+00  -1.1567580E+00   3.5827032E+00
   1.2963400E-01  -9.6719143E+00  -3.1547350E+00   3.5827032E+00
   1.3053600E-01  -8.5917280E+00  -4.8355386E+00   3.5827032E+00
   1.4383200E-01  -1.0253426E+01  -2.3727211E-01   1.7641726E+00
   1.3346600E-01  -1.0691306E+01  -2.1557465E+00   1.7641726E+00
   1.2903500E-01  -1.0253426E+01  -4.0742209E+00   1.7641726E+00
   1.2917300E-01  -9.0265162E+00  -5.6127186E+00   1.7641726E+00
   1.5146700E-01  -1.0253426E+01  -2.3727211E-01  -2.5424562E-01
   1.3646000E-01  -1.0691306E+01  -2.1557465E+00  -2.5424562E-01
   1.3003100E-01  -1.0253426E+01  -4.0742209E+00  -2.5424562E-01
   1.2848400E-01  -9.0265162E+00  -5.6127186E+00  -2.5424562E-01
   1.4739300E-01  -9.6719143E+00  -1.1567580E+00  -2.0727762E+00
   1.3435100E-01  -9.6719143E+00  -3.1547350E+00  -2.0727762E+00
   1.2967500E-01  -8.5917280E+00  -4.8355386E+00  -2.0727762E+00
   1.4157900E-01  -8.2374857E+00  -2.1557465E+00  -3.3312392E+00
   1.2570800E-01  -3.4302779E+00  -3.3737958E+00   6.3444886E+00
   1.2632200E-01  -1.4624665E+00  -3.3737958E+00   5.8953479E+00
   1.2604700E-01  -4.4141845E+00  -5.0779696E+00   5.8953479E+00
   1.2518200E-01  -2.4463731E+00  -5.0779696E+00   5.8953479E+00
   1.2985300E-01  -5.7523316E+00  -6.0535879E+00   4.6368849E+00
   1.2639600E-01  -3.9349084E+00  -6.8835764E+00   4.6368849E+00
   1.2666200E-01  -1.9572686E+00  -6.5992350E+00   4.6368849E+00
   1.2791800E-01  -4.4730003E-01  -5.2908397E+00   4.6368849E+00
   1.2858100E-01  -4.4141845E+00  -7.6845670E+00   2.8183543E+00
   1.2906100E-01  -2.4463731E+00  -7.6845670E+00   2.8183543E+00
   1.3245300E-01  -6.7343598E-01  -6.8307661E+00   2.8183543E+00
   1.3122200E-01  -4.4141845E+00  -7.6845670E+00   7.9993613E-01
   1.3381600E-01  -2.4463731E+00  -7.6845670E+00   7.9993613E-01
   1.2708300E-01  -5.2146989E-01  -7.4955981E+00   1.9053521E+00
   1.2055200E-01  -1.0007460E+00  -8.2965887E+00   8.6821571E-02
   1.1399000E-01   9.6706538E-01  -8.2965887E+00   8.6821571E-02
   1.2394800E-01  -2.7736812E+00  -7.4427879E+00  -1.9315966E+00
   1.1453700E-01  -1.0007460E+00  -8.2965887E+00  -1.9315966E+00
   1.1077800E-01   9.6706538E-01  -8.2965887E+00  -1.9315966E+00
   1.1752300E-01  -2.3388931E+00  -6.6656078E+00  -3.7501272E+00
   1.1055000E-01  -5.2146989E-01  -7.4955981E+00  -3.7501272E+00
   1.0896600E-01   1.4561699E+00  -7.2112567E+00  -3.7501272E+00
   1.2084300E-01  -1.9846507E+00  -3.9858157E+00  -5.0085902E+00
   1.1206700E-01  -1.0007460E+00  -5.6899914E+00  -5.0085902E+00
   1.0806800E-01   9.6706538E-01  -5.6899914E+00  -5.0085902E+00
   1.0168000E-01   4.1401988E+00  -7.4842201E+00   1.9560667E+00
   9.4962000E-02   6.1178386E+00  -7.1998787E+00   1.9560667E+00
   9.4164000E-02   7.6278071E+00  -5.8914834E+00   1.9560667E+00
   1.0359800E-01   3.6609227E+00  -8.2852107E+00   1.3753426E-01
   9.5494000E-02   5.6287341E+00  -8.2852107E+00   1.3753426E-01
   9.2369000E-02   7.4016712E+00  -7.4314098E+00   1.3753426E-01
   9.3411000E-02   8.6285815E+00  -5.8929140E+00   1.3753426E-01
   9.8041000E-02   9.0664612E+00  -3.9744396E+00  -1.8808821E+00
   1.0261600E-01   3.6609227E+00  -8.2852107E+00  -1.8808821E+00
   9.4932000E-02   5.6287341E+00  -8.2852107E+00  -1.8808821E+00
   9.1837000E-02   7.4016712E+00  -7.4314098E+00  -1.8808821E+00
   9.2483000E-02   8.6285815E+00  -5.8929140E+00  -1.8808821E+00
   9.4964000E-02   8.1907017E+00  -3.9744396E+00  -3.6994126E+00
   9.9293000E-02   4.1401988E+00  -7.4842201E+00  -3.6994126E+00
   9.3356000E-02   6.1178386E+00  -7.1998787E+00  -3.6994126E+00
   9.1995000E-02   7.6278071E+00  -5.8914834E+00  -3.6994126E+00
   9.4245000E-02   5.6287341E+00  -5.6786134E+00  -4.9578757E+00
   9.1778000E-02   8.9532761E+00   7.7478766E-05   4.0864323E+00
   8.9433000E-02   1.0531337E+01   7.7478766E-05   2.8279693E+00
   9.2298000E-02   9.9684425E+00   1.9171213E+00   2.8279693E+00
   9.0678000E-02   9.9684425E+00  -1.9169664E+00   2.8279693E+00
   8.8404000E-02   1.1407097E+01   7.7478766E-05   1.0094387E+00
   9.0195000E-02   1.0969217E+01   1.9185519E+00   1.0094387E+00
   9.6314000E-02   9.7423066E+00   3.4570496E+00   1.0094387E+00
   9.4763000E-02   9.7423066E+00  -3.4568928E+00   1.0094387E+00
   8.9714000E-02   1.0969217E+01  -1.9183969E+00   1.0094387E+00
   8.8404000E-02   1.1407097E+01   7.7478766E-05  -1.0089795E+00
   8.9713000E-02   1.0969217E+01   1.9185519E+00  -1.0089795E+00
   9.4763000E-02   9.7423066E+00   3.4570496E+00  -1.0089795E+00
   9.6315000E-02   9.7423066E+00  -3.4568928E+00  -1.0089795E+00
   9.0195000E-02   1.0969217E+01  -1.9183969E+00  -1.0089795E+00
   8.9433000E-02   1.0531337E+01   7.7478766E-05  -2.8275101E+00
   9.0678000E-02   9.9684425E+00   1.9171213E+00  -2.8275101E+00
   9.2299000E-02   9.9684425E+00  -1.9169664E+00  -2.8275101E+00
   9.1779000E-02   8.9532761E+00   7.7478766E-05  -4.0859731E+00
   9.4245000E-02   5.6285432E+00   5.6787513E+00   4.9578851E+00
   9.4966000E-02   8.1905109E+00   3.9745775E+00   3.6994240E+00
   9.1995000E-02   7.6276163E+00   5.8916214E+00   3.6994240E+00
   9.3357000E-02   6.1176458E+00   7.2000166E+00   3.6994240E+00
   9.9292000E-02   4.1400060E+00   7.4843580E+00   3.6994240E+00
   9.8043000E-02   9.0662685E+00   3.9745775E+00   1.8808915E+00
   9.2484000E-02   8.6283887E+00   5.8930519E+00   1.8808915E+00
   9.1837000E-02   7.4014784E+00   7.4315478E+00   1.8808915E+00
   9.4932000E-02   5.6285432E+00   8.2853486E+00   1.8808915E+00
   1.0261600E-01   3.6607318E+00   8.2853486E+00   1.8808915E+00
   9.3412000E-02   8.6283887E+00   5.8930519E+00  -1.3752481E-01
   9.2369000E-02   7.4014784E+00   7.4315478E+00  -1.3752481E-01
   9.5495000E-02   5.6285432E+00   8.2853486E+00  -1.3752481E-01
   1.0359900E-01   3.6607318E+00   8.2853486E+00  -1.3752481E-01
   9.4164000E-02   7.6276163E+00   5.8916214E+00  -1.9560554E+00
   9.4962000E-02   6.1176458E+00   7.2000166E+00  -1.9560554E+00
   1.0168000E-01   4.1400060E+00   7.4843580E+00  -1.9560554E+00
   1.0807000E-01   9.6688208E-01   5.6899876E+00   5.0081877E+00
   1.1207000E-01  -1.0009293E+00   5.6899876E+00   5.0081877E+00
   1.2084500E-01  -1.9848359E+00   3.9858119E+00   5.0081877E+00
   1.0896900E-01   1.4559847E+00   7.2112530E+00   3.7497266E+00
   1.1055200E-01  -5.2165508E-01   7.4955944E+00   3.7497266E+00
   1.1752600E-01  -2.3390764E+00   6.6656040E+00   3.7497266E+00
   1.1078000E-01   9.6688208E-01   8.2965850E+00   1.9311941E+00
   1.1453900E-01  -1.0009293E+00   8.2965850E+00   1.9311941E+00
   1.2395200E-01  -2.7738664E+00   7.4427841E+00   1.9311941E+00
   1.1399200E-01   9.6688208E-01   8.2965850E+00  -8.7222193E-02
   1.2055500E-01  -1.0009293E+00   8.2965850E+00  -8.7222193E-02
   1.2708400E-01  -5.2165508E-01   7.4955944E+00  -1.9057528E+00
