  912     7        90475.0450640128     2024.5652335318
  -2.83805  -1.29291   2.21425    10.85340    13.39720    -2.54379
  -3.36305  -0.38358   1.93291     3.39671     3.09335     0.30336
  -3.88805  -1.29291   1.93291    11.94778    13.75854    -1.81076
  -3.36305  -2.20223   1.93291    19.74145    20.96557    -1.22412
  -3.58272  -3.25644   0.11425    19.27395    17.15686     2.11710
  -4.02902  -2.66735  -0.93575     6.84487     8.00680    -1.16193
  -3.09687  -3.09305  -0.93575     1.99234     4.23316    -2.24082
  -2.08256  -2.94721  -0.93575     4.13027     6.01269    -1.88243
  -1.78805  -1.29291  -1.70440    -2.39897    -6.19070     3.79173
  -3.88805  -1.29291  -1.70440    -8.17080    -8.47054     0.29974
  -3.36305  -2.20223  -1.70440   -10.30120    -5.85257    -4.44863
  -2.31305  -2.20223  -1.70440   -10.57730    -6.48690    -4.09040
  -2.83805  -1.29291  -1.98575   -12.23016   -11.34882    -0.88134
  -2.42935   0.01383   2.08341     7.95117     6.09321     1.85796
  -1.90435   0.92316   1.80207     1.24749     1.48470    -0.23722
  -2.95435   0.92316   1.80207    -8.80961    -9.98674     1.17714
  -3.47935   0.01383   1.80207    -0.78125    -2.64634     1.86509
  -1.90435   0.92316  -1.83524   -11.25250   -12.71918     1.46668
  -1.90435  -0.89550  -1.83524    -0.30685    -5.61025     5.30340
  -2.42935   0.01383  -2.11659    -5.58672   -10.54210     4.95538
  -3.21831   0.93682   1.78951   -12.84449   -13.63505     0.79056
  -2.72831   1.78552   1.52692   -17.24271   -16.55211    -0.69059
  -3.70831   1.78552   1.52692   -25.78123   -25.64735    -0.13388
  -4.19831   0.93682   1.52692   -22.40272   -22.15992    -0.24279
  -2.69378   2.55115   0.80951   -20.37774   -18.93324    -1.44451
  -3.74283   2.55115   0.80951   -30.40786   -30.58442     0.17656
  -4.59154   1.93453   0.80951   -32.16425   -32.76795     0.60369
  -4.91572   0.93682   0.80951   -28.01140   -27.06439    -0.94701
  -3.21831   2.89682  -0.17049   -29.85188   -28.72048    -1.13140
  -4.19831   2.63423  -0.17049   -34.04176   -35.33004     1.28828
  -4.91572   1.91682  -0.17049   -34.66174   -35.73864     1.07690
  -5.17831   0.93682  -0.17049   -31.33406   -30.46621    -0.86785
  -4.91572  -0.04318  -0.17049   -14.24133   -15.51944     1.27811
  -2.69378   2.55115  -1.15049   -28.17141   -25.92417    -2.24725
  -3.74283   2.55115  -1.15049   -34.02796   -34.46627     0.43831
  -4.59154   1.93453  -1.15049   -34.88953   -36.41355     1.52403
  -4.91572   0.93682  -1.15049   -32.21069   -32.43761     0.22692
  -4.59154  -0.06089  -1.15049   -19.97614   -22.28408     2.30795
  -2.72831   1.78552  -1.86790   -27.80369   -27.16176    -0.64193
  -3.70831   1.78552  -1.86790   -32.50311   -33.35393     0.85082
  -4.19831   0.93682  -1.86790   -30.39531   -31.74464     1.34934
  -3.70831   0.08811  -1.86790   -20.39908   -24.17285     3.77377
  -3.21831   0.93682  -2.13049   -25.31875   -27.00615     1.68739
  -0.96346   0.25777   2.09964     0.26293     2.73602    -2.47310
  -1.48846  -0.65156   1.81829    15.73417    13.51539     2.21878
  -1.48846   1.16710  -1.81901   -11.34663   -10.59128    -0.75534
  -1.48846  -0.65156  -1.81901     2.70268    -3.35257     6.05525
  -0.96346   0.25777  -2.10036    -6.31463    -6.82678     0.51216
  -0.38863   1.50109   2.18259    -0.82957    -0.12018    -0.70939
   0.13637   2.41042   1.90125     5.28049     4.49143     0.78906
  -0.91363   2.41042   1.90125     3.75564     4.79264    -1.03700
  -1.43863   1.50109   1.90125    -1.84362     0.24610    -2.08972
   0.13637   0.59176   1.90125    -0.12864    -4.41638     4.28774
   0.13637   2.41042  -1.73606     0.87663    -0.76397     1.64060
  -0.91363   2.41042  -1.73606    -2.89031    -2.61635    -0.27396
  -1.43863   1.50109  -1.73606   -11.59198   -10.55871    -1.03327
  -0.38863   1.50109  -2.01741    -6.34977    -7.07363     0.72386
   1.03272   1.47768   2.19506    -0.90801    -0.03365    -0.87436
   2.08272   1.47768   1.91372     1.63215     1.92352    -0.29136
   1.55772   2.38701   1.91372     6.32906     7.73959    -1.41053
   0.50772   2.38701   1.91372     5.19452     4.69841     0.49611
   0.50772   0.56835   1.91372    -0.31626    -4.97274     4.65647
   0.77390   3.27782  -0.95494    12.56525    10.60242     1.96283
   2.08272   1.47768  -1.72359    -0.56915    -1.80193     1.23277
   1.55772   2.38701  -1.72359     2.75477     3.53195    -0.77718
   0.50772   2.38701  -1.72359     1.27322    -0.10675     1.37997
   1.03272   1.47768  -2.00494    -3.91440    -4.76446     0.85005
   1.52280   0.20134   2.11649    -0.89044    -3.69508     2.80465
   2.04779   1.11067  -1.80216    -1.56752    -4.31803     2.75052
   1.52280   0.20134  -2.08351    -1.81350    -7.06540     5.25190
   3.18735  -0.27028   2.36977    -4.29028    -1.66819    -2.62209
   4.21999  -0.27028   2.13408    -4.59023    -1.28809    -3.30214
   3.70367   0.62401   2.13408    -4.21435    -0.63264    -3.58171
   2.67103   0.62401   2.13408    -0.98895    -1.49142     0.50247
   2.15470  -0.27028   2.13408     0.22088    -3.18096     3.40185
   2.67103  -1.16458   2.13408    -2.51255    -1.93312    -0.57943
   3.70367  -1.16458   2.13408    -4.93097    -1.59735    -3.33362
   5.04811  -0.27028   1.47367    -0.08283    -1.28397     1.20114
   4.69273   0.82344   1.47367    -3.06287    -0.39525    -2.66762
   3.76235   1.49940   1.47367    -1.20419     1.61845    -2.82264
   2.61234  -2.03997   1.47367    -1.13767    -1.46543     0.32776
   3.76235  -2.03997   1.47367    -3.67658    -1.60335    -2.07323
   4.69273  -1.36401   1.47367    -0.56162    -1.60752     1.04590
   5.50768  -0.27028   0.51937     4.55321    -1.42103     5.97424
   5.24190   0.80803   0.51937    -0.02573    -0.66171     0.63598
   4.50544   1.63931   0.51937    -2.11220     1.15259    -3.26478
   3.46703   2.03313   0.51937     6.41377     6.40145     0.01232
   2.36455  -2.43983   0.51937     3.12625    -1.35055     4.47680
   3.46703  -2.57369   0.51937    -2.84074    -1.67370    -1.16704
   4.50544  -2.17988   0.51937     0.27297    -1.81401     2.08698
   5.24190  -1.34859   0.51937     4.80421    -1.74300     6.54721
   5.50768  -0.27028  -0.53983     4.57956    -1.64320     6.22277
   5.24190   0.80803  -0.53983    -0.13680    -0.93573     0.79893
   4.50544   1.63931  -0.53983    -2.53953     0.68946    -3.22899
   3.46703   2.03313  -0.53983     4.76091     5.04071    -0.27979
   2.36455  -2.43983  -0.53983     3.32329    -2.04207     5.36536
   3.46703  -2.57369  -0.53983    -2.92921    -2.07818    -0.85103
   4.50544  -2.17988  -0.53983     0.27861    -2.08961     2.36823
   5.24190  -1.34859  -0.53983     4.86508    -1.96797     6.83305
   5.04811  -0.27028  -1.49414    -0.19453    -1.97697     1.78245
   4.69273   0.82344  -1.49414    -3.62763    -1.28891    -2.33872
   3.76235   1.49940  -1.49414    -2.85705    -0.03719    -2.81986
   2.61234   1.49940  -1.49414     2.11471    -0.27882     2.39352
   2.61234  -2.03997  -1.49414    -1.58823    -3.05619     1.46796
   3.76235  -2.03997  -1.49414    -3.97088    -2.57976    -1.39112
   4.69273  -1.36401  -1.49414    -0.61057    -2.33205     1.72148
   4.21999  -0.27028  -2.15454    -5.23343    -2.52914    -2.70429
   3.70367   0.62401  -2.15454    -5.55534    -2.29083    -3.26451
   2.67103   0.62401  -2.15454    -2.80622    -3.87897     1.07275
   2.15470  -0.27028  -2.15454    -1.17156    -5.68502     4.51346
   2.67103  -1.16458  -2.15454    -3.70544    -3.99686     0.29142
   3.70367  -1.16458  -2.15454    -5.62249    -2.99916    -2.62333
   3.18735  -0.27028  -2.39023    -5.62374    -3.55831    -2.06543
   0.26213  -0.99454   2.36219    -0.37337     3.11271    -3.48608
   1.32514  -0.99454   2.11956     0.18323    -0.98082     1.16406
   0.79364  -0.07394   2.11956    -0.20457    -2.77415     2.56958
  -0.26938  -0.07394   2.11956     0.55786     0.77953    -0.22167
  -0.80089  -0.99454   2.11956     7.62236     9.70850    -2.08614
  -0.26938  -1.91514   2.11956     5.03702    10.16805    -5.13104
   0.79364  -1.91514   2.11956    -0.59551     3.70396    -4.29947
  -0.01047  -2.89053   1.43974     6.81852    10.75900    -3.94048
   1.05785  -2.73693   1.43974     1.97854     4.05325    -2.07471
   1.87354  -2.03013   1.43974     3.16139    -0.39576     3.55715
  -0.26938  -3.32322   0.45736    10.99146    11.72646    -0.73501
   0.79364  -3.32322   0.45736     4.51242     5.03739    -0.52497
   1.75138  -2.86200   0.45736     5.20143     1.04507     4.15636
  -1.22712  -2.86200  -0.63299    14.82930    12.00413     2.82518
  -0.26938  -3.32322  -0.63299     6.72251     7.03440    -0.31189
   0.79364  -3.32322  -0.63299     3.30509     3.17056     0.13453
   1.75138  -2.86200  -0.63299     4.71950     0.05369     4.66581
  -1.57577  -1.53419  -1.61536    -0.73983    -4.56550     3.82566
  -0.99225  -2.44217  -1.61536     1.41441     1.49690    -0.08250
  -0.01047  -2.89053  -1.61536    -0.48381     2.08132    -2.56513
   1.05785  -2.73693  -1.61536    -0.57794     0.13430    -0.71223
   1.87354  -2.03013  -1.61536     1.59764    -2.61212     4.20976
   1.32514  -0.99454  -2.29519    -3.17332    -4.40944     1.23612
   0.79364  -0.07394  -2.29519    -3.89746    -6.42174     2.52428
  -0.26938  -0.07394  -2.29519    -5.51518    -6.24515     0.72997
  -0.80089  -0.99454  -2.29519    -4.32291    -3.72301    -0.59990
  -0.26938  -1.91514  -2.29519    -5.10479    -1.32447    -3.78032
   0.79364  -1.91514  -2.29519    -5.01694    -1.84052    -3.17641
   0.26213  -0.99454  -2.53781    -6.63842    -3.75694    -2.88148
  -4.63464  -0.84346   1.57793    11.91892    11.07606     0.84285
  -4.63464  -2.00431   1.57793    21.28073    20.37244     0.90829
  -5.33717  -0.87741   0.73793    13.62386    10.96957     2.65429
  -5.33717  -1.97035   0.73793    21.98354    19.41495     2.56859
  -4.63464  -2.80760   0.73793    23.93007    21.86843     2.06165
  -5.33717  -0.87741  -0.30037     9.79982     6.60895     3.19087
  -5.33717  -1.97035  -0.30037    18.56801    15.98931     2.57870
  -4.63464  -2.80760  -0.30037    18.59813    17.18021     1.41791
  -4.63464  -0.84346  -1.14037     0.27924    -3.40686     3.68610
  -4.63464  -2.00431  -1.14037     8.93950     8.38086     0.55864
  -2.24808  -1.97705   2.24778    20.99898    22.10886    -1.10988
  -1.26060  -1.97705   1.92693    22.82189    23.07147    -0.24958
  -3.04697  -2.55748   1.92693    23.57616    23.90615    -0.32999
  -1.94293  -2.91620   1.92693    26.66413    25.93927     0.72486
  -3.04697  -3.36077   1.08693    26.47086    24.53514     1.93572
  -1.97063  -3.55056   1.08693    27.20944    25.48115     1.72829
  -1.02411  -3.00408   1.08693    25.94438    24.71552     1.22886
  -1.97063  -3.55056   0.04863    21.64720    20.38849     1.25870
  -0.68735   3.33843   1.49502     9.92281     9.74154     0.18127
  -1.79138   2.97971   1.49502     2.96624     3.14808    -0.18184
   0.23147   3.42632   0.65502    18.39481    14.98841     3.40641
  -0.71504   3.97279   0.65502    12.51128    11.03269     1.47860
  -1.79138   3.78300   0.65502     6.44892     4.90443     1.54449
  -2.49391   2.94576   0.65502    -9.29530    -9.09699    -0.19831
  -0.71504   3.97279  -0.38328    11.34286     9.87847     1.46439
  -1.79138   3.78300  -0.38328     4.51305     3.11485     1.39820
  -2.49391   2.94576  -0.38328   -15.26542   -14.21307    -1.05236
  -0.68735   3.33843  -1.22328     6.52986     6.11189     0.41797
  -1.79138   2.97971  -1.22328    -4.03551    -3.48802    -0.54749
   2.65318   2.35460   1.51662     9.69879     9.64766     0.05113
   1.97085   3.29375   1.51662    13.11118    12.59586     0.51533
   3.26348   2.35460   0.67662    10.85403     9.75655     1.09748
   2.88967   3.38163   0.67662    14.99371    12.96458     2.02913
   1.94315   3.92810   0.67662    16.18159    14.04203     2.13956
   0.86681   3.73831   0.67662    16.61582    14.50686     2.10896
   3.26348   2.35460  -0.36168    10.32567     9.12552     1.20015
   2.88967   3.38163  -0.36168    14.43397    12.48364     1.95033
   1.94315   3.92810  -0.36168    15.55659    13.51048     2.04611
   0.86681   3.73831  -0.36168    15.87034    13.69882     2.17153
   2.65318   2.35460  -1.20168     8.24296     7.77359     0.46937
   1.97085   3.29375  -1.20168    11.34474    10.95640     0.38834
  -2.83805  -1.29291   2.51425    10.04956    11.78782    -1.73826
  -3.35871  -0.39109   2.27658     3.36157     3.67803    -0.31647
  -3.87937  -1.29291   2.27658     9.56450    10.91330    -1.34880
  -3.35871  -2.19472   2.27658    15.91741    17.09180    -1.17440
  -3.35871  -3.57407   0.64830    20.49885    18.86586     1.63299
  -3.35871  -3.57407  -0.41980    10.95820    10.83399     0.12421
  -4.06683  -2.71099  -1.38212     2.11784     3.64695    -1.52911
  -3.10509  -3.15020  -1.38212    -0.32756     2.08267    -2.41023
  -2.05857  -2.99973  -1.38212     0.41792     2.42057    -2.00265
  -1.79673  -1.29291  -2.04807    -3.98218    -5.61679     1.63462
  -3.87937  -1.29291  -2.04807    -7.91164    -8.05550     0.14386
  -3.35871  -2.19472  -2.04807    -7.61985    -4.79822    -2.82163
  -2.31739  -2.19472  -2.04807    -7.55145    -4.96496    -2.58649
  -2.83805  -1.29291  -2.28575    -9.29216    -8.99951    -0.29265
  -2.42935   0.01383   2.38341     5.18762     4.72111     0.46651
  -1.90869   0.91564   2.14574    -0.07781     0.89217    -0.96998
  -2.95001   0.91564   2.14574    -5.82580    -6.25962     0.43382
  -3.47067   0.01383   2.14574    -0.26606    -0.85889     0.59282
  -1.90869   0.91564  -2.17891   -11.29266   -12.02350     0.73084
  -1.90869  -0.88798  -2.17891    -3.35278    -6.01784     2.66506
  -2.42935   0.01383  -2.41659    -7.58973   -10.55190     2.96218
  -3.21831   0.93682   2.06951    -8.98405    -9.35592     0.37187
  -2.73236   1.77851   1.84768   -12.11344   -11.50716    -0.60629
  -3.70426   1.77851   1.84768   -18.53412   -18.27864    -0.25548
  -4.19021   0.93682   1.84768   -15.52019   -15.42590    -0.09430
  -2.67712   2.60241   1.22613   -13.98844   -13.07174    -0.91670
  -3.75949   2.60241   1.22613   -22.56712   -22.43978    -0.12735
  -4.63514   1.96621   1.22613   -24.13339   -24.25564     0.12225
  -4.96961   0.93682   1.22613   -19.66803   -19.27275    -0.39528
  -2.95507   3.10473   0.32796   -18.36344   -17.61473    -0.74871
  -3.99271   2.97874   0.32796   -25.51328   -25.79036     0.27707
  -4.85293   2.38497   0.32796   -27.10151   -27.82090     0.71940
  -5.33869   1.45944   0.32796   -25.49006   -25.37243    -0.11764
  -5.33869   0.41419   0.32796   -17.11030   -16.91110    -0.19920
  -2.95507   3.10473  -0.66894   -21.27445   -20.23678    -1.03767
  -3.99271   2.97874  -0.66894   -26.94463   -27.31748     0.37285
  -4.85293   2.38497  -0.66894   -28.21910   -29.22061     1.00150
  -5.33869   1.45944  -0.66894   -26.88627   -27.15327     0.26700
  -5.33869   0.41419  -0.66894   -20.14368   -20.25421     0.11053
  -2.67712   2.60241  -1.56711   -21.95028   -20.68129    -1.26899
  -3.75949   2.60241  -1.56711   -26.89568   -27.09738     0.20170
  -4.63514   1.96621  -1.56711   -27.75788   -28.69198     0.93409
  -4.96961   0.93682  -1.56711   -25.01943   -25.62339     0.60396
  -4.63514  -0.09257  -1.56711   -16.52107   -18.46067     1.93960
  -2.73236   1.77851  -2.18866   -21.68547   -21.49111    -0.19437
  -3.70426   1.77851  -2.18866   -25.42668   -26.00660     0.57991
  -4.19021   0.93682  -2.18866   -23.72300   -24.85620     1.13321
  -3.70426   0.09513  -2.18866   -17.01931   -19.58483     2.56551
  -3.21831   0.93682  -2.41049   -20.16753   -21.47344     1.30591
  -0.96346   0.25777   2.39964     0.78250     2.85422    -2.07172
  -1.48412  -0.64404   2.16196    10.69966    10.86805    -0.16839
  -1.48412   1.15958  -2.16269   -10.60679    -9.96763    -0.63917
  -0.96346   0.25777  -2.40036    -6.42946    -6.62060     0.19114
  -0.38863   1.50109   2.48259    -0.56350     0.52202    -1.08553
   0.13203   2.40290   2.24492     3.30823     3.61835    -0.31012
  -0.90929   2.40290   2.24492     1.86308     2.97974    -1.11666
  -1.42995   1.50109   2.24492    -1.68549     0.25497    -1.94046
   0.13203   0.59928   2.24492    -1.03539    -1.94139     0.90600
   0.13203   2.40290  -2.07973    -0.99774    -1.53538     0.53764
  -0.90929   2.40290  -2.07973    -4.45783    -4.02418    -0.43365
  -1.42995   1.50109  -2.07973   -10.89607    -9.90600    -0.99007
  -0.38863   1.50109  -2.31741    -6.06111    -6.27463     0.21351
   1.03272   1.47768   2.49506    -0.35015     0.58530    -0.93545
   2.07404   1.47768   2.25739     0.85843     1.67064    -0.81221
   1.55338   2.37949   2.25739     4.25326     5.50863    -1.25537
   0.51206   2.37949   2.25739     3.38353     3.83881    -0.45528
   0.51206   0.57587   2.25739    -1.16529    -2.45919     1.29391
   0.76568   3.33498   1.59144    10.56412    10.03488     0.52925
   0.76568   3.33498  -1.40131     7.36759     6.67525     0.69233
   2.07404   1.47768  -2.06726    -1.49473    -1.89378     0.39905
   1.55338   2.37949  -2.06726     1.08622     1.67376    -0.58754
   0.51206   2.37949  -2.06726    -0.44679    -0.85229     0.40550
   1.03272   1.47768  -2.30494    -3.47013    -4.02486     0.55473
   1.52280   0.20134   2.41649    -1.01155    -2.13888     1.12734
   2.04346   1.10315  -2.14583    -2.33496    -3.61306     1.27810
   1.52280   0.20134  -2.38351    -2.84325    -5.72706     2.88381
   3.18735  -0.27028   2.70977    -2.89345    -0.93302    -1.96042
   4.22825  -0.27028   2.50272    -3.27497    -0.75489    -2.52008
   3.70780   0.63116   2.50272    -2.71084    -0.16570    -2.54514
   2.66690   0.63116   2.50272    -1.12952    -0.63434    -0.49517
   2.14645  -0.27028   2.50272    -0.79066    -1.73689     0.94623
   2.66690  -1.17173   2.50272    -1.92081    -1.03671    -0.88410
   3.70780  -1.17173   2.50272    -3.35027    -0.96446    -2.38582
   5.11068  -0.27028   1.91310    -1.12763    -0.80012    -0.32751
   4.85300   0.69138   1.91310    -2.12286    -0.18697    -1.93590
   4.14901   1.39537   1.91310    -1.57693     1.00765    -2.58458
   3.18735   1.65305   1.91310     1.66541     2.67031    -1.00490
   2.22568  -1.93594   1.91310     0.10793    -0.50270     0.61064
   3.18735  -2.19362   1.91310    -2.28351    -0.78847    -1.49504
   4.14901  -1.93594   1.91310    -2.36383    -1.03169    -1.33214
   4.85300  -1.23195   1.91310    -1.18035    -1.04738    -0.13296
   5.70030  -0.27028   1.03067     1.81225    -0.92991     2.74216
   5.48304   0.75183   1.03067    -0.16943    -0.33783     0.16840
   4.86884   1.59720   1.03067    -1.20545     0.90674    -2.11218
   3.96389   2.11967   1.03067     2.04505     3.74573    -1.70067
   2.92467  -2.76947   1.03067    -0.83835    -0.62894    -0.20941
   3.96389  -2.66024   1.03067    -1.69930    -1.06945    -0.62984
   4.86884  -2.13777   1.03067     0.23657    -1.23665     1.47323
   5.48304  -1.29239   1.03067     2.08396    -1.19295     3.27691
   5.90735  -0.27028  -0.01023     3.13943    -1.10417     4.24360
   5.72367   0.71229  -0.01023     0.90424    -0.58935     1.49359
   5.19745   1.56217  -0.01023    -0.92809     0.42733    -1.35542
   4.39976   2.16456  -0.01023     0.56727     2.64360    -2.07633
   2.44298  -2.88645  -0.01023     1.89382    -0.67083     2.56466
   3.43832  -2.97868  -0.01023    -1.46900    -1.15730    -0.31170
   4.39976  -2.70513  -0.01023    -0.64696    -1.39089     0.74393
   5.19745  -2.10274  -0.01023     1.88818    -1.44900     3.33717
   5.72367  -1.25286  -0.01023     3.62387    -1.36040     4.98427
   5.70030  -0.27028  -1.05113     1.71059    -1.32757     3.03816
   5.48304   0.75183  -1.05113    -0.41792    -0.80288     0.38496
   4.86884   1.59720  -1.05113    -1.77020     0.23556    -2.00577
   3.96389   2.11967  -1.05113     0.65637     2.42377    -1.76739
   2.92467  -2.76947  -1.05113    -1.20921    -1.59996     0.39075
   3.96389  -2.66024  -1.05113    -1.94528    -1.69716    -0.24812
   4.86884  -2.13777  -1.05113     0.12174    -1.70362     1.82536
   5.48304  -1.29239  -1.05113     2.02184    -1.59353     3.61537
   5.11068  -0.27028  -1.93356    -1.50163    -1.63846     0.13683
   4.85300   0.69138  -1.93356    -2.78614    -1.17916    -1.60699
   4.14901   1.39537  -1.93356    -2.86144    -0.45059    -2.41085
   3.18735   1.65305  -1.93356    -0.70658     0.13569    -0.84227
   2.22568  -1.93594  -1.93356    -1.02284    -2.83776     1.81492
   3.18735  -2.19362  -1.93356    -3.08421    -2.29382    -0.79039
   4.14901  -1.93594  -1.93356    -2.84576    -2.08637    -0.75939
   4.85300  -1.23195  -1.93356    -1.50351    -1.90844     0.40493
   4.22825  -0.27028  -2.52318    -4.14721    -2.12282    -2.02439
   3.70780   0.63116  -2.52318    -4.11207    -1.93370    -2.17837
   2.66690   0.63116  -2.52318    -2.98255    -3.15251     0.16996
   2.14645  -0.27028  -2.52318    -2.62048    -4.51738     1.89690
   2.66690  -1.17173  -2.52318    -3.44691    -3.31767    -0.12924
   3.70780  -1.17173  -2.52318    -4.30597    -2.52026    -1.78571
   3.18735  -0.27028  -2.73023    -4.36245    -2.95898    -1.40347
   0.26213  -0.99454   2.71219     0.61684     3.25180    -2.63496
   1.33364  -0.99454   2.49905    -0.25351     0.01261    -0.26613
   0.79788  -0.06658   2.49905    -0.58547    -1.00593     0.42046
  -0.27363  -0.06658   2.49905     0.55848     1.75702    -1.19854
  -0.80939  -0.99454   2.49905     6.05233     8.25118    -2.19885
  -0.27363  -1.92250   2.49905     5.04580     8.74613    -3.70032
   0.79788  -1.92250   2.49905     0.49887     3.66756    -3.16869
  -0.72782  -2.70918   1.89209    14.38126    16.32632    -1.94506
   0.26213  -2.97444   1.89209     4.70067     7.97839    -3.27772
   1.25208  -2.70918   1.89209     1.55936     3.33306    -1.77370
   1.97677  -1.98449   1.89209     0.79192    -0.01369     0.80560
  -0.00827  -3.56723   0.98370     8.00702     9.55633    -1.54931
   1.06151  -3.45479   0.98370     3.56739     4.35471    -0.78732
   1.99308  -2.91695   0.98370     2.63868     0.98884     1.64984
  -0.50413  -3.68765  -0.08781     9.88578     9.96016    -0.07438
   0.52048  -3.78259  -0.08781     4.62537     5.11747    -0.49210
   1.51020  -3.50099  -0.08781     3.35780     2.07166     1.28614
   2.33135  -2.88089  -0.08781     2.58659    -0.57613     3.16273
  -1.03130  -3.23483  -1.15933     5.85717     5.98313    -0.12596
  -0.00827  -3.56723  -1.15933     2.98130     4.01129    -1.02999
   1.06151  -3.45479  -1.15933     1.61835     1.69410    -0.07575
   1.99308  -2.91695  -1.15933     1.68612    -0.58011     2.26623
  -1.45251  -1.98449  -2.06771    -2.90662    -2.53994    -0.36668
  -0.72782  -2.70918  -2.06771    -0.91993     0.79949    -1.71942
   0.26213  -2.97444  -2.06771    -1.47716     0.79603    -2.27318
   1.25208  -2.70918  -2.06771    -1.39684    -0.58590    -0.81094
   1.97677  -1.98449  -2.06771    -1.10128    -2.53797     1.43669
   1.33364  -0.99454  -2.67468    -3.65524    -3.75592     0.10067
   0.79788  -0.06658  -2.67468    -4.28526    -5.21058     0.92532
  -0.27363  -0.06658  -2.67468    -5.55785    -5.49458    -0.06327
  -0.80939  -0.99454  -2.67468    -4.81990    -3.87653    -0.94337
  -0.27363  -1.92250  -2.67468    -4.47101    -1.72288    -2.74813
   0.79788  -1.92250  -2.67468    -4.23443    -1.91582    -2.31861
   0.26213  -0.99454  -2.88781    -5.45745    -3.50693    -1.95052
  -4.31575  -0.59250   1.88155     5.40537     5.33628     0.06909
  -4.79575  -1.42388   1.88155    13.44878    13.02729     0.42149
  -4.31575  -2.25527   1.88155    17.74785    17.62200     0.12585
  -5.18096  -0.44653   1.17878     4.35743     2.97245     1.38498
  -5.49852  -1.42388   1.17878    14.20995    12.49587     1.71408
  -5.18096  -2.40123   1.17878    18.44752    16.92326     1.52427
  -4.34958  -3.00527   1.17878    20.60929    19.24892     1.36038
  -5.49852  -0.46388   0.21878     2.37763     0.41226     1.96537
  -5.75575  -1.42388   0.21878    12.81563    10.56415     2.25148
  -5.49852  -2.38388   0.21878    16.84800    14.93391     1.91409
  -4.79575  -3.08665   0.21878    17.78425    16.31966     1.46458
  -5.18096  -0.44653  -0.74122    -3.72803    -6.03166     2.30363
  -5.49852  -1.42388  -0.74122     8.93762     6.83193     2.10569
  -5.18096  -2.40123  -0.74122    12.49622    11.23865     1.25757
  -4.34958  -3.00527  -0.74122    10.79379    10.69753     0.09626
  -4.79575  -1.42388  -1.44399     2.22327     0.89371     1.32956
  -2.24808  -1.97705   2.48778    16.96346    18.04633    -1.08287
  -1.28808  -1.97705   2.23055    17.48994    18.52221    -1.03227
  -2.72808  -2.80844   2.23055    20.30934    20.46632    -0.15698
  -1.76808  -2.80844   2.23055    20.70719    20.76765    -0.06046
  -2.76191  -3.55844   1.52778    22.15924    21.14534     1.01390
  -1.73426  -3.55844   1.52778    22.13665    21.28298     0.85367
  -3.20808  -3.63982   0.56778    20.23530    18.70081     1.53449
  -2.24808  -3.89705   0.56778    20.14745    19.02804     1.11941
  -1.28808  -3.63982   0.56778    20.14808    19.05949     1.08859
  -1.73426  -3.55844  -0.39222    14.51555    14.03805     0.47750
  -0.51249   3.23067   1.79864     7.27535     7.42966    -0.15432
  -1.47249   3.23067   1.79864     3.65462     3.99688    -0.34227
  -1.95249   2.39929   1.79864    -2.43662    -1.38053    -1.05609
  -0.47867   3.98067   1.09587    10.09412     9.27571     0.81840
  -1.50632   3.98067   1.09587     5.83019     5.04951     0.78068
  -2.33770   3.37664   1.09587    -2.54016    -2.74656     0.20640
  -0.03249   4.06206   0.13587    12.57466    11.06999     1.50467
  -0.99249   4.31929   0.13587     8.35780     7.16955     1.18825
  -1.95249   4.06206   0.13587     2.61169     1.57414     1.03755
  -2.65526   3.35929   0.13587   -10.10730   -10.02759    -0.07971
  -0.47867   3.98067  -0.82413     8.28501     7.39958     0.88543
  -1.50632   3.98067  -0.82413     3.29191     2.59649     0.69543
  -2.33770   3.37664  -0.82413    -7.91917    -7.70233    -0.21684
  -1.47249   3.23067  -1.52690    -1.74887    -1.38522    -0.36365
  -1.95249   2.39929  -1.52690   -13.50526   -12.05598    -1.44928
   2.62570   2.35460   1.82024     6.85115     7.37732    -0.52617
   2.14570   3.18598   1.82024     9.55069     9.65553    -0.10484
   1.18570   3.18598   1.82024     9.29028     9.47643    -0.18615
   3.32847   2.35460   1.11747     7.55270     7.52846     0.02424
   3.01091   3.33195   1.11747    11.02283    10.12389     0.89895
   2.17953   3.93598   1.11747    12.35441    11.17210     1.18231
   1.15188   3.93598   1.11747    12.62863    11.54653     1.08210
   3.32847   3.31460   0.15747    10.99836     9.85273     1.14563
   2.62570   4.01737   0.15747    12.67381    11.05739     1.61642
   1.66570   4.27460   0.15747    13.10240    11.53609     1.56630
   0.70570   4.01737   0.15747    14.11206    12.33502     1.77704
   3.32847   2.35460  -0.80253     6.61207     6.48618     0.12588
   3.01091   3.33195  -0.80253    10.15624     9.30534     0.85090
   2.17953   3.93598  -0.80253    11.41879    10.31074     1.10805
   1.15188   3.93598  -0.80253    11.48280    10.37517     1.10762
   2.62570   2.35460  -1.50530     5.17005     5.30143    -0.13138
   2.14570   3.18598  -1.50530     7.75539     7.84363    -0.08824
  -2.83805  -1.29291   2.81425     8.92193    10.12893    -1.20700
  -1.80481  -1.29291   2.60873    11.75576    12.73473    -0.97896
  -3.35467  -0.39809   2.60873     3.37663     3.79771    -0.42108
  -3.87130  -1.29291   2.60873     8.08860     9.01297    -0.92437
  -3.35467  -2.18772   2.60873    13.11244    14.01860    -0.90616
  -4.08830  -2.73577   2.02344    16.24559    16.04947     0.19612
  -3.39312  -3.72484   1.14750    18.56048    17.46850     1.09197
  -3.87130  -3.78738   0.11425    13.74497    12.91246     0.83251
  -4.39333  -3.24316  -0.91899     8.14633     8.21819    -0.07186
  -3.39312  -3.72484  -0.91899     6.39495     6.98076    -0.58581
  -2.28298  -3.72484  -0.91899     7.16239     7.83636    -0.67397
  -4.66990  -0.75502  -1.79494    -6.80785    -8.57926     1.77141
  -4.66990  -1.83079  -1.79494     0.15939    -0.01471     0.17410
  -4.08830  -2.73577  -1.79494     0.12362     1.37970    -1.25608
  -3.10976  -3.18266  -1.79494    -1.00653     0.93667    -1.94320
  -2.04494  -3.02956  -1.79494    -0.82894     0.87180    -1.70074
  -3.87130  -1.29291  -2.38022    -7.20381    -7.39793     0.19412
  -3.35467  -2.18772  -2.38022    -5.85404    -4.14497    -1.70906
  -2.32143  -2.18772  -2.38022    -5.70845    -4.07731    -1.63114
  -2.83805  -1.29291  -2.58575    -7.55396    -7.55216    -0.00180
  -2.42935   0.01383   2.68341     3.84036     3.96201    -0.12165
  -1.91273   0.90865   2.47789    -0.22214     0.75112    -0.97326
  -2.94597   0.90865   2.47789    -3.90248    -3.97357     0.07109
  -3.46259   0.01383   2.47789     0.33007     0.23226     0.09781
  -1.91273   0.90865  -2.51106   -10.40097   -10.97103     0.57006
  -3.46259   0.01383  -2.51106   -13.10679   -15.19584     2.08905
  -1.91273  -0.88099  -2.51106    -4.62223    -6.02841     1.40618
  -2.42935   0.01383  -2.71659    -8.03087    -9.90803     1.87716
  -2.67161   1.88372   2.09995    -8.80082    -8.19707    -0.60375
  -3.76500   1.88372   2.09995   -14.26141   -14.03925    -0.22216
  -4.31169   0.93682   2.09995   -11.45393   -11.41571    -0.03822
  -3.49870   2.88698   1.40070   -16.28513   -15.99946    -0.28566
  -4.50852   2.42581   1.40070   -19.26203   -19.36357     0.10154
  -5.10871   1.49189   1.40070   -17.71334   -17.62491    -0.08843
  -5.10871   0.38174   1.40070    -9.68686    -9.84275     0.15589
  -3.76500   3.33204   0.39026   -19.14845   -19.12460    -0.02385
  -4.75011   2.85764   0.39026   -21.81411   -22.29223     0.47812
  -5.43182   2.00279   0.39026   -21.46145   -21.72226     0.26081
  -5.67512   0.93682   0.39026   -17.31048   -17.22420    -0.08627
  -3.76500   3.33204  -0.73124   -20.70217   -20.70097    -0.00120
  -4.75011   2.85764  -0.73124   -22.93359   -23.58432     0.65073
  -5.43182   2.00279  -0.73124   -22.63866   -23.16260     0.52394
  -5.67512   0.93682  -0.73124   -19.20430   -19.39171     0.18741
  -5.43182  -0.12916  -0.73124    -9.34613   -10.56271     1.21659
  -2.39985   2.72899  -1.74169   -15.58294   -14.63565    -0.94729
  -3.49870   2.88698  -1.74169   -20.86469   -20.74189    -0.12280
  -4.50852   2.42581  -1.74169   -22.74408   -23.36054     0.61646
  -5.10871   1.49189  -1.74169   -21.77081   -22.40922     0.63841
  -5.10871   0.38174  -1.74169   -17.13666   -18.00353     0.86687
  -2.67161   1.88372  -2.44093   -17.39833   -17.31512    -0.08321
  -3.76500   1.88372  -2.44093   -20.68334   -21.16033     0.47699
  -4.31169   0.93682  -2.44093   -19.22062   -20.18126     0.96065
  -3.76500  -0.01008  -2.44093   -13.95518   -15.89489     1.93971
  -3.21831   0.93682  -2.69049   -16.45769   -17.52730     1.06961
  -0.96346   0.25777   2.69964     1.22804     2.84269    -1.61465
  -1.48008   1.15258  -2.49484    -9.43272    -9.18543    -0.24730
  -0.38863   1.50109   2.78259    -0.11923     0.89648    -1.01571
   0.12799   2.39591   2.57707     2.41968     2.98254    -0.56287
  -0.90525   2.39591   2.57707     1.10504     2.05331    -0.94826
  -1.42187   1.50109   2.57707    -1.13893     0.35136    -1.49029
  -2.22048   2.03897   1.99178    -5.60366    -4.65162    -0.95204
   0.16644   3.93302  -0.95065     8.63516     7.61380     1.02136
  -0.66033   3.39085  -1.82660     1.16968     1.11759     0.05209
   0.12799   2.39591  -2.41188    -1.79530    -2.03503     0.23973
  -0.90525   2.39591  -2.41188    -4.90022    -4.59696    -0.30327
  -1.42187   1.50109  -2.41188    -9.65925    -9.10946    -0.54980
  -0.38863   1.50109  -2.61741    -5.54216    -5.68653     0.14437
   1.03272   1.47768   2.79506     0.18072     0.96862    -0.78790
   2.06597   1.47768   2.58954     0.75803     1.55836    -0.80033
   1.54934   2.37250   2.58954     3.23858     4.19985    -0.96127
   0.51610   2.37250   2.58954     2.57718     3.19966    -0.62248
   0.76101   3.36744   2.00425     7.46925     7.44955     0.01970
   0.47765   3.90961   1.12831    11.40812    10.34931     1.05882
   0.47765   3.90961  -0.93818     9.32416     8.23515     1.08902
   2.63883   2.50987  -1.81413     3.61696     3.94773    -0.33076
   0.76101   3.36744  -1.81413     4.37876     4.08160     0.29716
   2.06597   1.47768  -2.39941    -1.66667    -1.88336     0.21670
   1.54934   2.37250  -2.39941     0.27359     0.58111    -0.30752
   0.51610   2.37250  -2.39941    -1.16842    -1.35961     0.19118
   1.03272   1.47768  -2.60494    -3.03464    -3.51601     0.48137
   1.52280   0.20134   2.71649    -0.70595    -1.02977     0.32382
   3.18735  -0.27028   3.04977    -1.83923    -0.37885    -1.46038
   4.23393  -0.27028   2.86523    -2.17495    -0.34489    -1.83006
   3.71064   0.63608   2.86523    -1.63843     0.17142    -1.80985
   2.66406   0.63608   2.86523    -0.78062    -0.04502    -0.73560
   2.14077  -0.27028   2.86523    -0.74297    -0.73460    -0.00837
   2.66406  -1.17665   2.86523    -1.26945    -0.36535    -0.90410
   3.71064  -1.17665   2.86523    -2.16240    -0.47160    -1.69080
   5.15428  -0.27028   2.33387    -1.15022    -0.43190    -0.71833
   4.89076   0.71318   2.33387    -1.45331     0.10404    -1.55735
   4.17081   1.43313   2.33387    -0.74548     1.09994    -1.84542
   3.18735   1.69665   2.33387     1.25125     2.31369    -1.06243
   2.20388  -1.97370   2.33387    -0.10730     0.23338    -0.34068
   3.18735  -2.23721   2.33387    -1.38240    -0.23099    -1.15142
   4.17081  -1.97370   2.33387    -1.68424    -0.56257    -1.12167
   4.89076  -1.25375   2.33387    -1.20482    -0.63207    -0.57275
   5.83738  -0.27028   1.51977     0.58923    -0.56398     1.15322
   5.63566   0.74384   1.51977    -0.28552    -0.06912    -0.21640
   5.06121   1.60358   1.51977    -0.57103     0.90597    -1.47700
   4.20147   2.17803   1.51977     1.38491     2.85403    -1.46912
   3.18735  -2.92032   1.51977    -0.73168    -0.14927    -0.58241
   4.20147  -2.71860   1.51977    -1.05233    -0.61460    -0.43774
   5.06121  -2.14414   1.51977    -0.11295    -0.80201     0.68906
   5.63566  -1.28441   1.51977     0.73356    -0.78385     1.51740
   6.20086  -0.27028   0.52113     1.86935    -0.71688     2.58623
   6.01912   0.76040   0.52113     0.66391    -0.25412     0.91802
   5.49583   1.66676   0.52113    -0.20457     0.64040    -0.84497
   4.69410   2.33949   0.52113     1.04167     2.48840    -1.44673
   2.66406  -3.23801   0.52113     0.80949     0.07104     0.73845
   3.71064  -3.23801   0.52113    -0.76556    -0.58536    -0.18020
   4.69410  -2.88006   0.52113    -0.19453    -0.89689     0.70236
   5.49583  -2.20733   0.52113     1.23619    -0.99879     2.23499
   6.01912  -1.30097   0.52113     2.16428    -0.94127     3.10555
   6.20086  -0.27028  -0.54159     1.80158    -0.89075     2.69232
   6.01912   0.76040  -0.54159     0.55095    -0.45060     1.00155
   5.49583   1.66676  -0.54159    -0.41039     0.38152    -0.79191
   4.69410   2.33949  -0.54159     0.62123     2.06247    -1.44123
   3.71064   2.69744  -0.54159     5.72163     5.98081    -0.25918
   2.66406  -3.23801  -0.54159     0.56915    -0.48383     1.05299
   3.71064  -3.23801  -0.54159    -0.94252    -0.93004    -0.01248
   4.69410  -2.88006  -0.54159    -0.30371    -1.14103     0.83732
   5.49583  -2.20733  -0.54159     1.16780    -1.19372     2.36152
   6.01912  -1.30097  -0.54159     2.11031    -1.11533     3.22565
   5.83738  -0.27028  -1.54023     0.33509    -1.10227     1.43736
   5.63566   0.74384  -1.54023    -0.67646    -0.68148     0.00502
   5.06121   1.60358  -1.54023    -1.25314     0.08365    -1.33678
   4.20147   2.17803  -1.54023     0.05020     1.48352    -1.43332
   3.18735   2.37975  -1.54023     3.40173     3.78718    -0.38545
   3.18735  -2.92032  -1.54023    -1.40060    -1.34117    -0.05943
   4.20147  -2.71860  -1.54023    -1.47967    -1.42313    -0.05654
   5.06121  -2.14414  -1.54023    -0.39031    -1.42456     1.03425
   5.63566  -1.28441  -1.54023     0.51330    -1.32716     1.84046
   5.15428  -0.27028  -2.35433    -1.72000    -1.38710    -0.33291
   4.89076   0.71318  -2.35433    -2.26405    -1.00455    -1.25950
   4.17081   1.43313  -2.35433    -2.08145    -0.45503    -1.62642
   3.18735   1.69665  -2.35433    -0.91867    -0.16017    -0.75850
   2.20388   1.43313  -2.35433    -1.56438    -1.83843     0.27405
   3.18735  -2.23721  -2.35433    -2.48996    -1.95116    -0.53880
   4.17081  -1.97370  -2.35433    -2.40273    -1.77324    -0.62949
   4.89076  -1.25375  -2.35433    -1.74887    -1.62013    -0.12874
   4.23393  -0.27028  -2.88569    -3.20846    -1.81214    -1.39632
   3.71064   0.63608  -2.88569    -3.09739    -1.67124    -1.42615
   2.66406   0.63608  -2.88569    -2.72590    -2.63749    -0.08841
   2.14077  -0.27028  -2.88569    -2.89784    -3.69016     0.79232
   2.66406  -1.17665  -2.88569    -3.05221    -2.79993    -0.25227
   3.71064  -1.17665  -2.88569    -3.31702    -2.14782    -1.16920
   3.18735  -0.27028  -3.07023    -3.43373    -2.50252    -0.93122
   0.26213  -0.99454   3.06219     1.31087     3.25604    -1.94518
   1.33949  -0.99454   2.87222    -0.00251     0.70372    -0.70623
   0.80081  -0.06151   2.87222    -0.19516     0.12503    -0.32018
  -0.27655  -0.06151   2.87222     0.97891     2.23015    -1.25123
  -0.81524  -0.99454   2.87222     5.14558     6.98806    -1.84249
  -0.27655  -1.92756   2.87222     4.87951     7.49565    -2.61614
   0.80081  -1.92756   2.87222     1.28263     3.56226    -2.27963
  -0.75026  -2.74805   2.32523    11.53300    13.30157    -1.76858
   0.26213  -3.01932   2.32523     4.74083     7.19206    -2.45122
   1.27452  -2.74805   2.32523     1.67545     3.31787    -1.64242
   2.01564  -2.00693   2.32523     0.20645     0.55887    -0.35242
  -0.78182  -3.51486   1.48719    14.33043    14.92927    -0.59883
   0.26213  -3.72252   1.48719     6.06802     7.57058    -1.50256
   1.30608  -3.51486   1.48719     2.88905     3.70572    -0.81667
   2.19110  -2.92351   1.48719     1.30020     0.98882     0.31138
  -0.27655  -4.04955   0.45918     8.50213     8.97937    -0.47724
   0.80081  -4.04955   0.45918     4.25514     4.70593    -0.45079
   1.81320  -3.68107   0.45918     2.66566     1.97455     0.69111
  -1.28894  -3.68107  -0.63481    10.13553     9.93644     0.19910
  -0.27655  -4.04955  -0.63481     5.62437     6.04912    -0.42475
   0.80081  -4.04955  -0.63481     3.04970     3.27685    -0.22715
   1.81320  -3.68107  -0.63481     2.06011     1.12735     0.93276
  -0.78182  -3.51486  -1.66281     2.46799     3.36248    -0.89448
   0.26213  -3.72252  -1.66281     1.27196     2.28754    -1.01558
   1.30608  -3.51486  -1.66281     0.55786     0.75567    -0.19782
   2.19110  -2.92351  -1.66281    -0.00188    -0.92179     0.91991
   0.26213   1.03024  -2.50085    -4.64294    -5.98212     1.33918
  -1.76265  -0.99454  -2.50085    -4.32605    -5.43556     1.10951
  -1.49138  -2.00693  -2.50085    -3.49711    -2.68888    -0.80823
  -0.75026  -2.74805  -2.50085    -1.62713    -0.06331    -1.56382
   0.26213  -3.01932  -2.50085    -1.56752     0.18602    -1.75354
   1.27452  -2.74805  -2.50085    -1.68235    -0.78011    -0.90224
   2.01564  -2.00693  -2.50085    -1.97289    -2.23533     0.26244
   1.33949  -0.99454  -3.04785    -3.46260    -3.24440    -0.21820
   0.80081  -0.06151  -3.04785    -4.01794    -4.35737     0.33943
  -0.27655  -0.06151  -3.04785    -5.09977    -4.91395    -0.18582
  -0.81524  -0.99454  -3.04785    -4.62914    -3.83693    -0.79221
  -0.27655  -1.92756  -3.04785    -3.80710    -1.92507    -1.88203
   0.80081  -1.92756  -3.04785    -3.50590    -1.91373    -1.59217
   0.26213  -0.99454  -3.23781    -4.51619    -3.25589    -1.26029
  -4.91575  -1.42388   2.08940    10.68398    10.36169     0.32229
  -4.37575  -2.35919   2.08940    15.08972    15.00020     0.08952
  -5.06074  -0.01017   1.29878    -4.11834    -4.78259     0.66424
  -5.63060  -0.89687   1.29878     7.40085     6.15586     1.24499
  -5.63060  -1.95090   1.29878    13.18837    11.88988     1.29848
  -5.06074  -2.83760   1.29878    15.94815    14.83996     1.10819
  -5.93299  -0.90696   0.21878     5.76493     4.05517     1.70976
  -5.93299  -1.94080   0.21878    11.70744    10.03781     1.66964
  -5.45254  -2.85623   0.21878    14.09449    12.74717     1.34732
  -4.60170  -3.44352   0.21878    14.94037    13.86040     1.07997
  -5.63060  -0.89687  -0.86122     1.77146    -0.00520     1.77666
  -5.63060  -1.95090  -0.86122     8.30383     6.91518     1.38865
  -5.06074  -2.83760  -0.86122     9.76468     9.11352     0.65115
  -4.91575  -1.42388  -1.65183     0.22716    -0.82278     1.04994
  -2.24808  -1.97705   2.72778    14.03613    15.02772    -0.99158
  -2.78808  -2.91236   2.43839    17.06951    17.27342    -0.20391
  -1.70808  -2.91236   2.43839    16.93899    17.26563    -0.32664
  -2.51430  -3.82863   1.64778    18.54793    17.85887     0.68905
  -1.47100  -3.67863   1.64778    17.92983    17.60822     0.32161
  -3.01403  -3.99669   0.56778    16.79278    15.83991     0.95287
  -1.98772  -4.12131   0.56778    16.66163    15.91750     0.74413
  -1.47100  -3.67863  -0.51222    11.77898    11.45918     0.31980
  -1.53249   3.33459   2.00649     2.20632     2.54607    -0.33974
  -2.07249   2.39929   2.00649    -3.49335    -2.55412    -0.93922
  -0.21541   4.10086   1.21587     9.04618     8.34053     0.70565
  -1.25871   4.25086   1.21587     5.33760     4.76986     0.56774
  -2.21749   3.81300   1.21587    -0.56288    -0.86144     0.29857
   0.23453   4.17693   0.13587    11.76706    10.36594     1.40112
  -0.73213   4.54354   0.13587     7.35316     6.42327     0.92989
  -1.75844   4.41892   0.13587     2.80936     2.00513     0.80423
  -2.60928   3.83163   0.13587    -5.71410    -6.00121     0.28711
  -0.21541   4.10086  -0.94413     7.33119     6.52210     0.80909
  -1.25871   4.25086  -0.94413     3.18587     2.62886     0.55700
  -2.21749   3.81300  -0.94413    -4.36182    -4.49062     0.12880
  -1.53249   3.33459  -1.73474    -3.09425    -2.78589    -0.30836
   2.74570   2.35460   2.02808     5.24974     5.86630    -0.61656
   2.20570   3.28991   2.02808     7.77861     7.94571    -0.16710
   3.23936   3.36593   1.23747     8.61696     8.16269     0.45427
   2.44278   4.05617   1.23747     9.99434     9.17387     0.82048
   1.39949   4.20617   1.23747    10.40599     9.58440     0.82159
   3.57829   3.35840   0.15747     8.48456     7.89220     0.59235
   2.89272   4.13224   0.15747    10.13742     9.02487     1.11254
   1.92606   4.49885   0.15747    10.70719     9.51187     1.19533
   0.89976   4.37423   0.15747    11.30521    10.03983     1.26538
   3.23936   3.36593  -0.92253     7.78928     7.34833     0.44094
   2.44278   4.05617  -0.92253     9.13340     8.34275     0.79065
   1.39949   4.20617  -0.92253     9.36432     8.52302     0.84130
   2.20570   3.28991  -1.71314     6.05672     6.14151    -0.08479
  -2.83805  -1.29291   3.11425     7.74284     8.64448    -0.90164
  -1.81199  -1.29291   2.93333     9.31726    10.32569    -1.00843
  -3.35108  -0.40431   2.93333     3.25991     3.68762    -0.42771
  -3.86411  -1.29291   2.93333     6.93461     7.59051    -0.65590
  -3.35108  -2.18150   2.93333    10.90800    11.60236    -0.69436
  -4.68830  -0.74962   2.41239     4.67055     4.65839     0.01217
  -4.10086  -2.75026   2.41239    13.08734    13.09125    -0.00391
  -4.13709  -3.54291   1.61425    14.96045    14.27306     0.68739
  -3.64657  -4.13454   0.63520    13.67155    12.91568     0.75586
  -4.61849  -3.65058  -0.40669    10.21397     9.71461     0.49936
  -3.64657  -4.13454  -0.40669     9.29844     9.11462     0.18381
  -2.56545  -4.23473  -0.40669    10.03764     9.98194     0.05571
  -4.13709  -3.54291  -1.38575     4.34425     4.84765    -0.50341
  -3.10962  -3.87675  -1.38575     3.79643     4.62703    -0.83059
  -2.03520  -3.76382  -1.38575     4.12776     4.94230    -0.81454
  -4.68830  -0.74962  -2.18388    -7.34061    -8.55696     1.21635
  -4.68830  -1.83619  -2.18388    -1.70996    -1.82022     0.11026
  -4.10086  -2.75026  -2.18388    -0.80572     0.11769    -0.92341
  -3.11249  -3.20164  -2.18388    -1.21360     0.24412    -1.45772
  -2.03698  -3.04700  -2.18388    -1.30585     0.07708    -1.38293
  -3.86411  -1.29291  -2.70483    -6.50037    -6.72391     0.22354
  -3.35108  -2.18150  -2.70483    -4.76405    -3.72196    -1.04209
  -2.32502  -2.18150  -2.70483    -4.62977    -3.54932    -1.08045
  -2.83805  -1.29291  -2.88575    -6.46962    -6.56120     0.09158
  -2.42935   0.01383   2.98341     3.10366     3.48067    -0.37701
  -1.91632   0.90243   2.80249    -0.06840     0.79293    -0.86133
  -2.94238   0.90243   2.80249    -2.60856    -2.47177    -0.13678
  -3.45541   0.01383   2.80249     0.76305     0.88676    -0.12371
  -1.91632   0.90243  -2.83566    -9.36307    -9.85180     0.48873
  -3.45541   0.01383  -2.83566   -11.24936   -12.69991     1.45054
  -1.91632  -0.87476  -2.83566    -5.06588    -5.81549     0.74961
  -2.42935   0.01383  -3.01659    -7.80998    -9.04158     1.23160
  -2.68255   1.86478   2.41637    -6.48406    -5.96253    -0.52153
  -3.75406   1.86478   2.41637   -10.51016   -10.31247    -0.19769
  -4.28982   0.93682   2.41637    -8.16453    -8.14461    -0.01992
  -3.21831   2.91672   1.80941   -11.01091   -10.67871    -0.33220
  -4.20825   2.65146   1.80941   -14.37311   -14.31455    -0.05855
  -4.93295   1.92677   1.80941   -14.37562   -14.36772    -0.00790
  -5.19821   0.93682   1.80941   -10.72790   -10.73421     0.00631
  -3.48871   3.50951   0.90102   -13.31889   -13.21571    -0.10318
  -4.51174   3.17711   0.90102   -16.78400   -16.96700     0.18300
  -5.31112   2.45734   0.90102   -17.30797   -17.53700     0.22904
  -5.74864   1.47466   0.90102   -15.21334   -15.26570     0.05236
  -5.74864   0.39898   0.90102    -8.81400    -9.12296     0.30896
  -3.98456   3.62993  -0.17049   -16.62461   -16.72993     0.10532
  -4.90568   3.17127  -0.17049   -18.60126   -19.02393     0.42267
  -5.59891   2.41083  -0.17049   -18.62950   -19.03291     0.40341
  -5.97063   1.45132  -0.17049   -16.64469   -16.84330     0.19861
  -5.97063   0.42232  -0.17049   -11.25313   -11.66529     0.41216
  -3.48871   3.50951  -1.24200   -16.14833   -16.03506    -0.11327
  -4.51174   3.17711  -1.24200   -18.76316   -19.13675     0.37358
  -5.31112   2.45734  -1.24200   -19.18610   -19.72467     0.53857
  -5.74864   1.47466  -1.24200   -17.63113   -18.04903     0.41789
  -5.74864   0.39898  -1.24200   -13.15574   -13.76589     0.61015
  -2.22836   2.65146  -2.15039   -12.47740   -11.88719    -0.59021
  -3.21831   2.91672  -2.15039   -16.28638   -16.13247    -0.15391
  -4.20825   2.65146  -2.15039   -18.39607   -18.74230     0.34623
  -4.93295   1.92677  -2.15039   -18.44690   -19.02341     0.57651
  -5.19821   0.93682  -2.15039   -16.35039   -17.02248     0.67209
  -4.93295  -0.05313  -2.15039   -12.08646   -13.22446     1.13800
  -2.68255   1.86478  -2.75735   -14.32981   -14.42773     0.09792
  -3.75406   1.86478  -2.75735   -16.82604   -17.26482     0.43878
  -4.28982   0.93682  -2.75735   -15.71033   -16.54348     0.83316
  -3.75406   0.00886  -2.75735   -11.99484   -13.40425     1.40941
  -3.21831   0.93682  -2.97049   -13.72489   -14.59587     0.87098
  -0.96346   0.25777   2.99964     1.47402     2.76763    -1.29361
  -1.47649   1.14636  -2.81944    -8.36658    -8.36488    -0.00171
  -0.38863   1.50109   3.08259     0.22339     1.11292    -0.88953
   0.12440   2.38968   2.90167     1.92457     2.51683    -0.59226
  -0.90166   2.38968   2.90167     0.76305     1.55143    -0.78838
  -1.41469   1.50109   2.90167    -0.66014     0.47656    -1.13670
  -0.66306   3.40983   2.38073     3.69227     3.97753    -0.28526
  -1.65144   2.95845   2.38073     0.10542     0.72242    -0.61700
  -2.23888   2.04437   2.38073    -4.22816    -3.42971    -0.79845
  -0.66306   3.40983  -2.21554    -0.56601    -0.59328     0.02727
  -1.65144   2.95845  -2.21554    -6.54053    -6.12189    -0.41865
   0.12440   2.38968  -2.73649    -2.19377    -2.34396     0.15018
  -0.90166   2.38968  -2.73649    -4.92344    -4.75611    -0.16733
  -1.41469   1.50109  -2.73649    -8.51468    -8.29128    -0.22340
  -0.38863   1.50109  -2.91741    -5.07906    -5.21578     0.13672
   1.03272   1.47768   3.09506     0.52209     1.20143    -0.67934
   2.05878   1.47768   2.91414     0.78250     1.50692    -0.72442
   1.54575   2.36628   2.91414     2.61420     3.36775    -0.75355
   0.51969   2.36628   2.91414     2.11157     2.72218    -0.61061
   2.65496   2.52023   2.39320     4.26330     4.90471    -0.64141
   1.83379   3.23178   2.39320     5.90361     6.29093    -0.38732
   0.75829   3.38642   2.39320     5.50200     5.67261    -0.17061
   0.76115   4.06152   1.59506     8.63516     8.11420     0.52095
   0.76115   4.06152  -1.40494     6.42130     5.83254     0.58877
   2.65496   2.52023  -2.20307     1.99485     2.32836    -0.33351
   1.83379   3.23178  -2.20307     3.32078     3.47510    -0.15432
   0.75829   3.38642  -2.20307     2.49812     2.33763     0.16048
   2.05878   1.47768  -2.72401    -1.68988    -1.83418     0.14430
   1.54575   2.36628  -2.72401    -0.23594    -0.10217    -0.13378
   0.51969   2.36628  -2.72401    -1.55560    -1.69623     0.14064
   1.03272   1.47768  -2.90494    -2.75728    -3.15239     0.39511
   1.52280   0.20134   3.01649    -0.35831    -0.24200    -0.11631
   3.18735  -0.27028   3.38977    -1.10253     0.03636    -1.13889
   4.23801  -0.27028   3.22336    -1.38366    -0.02876    -1.35490
   3.71268   0.63961   3.22336    -0.92558     0.41631    -1.34188
   2.66202   0.63961   3.22336    -0.40223     0.36196    -0.76420
   2.13669  -0.27028   3.22336    -0.44741    -0.03990    -0.40751
   2.66202  -1.18018   3.22336    -0.72979     0.13212    -0.86191
   3.71268  -1.18018   3.22336    -1.34099    -0.08878    -1.25221
   5.18582  -0.27028   2.74043    -0.90299    -0.14775    -0.75524
   4.91807   0.72895   2.74043    -0.90863     0.31185    -1.22049
   4.18658   1.46044   2.74043    -0.23469     1.12991    -1.36460
   3.18735   1.72819   2.74043     1.06363     2.02401    -0.96038
   2.18811  -2.00101   2.74043     0.05648     0.75095    -0.69448
   3.18735  -2.26875   2.74043    -0.74987     0.19052    -0.94039
   4.18658  -2.00101   2.74043    -1.10881    -0.19480    -0.91401
   4.91807  -1.26952   2.74043    -0.95256    -0.30461    -0.64795
   5.93800  -0.27028   1.98824     0.10354    -0.28445     0.38799
   5.72862   0.78235   1.98824    -0.26481     0.15558    -0.42039
   5.13236   1.67472   1.98824    -0.13554     1.00207    -1.13762
   4.23998   2.27099   1.98824     1.44955     2.56599    -1.11644
   3.18735  -3.02094   1.98824    -0.25351     0.30976    -0.56328
   4.23998  -2.81156   1.98824    -0.67018    -0.22422    -0.44596
   5.13236  -2.21529   1.98824    -0.28112    -0.45562     0.17450
   5.72862  -1.32292   1.98824     0.15437    -0.47035     0.62472
   6.42094  -0.27028   1.04043     1.05861    -0.42687     1.48548
   6.24573   0.77966   1.04043     0.45181    -0.02741     0.47922
   5.73911   1.71583   1.04043     0.11985     0.71725    -0.59740
   4.95595   2.43677   1.04043     1.09375     2.14215    -1.04840
   3.98115   2.86436   1.04043     4.69252     5.13744    -0.44492
   2.92032  -3.49283   1.04043     0.48883     0.45209     0.03674
   3.98115  -3.40493   1.04043    -0.34074    -0.21271    -0.12803
   4.95595  -2.97734   1.04043    -0.02385    -0.53751     0.51366
   5.73911  -2.25640   1.04043     0.74109    -0.65578     1.39687
   6.24573  -1.32023   1.04043     1.22302    -0.61900     1.84201
   6.58735  -0.27028  -0.01023     1.40374    -0.57556     1.97930
   6.43629   0.73188  -0.01023     0.73230    -0.22241     0.95471
   5.99656   1.64500  -0.01023     0.19076     0.40166    -0.21089
   5.30721   2.38794  -0.01023     0.62249     1.53801    -0.91552
   4.42951   2.89469  -0.01023     3.12186     3.80493    -0.68307
   3.44143  -3.66078  -0.01023    -0.07467    -0.20579     0.13112
   4.42951  -3.43526  -0.01023    -0.27359    -0.59388     0.32028
   5.30721  -2.92851  -0.01023     0.37651    -0.77897     1.15547
   5.99656  -2.18557  -0.01023     1.19980    -0.82759     2.02739
   6.43629  -1.27245  -0.01023     1.62337    -0.76263     2.38600
   6.42094  -0.27028  -1.06089     0.89169    -0.73946     1.63115
   6.24573   0.77966  -1.06089     0.22465    -0.37442     0.59906
   5.73911   1.71583  -1.06089    -0.23218     0.27915    -0.51133
   4.95595   2.43677  -1.06089     0.47377     1.48577    -1.01200
   3.98115   2.86436  -1.06089     3.33710     3.87023    -0.53314
   2.92032  -3.49283  -1.06089    -0.05710    -0.45211     0.39500
   3.98115  -3.40493  -1.06089    -0.69779    -0.79770     0.09991
   4.95595  -2.97734  -1.06089    -0.26167    -0.96493     0.70326
   5.73911  -2.25640  -1.06089     0.56852    -1.00392     1.57245
   6.24573  -1.32023  -1.06089     1.07241    -0.93274     2.00515
   5.93800  -0.27028  -2.00870    -0.28865    -0.93618     0.64753
   5.72862   0.78235  -2.00870    -0.78501    -0.57618    -0.20883
   5.13236   1.67472  -2.00870    -0.93624     0.04765    -0.98390
   4.23998   2.27099  -2.00870     0.05773     1.08106    -1.02333
   3.18735   2.48037  -2.00870     1.97854     2.43995    -0.46142
   3.18735  -3.02094  -2.00870    -1.21862    -1.14228    -0.07634
   4.23998  -2.81156  -2.00870    -1.29455    -1.21148    -0.08307
   5.13236  -2.21529  -2.00870    -0.72101    -1.21580     0.49479
   5.72862  -1.32292  -2.00870    -0.21335    -1.13216     0.91881
   5.18582  -0.27028  -2.76089    -1.61835    -1.19606    -0.42229
   4.91807   0.72895  -2.76089    -1.82605    -0.88320    -0.94285
   4.18658   1.46044  -2.76089    -1.59952    -0.48051    -1.11901
   3.18735   1.72819  -2.76089    -0.98080    -0.37712    -0.60368
   2.18811   1.46044  -2.76089    -1.61709    -1.71498     0.09789
   3.18735  -2.26875  -2.76089    -2.09902    -1.68809    -0.41093
   4.18658  -2.00101  -2.76089    -2.01242    -1.52869    -0.48374
   4.91807  -1.26952  -2.76089    -1.66290    -1.39530    -0.26760
   4.23801  -0.27028  -3.24382    -2.53577    -1.57108    -0.96469
   3.71268   0.63961  -3.24382    -2.43536    -1.47412    -0.96125
   2.66202   0.63961  -3.24382    -2.43411    -2.26389    -0.17022
   2.13669  -0.27028  -3.24382    -2.81062    -3.09047     0.27985
   2.66202  -1.18018  -3.24382    -2.69327    -2.40088    -0.29239
   3.71268  -1.18018  -3.24382    -2.64558    -1.85488    -0.79070
   3.18735  -0.27028  -3.41023    -2.79995    -2.15140    -0.64855
   0.26213  -0.99454   3.41219     1.68612     3.17065    -1.48453
   1.34369  -0.99454   3.24088     0.33948     1.16382    -0.82433
   0.80291  -0.05788   3.24088     0.23845     0.82792    -0.58947
  -0.27865  -0.05788   3.24088     1.29706     2.41870    -1.12163
  -0.81943  -0.99454   3.24088     4.46034     5.94681    -1.48647
  -0.27865  -1.93120   3.24088     4.53940     6.44118    -1.90177
   0.80291  -1.93120   3.24088     1.71749     3.40951    -1.69202
  -0.76650  -2.77617   2.74375     9.34048    10.82441    -1.48393
   0.26213  -3.05178   2.74375     4.56576     6.40128    -1.83552
   1.29075  -2.77617   2.74375     1.84049     3.23491    -1.39442
   2.04376  -2.02316   2.74375     0.24222     0.97347    -0.73126
  -0.82146  -3.61056   1.96944    12.02120    12.75047    -0.72927
   0.26213  -3.82610   1.96944     5.69590     6.97716    -1.28126
   1.34572  -3.61056   1.96944     2.72276     3.63634    -0.91358
   2.26434  -2.99675   1.96944     0.94064     1.28027    -0.33963
  -1.07499  -4.04287   0.99375    13.90687    13.76710     0.13977
  -0.01275  -4.31187   0.99375     6.88566     7.51169    -0.62603
   1.07928  -4.22138   0.99375     3.67344     4.13274    -0.45930
   2.08275  -3.78121   0.99375     2.02121     1.83151     0.18970
  -0.51670  -4.40678  -0.08781     7.32994     7.54125    -0.21131
   0.52368  -4.48475  -0.08781     4.18172     4.49531    -0.31358
   1.54082  -4.25260  -0.08781     2.56902     2.38162     0.18740
   2.44434  -3.73095  -0.08781     1.38617     0.63746     0.74871
  -1.07499  -4.04287  -1.16937     5.25727     5.64418    -0.38690
  -0.01275  -4.31187  -1.16937     3.27748     3.78678    -0.50930
   1.07928  -4.22138  -1.16937     1.88065     2.05542    -0.17477
   2.08275  -3.78121  -1.16937     1.00904     0.49550     0.51353
  -1.74009  -2.99675  -2.14506    -0.87036     0.36052    -1.23088
  -0.82146  -3.61056  -2.14506     1.02535     1.98107    -0.95572
   0.26213  -3.82610  -2.14506     0.55786     1.47301    -0.91516
   1.34572  -3.61056  -2.14506    -0.02008     0.37817    -0.39825
   2.26434  -2.99675  -2.14506    -0.70218    -0.91724     0.21506
   1.29075   0.78709  -2.91937    -3.15951    -3.99096     0.83145
   0.26213   1.06271  -2.91937    -4.22816    -4.86383     0.63567
  -1.79512  -0.99454  -2.91937    -4.83684    -5.25491     0.41807
  -1.51950  -2.02316  -2.91937    -3.46825    -2.68321    -0.78504
  -0.76650  -2.77617  -2.91937    -1.84237    -0.57641    -1.26596
   0.26213  -3.05178  -2.91937    -1.54054    -0.22227    -1.31827
   1.29075  -2.77617  -2.91937    -1.69679    -0.89469    -0.80210
   2.04376  -2.02316  -2.91937    -2.14608    -1.98183    -0.16426
   1.34369  -0.99454  -3.41651    -3.14194    -2.84204    -0.29990
   0.80291  -0.05788  -3.41651    -3.64771    -3.73750     0.08979
  -0.27865  -0.05788  -3.41651    -4.60529    -4.42932    -0.17598
  -0.81943  -0.99454  -3.41651    -4.28589    -3.68556    -0.60033
  -0.27865  -1.93120  -3.41651    -3.30070    -2.00567    -1.29503
   0.80291  -1.93120  -3.41651    -2.97565    -1.86846    -1.10719
   0.26213  -0.99454  -3.58781    -3.85103    -3.01519    -0.83584
  -4.87707  -1.42388   2.38111     8.65022     8.53854     0.11168
  -5.06453  -0.00580   1.71516    -2.78426    -3.22449     0.44023
  -5.63614  -0.89524   1.71516     5.72916     4.92511     0.80405
  -5.63614  -1.95252   1.71516    10.66264     9.79571     0.86693
  -5.06453  -2.84197   1.71516    13.41615    12.67476     0.74139
  -5.94386  -0.40867   0.75283     0.67395    -0.39756     1.07151
  -6.17558  -1.42388   0.75283     7.72150     6.42049     1.30102
  -5.94386  -2.43909   0.75283    11.25501    10.04547     1.20954
  -5.29461  -3.25323   0.75283    13.06036    12.03837     1.02199
  -5.94386  -0.40867  -0.31527    -2.12726    -3.38192     1.25466
  -6.17558  -1.42388  -0.31527     5.75928     4.35054     1.40875
  -5.94386  -2.43909  -0.31527     9.30973     8.12262     1.18711
  -5.29461  -3.25323  -0.31527    10.61244     9.78230     0.83014
  -5.63614  -0.89524  -1.27759    -1.02661    -2.41320     1.38660
  -5.63614  -1.95252  -1.27759     4.76342     3.77921     0.98422
  -5.06453  -2.84197  -1.27759     6.19352     5.89949     0.29403
  -2.76874  -2.87887   2.73010    14.22690    14.56177    -0.33487
  -1.72742  -2.87887   2.73010    13.90812    14.43691    -0.52879
  -2.51512  -3.83435   2.06415    15.69903    15.36581     0.33322
  -1.46860  -3.68388   2.06415    14.93535    15.00015    -0.06480
  -2.76874  -4.25822   1.10183    15.25727    14.58696     0.67031
  -1.72742  -4.25822   1.10183    14.83872    14.39138     0.44734
  -1.72742  -4.25822   0.03373    12.42594    12.08025     0.34569
  -1.51315   3.30110   2.29820     1.29079     1.69800    -0.40721
  -0.21301   4.10611   1.63225     7.04254     6.65098     0.39155
  -1.25953   4.25658   1.63225     3.83659     3.56084     0.27575
  -2.22127   3.81737   1.63225    -1.07555    -1.13008     0.05453
  -0.47183   4.68045   0.66992     6.90762     6.16322     0.74440
  -1.51315   4.68045   0.66992     3.29003     2.67582     0.61422
  -2.45135   4.22864   0.66992    -2.26782    -2.63775     0.36993
  -0.47183   4.68045  -0.39818     6.18160     5.41459     0.76701
  -1.51315   4.68045  -0.39818     2.35002     1.74319     0.60684
  -2.45135   4.22864  -0.39818    -3.84350    -4.15759     0.31409
  -1.25953   4.25658  -1.36050     1.17470     0.86282     0.31187
  -2.22127   3.81737  -1.36050    -5.56726    -5.51623    -0.05103
   2.18636   3.25641   2.31980     6.11571     6.42433    -0.30863
   3.24423   3.36905   1.65385     6.76016     6.67648     0.08367
   2.44519   4.06143   1.65385     7.96686     7.55309     0.41377
   1.39866   4.21189   1.65385     8.33960     7.88042     0.45918
   3.77381   3.36981   0.69152     6.72565     6.52372     0.20192
   3.12456   4.18395   0.69152     8.27058     7.55121     0.71937
   2.18636   4.63576   0.69152     8.90561     8.03592     0.86970
   1.14504   4.63576   0.69152     9.31601     8.40059     0.91541
   3.77381   3.36981  -0.37658     6.37299     6.18065     0.19233
   3.12456   4.18395  -0.37658     7.93486     7.22329     0.71157
   2.18636   4.63576  -0.37658     8.53413     7.66722     0.86691
   1.14504   4.63576  -0.37658     8.85102     7.91573     0.93529
   3.24423   3.36905  -1.33891     5.73606     5.62513     0.11093
   2.44519   4.06143  -1.33891     6.90449     6.47349     0.43100
   1.39866   4.21189  -1.33891     7.03940     6.50877     0.53063
