  912     7        90475.0450640128     1910.1021676659
  -2.83805  -1.29291   2.21425    10.85340    12.89304    -2.03964
  -3.36305  -0.38358   1.93291     3.39671     3.29178     0.10493
  -3.88805  -1.29291   1.93291    11.94778    14.28158    -2.33380
  -3.36305  -2.20223   1.93291    19.74145    20.62771    -0.88626
  -3.58272  -3.25644   0.11425    19.27395    17.11380     2.16016
  -4.02902  -2.66735  -0.93575     6.84487     8.72190    -1.87703
  -3.09687  -3.09305  -0.93575     1.99234     4.02742    -2.03508
  -2.08256  -2.94721  -0.93575     4.13027     5.11800    -0.98773
  -1.78805  -1.29291  -1.70440    -2.39897    -6.53611     4.13714
  -3.88805  -1.29291  -1.70440    -8.17080    -7.75503    -0.41577
  -3.36305  -2.20223  -1.70440   -10.30120    -5.58090    -4.72029
  -2.31305  -2.20223  -1.70440   -10.57730    -6.79724    -3.78006
  -2.83805  -1.29291  -1.98575   -12.23016   -11.22425    -1.00591
  -2.42935   0.01383   2.08341     7.95117     5.84252     2.10866
  -1.90435   0.92316   1.80207     1.24749     1.27477    -0.02728
  -2.95435   0.92316   1.80207    -8.80961    -9.95364     1.14403
  -3.47935   0.01383   1.80207    -0.78125    -2.35667     1.57542
  -1.90435   0.92316  -1.83524   -11.25250   -12.76034     1.50784
  -1.90435  -0.89550  -1.83524    -0.30685    -5.81078     5.50393
  -2.42935   0.01383  -2.11659    -5.58672   -10.49161     4.90489
  -3.21831   0.93682   1.78951   -12.84449   -13.53178     0.68729
  -2.72831   1.78552   1.52692   -17.24271   -16.57593    -0.66678
  -3.70831   1.78552   1.52692   -25.78123   -25.51196    -0.26927
  -4.19831   0.93682   1.52692   -22.40272   -21.81245    -0.59027
  -2.69378   2.55115   0.80951   -20.37774   -18.99008    -1.38767
  -3.74283   2.55115   0.80951   -30.40786   -30.48985     0.08199
  -4.59154   1.93453   0.80951   -32.16425   -32.52638     0.36213
  -4.91572   0.93682   0.80951   -28.01140   -26.56659    -1.44481
  -3.21831   2.89682  -0.17049   -29.85188   -28.69474    -1.15714
  -4.19831   2.63423  -0.17049   -34.04176   -35.18791     1.14615
  -4.91572   1.91682  -0.17049   -34.66174   -35.46139     0.79965
  -5.17831   0.93682  -0.17049   -31.33406   -29.94808    -1.38598
  -4.91572  -0.04318  -0.17049   -14.24133   -14.39384     0.15251
  -2.69378   2.55115  -1.15049   -28.17141   -25.92794    -2.24347
  -3.74283   2.55115  -1.15049   -34.02796   -34.35496     0.32700
  -4.59154   1.93453  -1.15049   -34.88953   -36.17714     1.28762
  -4.91572   0.93682  -1.15049   -32.21069   -31.99870    -0.21199
  -4.59154  -0.06089  -1.15049   -19.97614   -21.45869     1.48255
  -2.72831   1.78552  -1.86790   -27.80369   -27.10863    -0.69506
  -3.70831   1.78552  -1.86790   -32.50311   -33.19429     0.69118
  -4.19831   0.93682  -1.86790   -30.39531   -31.43318     1.03788
  -3.70831   0.08811  -1.86790   -20.39908   -23.76928     3.37020
  -3.21831   0.93682  -2.13049   -25.31875   -26.83971     1.52095
  -0.96346   0.25777   2.09964     0.26293     2.34684    -2.08392
  -1.48846  -0.65156   1.81829    15.73417    12.64696     3.08721
  -1.48846   1.16710  -1.81901   -11.34663   -10.67591    -0.67071
  -1.48846  -0.65156  -1.81901     2.70268    -3.60404     6.30673
  -0.96346   0.25777  -2.10036    -6.31463    -6.97381     0.65918
  -0.38863   1.50109   2.18259    -0.82957    -0.28945    -0.54012
   0.13637   2.41042   1.90125     5.28049     4.43377     0.84672
  -0.91363   2.41042   1.90125     3.75564     4.64191    -0.88626
  -1.43863   1.50109   1.90125    -1.84362     0.05008    -1.89370
   0.13637   0.59176   1.90125    -0.12864    -4.66657     4.53793
   0.13637   2.41042  -1.73606     0.87663    -0.78208     1.65871
  -0.91363   2.41042  -1.73606    -2.89031    -2.70450    -0.18581
  -1.43863   1.50109  -1.73606   -11.59198   -10.64857    -0.94342
  -0.38863   1.50109  -2.01741    -6.34977    -7.15479     0.80502
   1.03272   1.47768   2.19506    -0.90801    -0.07552    -0.83249
   2.08272   1.47768   1.91372     1.63215     1.97659    -0.34444
   1.55772   2.38701   1.91372     6.32906     7.85271    -1.52365
   0.50772   2.38701   1.91372     5.19452     4.69047     0.50405
   0.50772   0.56835   1.91372    -0.31626    -5.18081     4.86455
   0.77390   3.27782  -0.95494    12.56525    10.72540     1.83985
   2.08272   1.47768  -1.72359    -0.56915    -1.73079     1.16164
   1.55772   2.38701  -1.72359     2.75477     3.65108    -0.89631
   0.50772   2.38701  -1.72359     1.27322    -0.08452     1.35774
   1.03272   1.47768  -2.00494    -3.91440    -4.76111     0.84671
   1.52280   0.20134   2.11649    -0.89044    -3.84110     2.95067
   2.04779   1.11067  -1.80216    -1.56752    -4.28875     2.72123
   1.52280   0.20134  -2.08351    -1.81350    -7.14355     5.33004
   3.18735  -0.27028   2.36977    -4.29028    -1.75645    -2.53384
   4.21999  -0.27028   2.13408    -4.59023    -1.34739    -3.24284
   3.70367   0.62401   2.13408    -4.21435    -0.65829    -3.55606
   2.67103   0.62401   2.13408    -0.98895    -1.53028     0.54132
   2.15470  -0.27028   2.13408     0.22088    -3.32268     3.54356
   2.67103  -1.16458   2.13408    -2.51255    -2.09603    -0.41652
   3.70367  -1.16458   2.13408    -4.93097    -1.70411    -3.22686
   5.04811  -0.27028   1.47367    -0.08283    -1.32768     1.24485
   4.69273   0.82344   1.47367    -3.06287    -0.40317    -2.65970
   3.76235   1.49940   1.47367    -1.20419     1.66349    -2.86768
   2.61234  -2.03997   1.47367    -1.13767    -1.67499     0.53732
   3.76235  -2.03997   1.47367    -3.67658    -1.73378    -1.94280
   4.69273  -1.36401   1.47367    -0.56162    -1.68729     1.12567
   5.50768  -0.27028   0.51937     4.55321    -1.45655     6.00975
   5.24190   0.80803   0.51937    -0.02573    -0.66678     0.64105
   4.50544   1.63931   0.51937    -2.11220     1.19460    -3.30680
   3.46703   2.03313   0.51937     6.41377     6.55355    -0.13977
   2.36455  -2.43983   0.51937     3.12625    -1.59612     4.72237
   3.46703  -2.57369   0.51937    -2.84074    -1.82908    -1.01166
   4.50544  -2.17988   0.51937     0.27297    -1.91433     2.18729
   5.24190  -1.34859   0.51937     4.80421    -1.80716     6.61137
   5.50768  -0.27028  -0.53983     4.57956    -1.67524     6.25481
   5.24190   0.80803  -0.53983    -0.13680    -0.93825     0.80145
   4.50544   1.63931  -0.53983    -2.53953     0.73202    -3.27156
   3.46703   2.03313  -0.53983     4.76091     5.18195    -0.42104
   2.36455  -2.43983  -0.53983     3.32329    -2.26434     5.58763
   3.46703  -2.57369  -0.53983    -2.92921    -2.22175    -0.70747
   4.50544  -2.17988  -0.53983     0.27861    -2.18303     2.46164
   5.24190  -1.34859  -0.53983     4.86508    -2.02748     6.89256
   5.04811  -0.27028  -1.49414    -0.19453    -2.00955     1.81502
   4.69273   0.82344  -1.49414    -3.62763    -1.28873    -2.33890
   3.76235   1.49940  -1.49414    -2.85705     0.00908    -2.86613
   2.61234   1.49940  -1.49414     2.11471    -0.18822     2.30292
   2.61234  -2.03997  -1.49414    -1.58823    -3.21662     1.62840
   3.76235  -2.03997  -1.49414    -3.97088    -2.68433    -1.28655
   4.69273  -1.36401  -1.49414    -0.61057    -2.39610     1.78554
   4.21999  -0.27028  -2.15454    -5.23343    -2.56722    -2.66621
   3.70367   0.62401  -2.15454    -5.55534    -2.29874    -3.25660
   2.67103   0.62401  -2.15454    -2.80622    -3.89152     1.08530
   2.15470  -0.27028  -2.15454    -1.17156    -5.76846     4.59690
   2.67103  -1.16458  -2.15454    -3.70544    -4.10475     0.39931
   3.70367  -1.16458  -2.15454    -5.62249    -3.07363    -2.54886
   3.18735  -0.27028  -2.39023    -5.62374    -3.61040    -2.01334
   0.26213  -0.99454   2.36219    -0.37337     2.66598    -3.03935
   1.32514  -0.99454   2.11956     0.18323    -1.27170     1.45493
   0.79364  -0.07394   2.11956    -0.20457    -3.03425     2.82968
  -0.26938  -0.07394   2.11956     0.55786     0.37394     0.18391
  -0.80089  -0.99454   2.11956     7.62236     8.95057    -1.32821
  -0.26938  -1.91514   2.11956     5.03702     9.41728    -4.38026
   0.79364  -1.91514   2.11956    -0.59551     3.25850    -3.85400
  -0.01047  -2.89053   1.43974     6.81852     9.99363    -3.17512
   1.05785  -2.73693   1.43974     1.97854     3.60659    -1.62805
   1.87354  -2.03013   1.43974     3.16139    -0.69135     3.85275
  -0.26938  -3.32322   0.45736    10.99146    10.88134     0.11012
   0.79364  -3.32322   0.45736     4.51242     4.54759    -0.03517
   1.75138  -2.86200   0.45736     5.20143     0.71811     4.48332
  -1.22712  -2.86200  -0.63299    14.82930    10.84337     3.98593
  -0.26938  -3.32322  -0.63299     6.72251     6.37871     0.34380
   0.79364  -3.32322  -0.63299     3.30509     2.75379     0.55130
   1.75138  -2.86200  -0.63299     4.71950    -0.23471     4.95421
  -1.57577  -1.53419  -1.61536    -0.73983    -5.04116     4.30132
  -0.99225  -2.44217  -1.61536     1.41441     0.94196     0.47244
  -0.01047  -2.89053  -1.61536    -0.48381     1.66063    -2.14444
   1.05785  -2.73693  -1.61536    -0.57794    -0.16132    -0.41661
   1.87354  -2.03013  -1.61536     1.59764    -2.82060     4.41824
   1.32514  -0.99454  -2.29519    -3.17332    -4.57143     1.39811
   0.79364  -0.07394  -2.29519    -3.89746    -6.55096     2.65350
  -0.26938  -0.07394  -2.29519    -5.51518    -6.41116     0.89598
  -0.80089  -0.99454  -2.29519    -4.32291    -3.97019    -0.35272
  -0.26938  -1.91514  -2.29519    -5.10479    -1.62643    -3.47836
   0.79364  -1.91514  -2.29519    -5.01694    -2.07639    -2.94054
   0.26213  -0.99454  -2.53781    -6.63842    -3.95302    -2.68540
  -4.63464  -0.84346   1.57793    11.91892    12.10683    -0.18791
  -4.63464  -2.00431   1.57793    21.28073    21.25241     0.02832
  -5.33717  -0.87741   0.73793    13.62386    12.23669     1.38717
  -5.33717  -1.97035   0.73793    21.98354    20.59613     1.38741
  -4.63464  -2.80760   0.73793    23.93007    22.70693     1.22315
  -5.33717  -0.87741  -0.30037     9.79982     7.92300     1.87681
  -5.33717  -1.97035  -0.30037    18.56801    17.22634     1.34167
  -4.63464  -2.80760  -0.30037    18.59813    18.11802     0.48010
  -4.63464  -0.84346  -1.14037     0.27924    -2.20426     2.48350
  -4.63464  -2.00431  -1.14037     8.93950     9.47854    -0.53904
  -2.24808  -1.97705   2.24778    20.99898    20.99672     0.00226
  -1.26060  -1.97705   1.92693    22.82189    21.68811     1.13378
  -3.04697  -2.55748   1.92693    23.57616    23.13876     0.43740
  -1.94293  -2.91620   1.92693    26.66413    24.64260     2.02153
  -3.04697  -3.36077   1.08693    26.47086    23.70651     2.76436
  -1.97063  -3.55056   1.08693    27.20944    24.18201     3.02742
  -1.02411  -3.00408   1.08693    25.94438    23.24624     2.69814
  -1.97063  -3.55056   0.04863    21.64720    19.15780     2.48940
  -0.68735   3.33843   1.49502     9.92281     9.63264     0.29017
  -1.79138   2.97971   1.49502     2.96624     3.01717    -0.05093
   0.23147   3.42632   0.65502    18.39481    15.00154     3.39328
  -0.71504   3.97279   0.65502    12.51128    10.94400     1.56728
  -1.79138   3.78300   0.65502     6.44892     4.79459     1.65433
  -2.49391   2.94576   0.65502    -9.29530    -9.18958    -0.10572
  -0.71504   3.97279  -0.38328    11.34286     9.79670     1.54616
  -1.79138   3.78300  -0.38328     4.51305     3.01349     1.49956
  -2.49391   2.94576  -0.38328   -15.26542   -14.29233    -0.97309
  -0.68735   3.33843  -1.22328     6.52986     6.02646     0.50340
  -1.79138   2.97971  -1.22328    -4.03551    -3.58689    -0.44862
   2.65318   2.35460   1.51662     9.69879     9.82152    -0.12273
   1.97085   3.29375   1.51662    13.11118    12.77600     0.33519
   3.26348   2.35460   0.67662    10.85403     9.95074     0.90329
   2.88967   3.38163   0.67662    14.99371    13.17499     1.81872
   1.94315   3.92810   0.67662    16.18159    14.23948     1.94210
   0.86681   3.73831   0.67662    16.61582    14.64379     1.97203
   3.26348   2.35460  -0.36168    10.32567     9.32492     1.00075
   2.88967   3.38163  -0.36168    14.43397    12.69835     1.73563
   1.94315   3.92810  -0.36168    15.55659    13.71241     1.84418
   0.86681   3.73831  -0.36168    15.87034    13.84143     2.02892
   2.65318   2.35460  -1.20168     8.24296     7.96323     0.27974
   1.97085   3.29375  -1.20168    11.34474    11.15050     0.19425
  -2.83805  -1.29291   2.51425    10.04956    11.38326    -1.33370
  -3.35871  -0.39109   2.27658     3.36157     3.76519    -0.40363
  -3.87937  -1.29291   2.27658     9.56450    11.18579    -1.62129
  -3.35871  -2.19472   2.27658    15.91741    16.79256    -0.87515
  -3.35871  -3.57407   0.64830    20.49885    18.44888     2.04997
  -3.35871  -3.57407  -0.41980    10.95820    10.63993     0.31827
  -4.06683  -2.71099  -1.38212     2.11784     4.13570    -2.01786
  -3.10509  -3.15020  -1.38212    -0.32756     1.97709    -2.30465
  -2.05857  -2.99973  -1.38212     0.41792     1.86117    -1.44325
  -1.79673  -1.29291  -2.04807    -3.98218    -5.85310     1.87092
  -3.87937  -1.29291  -2.04807    -7.91164    -7.55329    -0.35835
  -3.35871  -2.19472  -2.04807    -7.61985    -4.59687    -3.02297
  -2.31739  -2.19472  -2.04807    -7.55145    -5.16449    -2.38696
  -2.83805  -1.29291  -2.28575    -9.29216    -8.89796    -0.39421
  -2.42935   0.01383   2.38341     5.18762     4.49077     0.69685
  -1.90869   0.91564   2.14574    -0.07781     0.69897    -0.77678
  -2.95001   0.91564   2.14574    -5.82580    -6.25207     0.42627
  -3.47067   0.01383   2.14574    -0.26606    -0.68393     0.41786
  -1.90869   0.91564  -2.17891   -11.29266   -12.04707     0.75441
  -1.90869  -0.88798  -2.17891    -3.35278    -6.15340     2.80062
  -2.42935   0.01383  -2.41659    -7.58973   -10.50432     2.91459
  -3.21831   0.93682   2.06951    -8.98405    -9.28225     0.29820
  -2.73236   1.77851   1.84768   -12.11344   -11.53156    -0.58189
  -3.70426   1.77851   1.84768   -18.53412   -18.16333    -0.37079
  -4.19021   0.93682   1.84768   -15.52019   -15.13989    -0.38030
  -2.67712   2.60241   1.22613   -13.98844   -13.12095    -0.86749
  -3.75949   2.60241   1.22613   -22.56712   -22.35599    -0.21114
  -4.63514   1.96621   1.22613   -24.13339   -24.03905    -0.09434
  -4.96961   0.93682   1.22613   -19.66803   -18.83623    -0.83180
  -2.95507   3.10473   0.32796   -18.36344   -17.63364    -0.72979
  -3.99271   2.97874   0.32796   -25.51328   -25.69616     0.18288
  -4.85293   2.38497   0.32796   -27.10151   -27.61950     0.51800
  -5.33869   1.45944   0.32796   -25.49006   -25.01034    -0.47972
  -5.33869   0.41419   0.32796   -17.11030   -16.21429    -0.89601
  -2.95507   3.10473  -0.66894   -21.27445   -20.23617    -1.03828
  -3.99271   2.97874  -0.66894   -26.94463   -27.21645     0.27182
  -4.85293   2.38497  -0.66894   -28.21910   -29.01970     0.80060
  -5.33869   1.45944  -0.66894   -26.88627   -26.80518    -0.08109
  -5.33869   0.41419  -0.66894   -20.14368   -19.62181    -0.52187
  -2.67712   2.60241  -1.56711   -21.95028   -20.67003    -1.28025
  -3.75949   2.60241  -1.56711   -26.89568   -26.99121     0.09553
  -4.63514   1.96621  -1.56711   -27.75788   -28.47795     0.72007
  -4.96961   0.93682  -1.56711   -25.01943   -25.24485     0.22542
  -4.63514  -0.09257  -1.56711   -16.52107   -17.81862     1.29755
  -2.73236   1.77851  -2.18866   -21.68547   -21.43477    -0.25070
  -3.70426   1.77851  -2.18866   -25.42668   -25.86031     0.43362
  -4.19021   0.93682  -2.18866   -23.72300   -24.58791     0.86492
  -3.70426   0.09513  -2.18866   -17.01931   -19.26196     2.24265
  -3.21831   0.93682  -2.41049   -20.16753   -21.32588     1.15835
  -0.96346   0.25777   2.39964     0.78250     2.50513    -1.72263
  -1.48412  -0.64404   2.16196    10.69966    10.16514     0.53453
  -1.48412   1.15958  -2.16269   -10.60679   -10.02781    -0.57899
  -0.96346   0.25777  -2.40036    -6.42946    -6.73910     0.30964
  -0.38863   1.50109   2.48259    -0.56350     0.36681    -0.93032
   0.13203   2.40290   2.24492     3.30823     3.55881    -0.25058
  -0.90929   2.40290   2.24492     1.86308     2.85893    -0.99586
  -1.42995   1.50109   2.24492    -1.68549     0.08368    -1.76917
   0.13203   0.59928   2.24492    -1.03539    -2.17588     1.14049
   0.13203   2.40290  -2.07973    -0.99774    -1.55016     0.55242
  -0.90929   2.40290  -2.07973    -4.45783    -4.08140    -0.37643
  -1.42995   1.50109  -2.07973   -10.89607    -9.96823    -0.92784
  -0.38863   1.50109  -2.31741    -6.06111    -6.33962     0.27851
   1.03272   1.47768   2.49506    -0.35015     0.52777    -0.87792
   2.07404   1.47768   2.25739     0.85843     1.68659    -0.82816
   1.55338   2.37949   2.25739     4.25326     5.56749    -1.31423
   0.51206   2.37949   2.25739     3.38353     3.81366    -0.43013
   0.51206   0.57587   2.25739    -1.16529    -2.65862     1.49333
   0.76568   3.33498   1.59144    10.56412    10.10620     0.45792
   0.76568   3.33498  -1.40131     7.36759     6.75561     0.61197
   2.07404   1.47768  -2.06726    -1.49473    -1.85145     0.35672
   1.55338   2.37949  -2.06726     1.08622     1.75028    -0.66406
   0.51206   2.37949  -2.06726    -0.44679    -0.84038     0.39359
   1.03272   1.47768  -2.30494    -3.47013    -4.03150     0.56137
   1.52280   0.20134   2.41649    -1.01155    -2.28565     1.27411
   2.04346   1.10315  -2.14583    -2.33496    -3.60252     1.26756
   1.52280   0.20134  -2.38351    -2.84325    -5.80115     2.95791
   3.18735  -0.27028   2.70977    -2.89345    -1.02287    -1.87058
   4.22825  -0.27028   2.50272    -3.27497    -0.81640    -2.45857
   3.70780   0.63116   2.50272    -2.71084    -0.19908    -2.51177
   2.66690   0.63116   2.50272    -1.12952    -0.68520    -0.44431
   2.14645  -0.27028   2.50272    -0.79066    -1.87824     1.08758
   2.66690  -1.17173   2.50272    -1.92081    -1.19534    -0.72546
   3.70780  -1.17173   2.50272    -3.35027    -1.07022    -2.28005
   5.11068  -0.27028   1.91310    -1.12763    -0.84572    -0.28192
   4.85300   0.69138   1.91310    -2.12286    -0.20616    -1.91670
   4.14901   1.39537   1.91310    -1.57693     1.02029    -2.59722
   3.18735   1.65305   1.91310     1.66541     2.72161    -1.05620
   2.22568  -1.93594   1.91310     0.10793    -0.74025     0.84818
   3.18735  -2.19362   1.91310    -2.28351    -0.95235    -1.33115
   4.14901  -1.93594   1.91310    -2.36383    -1.14185    -1.22198
   4.85300  -1.23195   1.91310    -1.18035    -1.12090    -0.05945
   5.70030  -0.27028   1.03067     1.81225    -0.96648     2.77873
   5.48304   0.75183   1.03067    -0.16943    -0.34995     0.18052
   4.86884   1.59720   1.03067    -1.20545     0.92753    -2.13298
   3.96389   2.11967   1.03067     2.04505     3.82572    -1.78067
   2.92467  -2.76947   1.03067    -0.83835    -0.82600    -0.01236
   3.96389  -2.66024   1.03067    -1.69930    -1.20070    -0.49859
   4.86884  -2.13777   1.03067     0.23657    -1.32625     1.56282
   5.48304  -1.29239   1.03067     2.08396    -1.25341     3.33736
   5.90735  -0.27028  -0.01023     3.13943    -1.13598     4.27541
   5.72367   0.71229  -0.01023     0.90424    -0.59938     1.50362
   5.19745   1.56217  -0.01023    -0.92809     0.44597    -1.37406
   4.39976   2.16456  -0.01023     0.56727     2.71102    -2.14375
   2.44298  -2.88645  -0.01023     1.89382    -0.90333     2.79716
   3.43832  -2.97868  -0.01023    -1.46900    -1.31400    -0.15500
   4.39976  -2.70513  -0.01023    -0.64696    -1.49978     0.85282
   5.19745  -2.10274  -0.01023     1.88818    -1.52571     3.41388
   5.72367  -1.25286  -0.01023     3.62387    -1.41303     5.03690
   5.70030  -0.27028  -1.05113     1.71059    -1.35779     3.06838
   5.48304   0.75183  -1.05113    -0.41792    -0.80995     0.39203
   4.86884   1.59720  -1.05113    -1.77020     0.25940    -2.02960
   3.96389   2.11967  -1.05113     0.65637     2.49986    -1.84349
   2.92467  -2.76947  -1.05113    -1.20921    -1.76691     0.55770
   3.96389  -2.66024  -1.05113    -1.94528    -1.81116    -0.13412
   4.86884  -2.13777  -1.05113     0.12174    -1.78202     1.90376
   5.48304  -1.29239  -1.05113     2.02184    -1.64588     3.66772
   5.11068  -0.27028  -1.93356    -1.50163    -1.67021     0.16858
   4.85300   0.69138  -1.93356    -2.78614    -1.18713    -1.59902
   4.14901   1.39537  -1.93356    -2.86144    -0.43010    -2.43135
   3.18735   1.65305  -1.93356    -0.70658     0.18745    -0.89403
   2.22568  -1.93594  -1.93356    -1.02284    -3.00221     1.97937
   3.18735  -2.19362  -1.93356    -3.08421    -2.41512    -0.66909
   4.14901  -1.93594  -1.93356    -2.84576    -2.17037    -0.67539
   4.85300  -1.23195  -1.93356    -1.50351    -1.96393     0.46042
   4.22825  -0.27028  -2.52318    -4.14721    -2.16029    -1.98692
   3.70780   0.63116  -2.52318    -4.11207    -1.94569    -2.16638
   2.66690   0.63116  -2.52318    -2.98255    -3.17104     0.18849
   2.14645  -0.27028  -2.52318    -2.62048    -4.59523     1.97475
   2.66690  -1.17173  -2.52318    -3.44691    -3.41683    -0.03008
   3.70780  -1.17173  -2.52318    -4.30597    -2.59035    -1.71562
   3.18735  -0.27028  -2.73023    -4.36245    -3.00940    -1.35304
   0.26213  -0.99454   2.71219     0.61684     2.85678    -2.23994
   1.33364  -0.99454   2.49905    -0.25351    -0.25697     0.00346
   0.79788  -0.06658   2.49905    -0.58547    -1.24749     0.66202
  -0.27363  -0.06658   2.49905     0.55848     1.40013    -0.84164
  -0.80939  -0.99454   2.49905     6.05233     7.63289    -1.58056
  -0.27363  -1.92250   2.49905     5.04580     8.11641    -3.07061
   0.79788  -1.92250   2.49905     0.49887     3.26691    -2.76804
  -0.72782  -2.70918   1.89209    14.38126    15.33073    -0.94947
   0.26213  -2.97444   1.89209     4.70067     7.39328    -2.69261
   1.25208  -2.70918   1.89209     1.55936     2.95172    -1.39236
   1.97677  -1.98449   1.89209     0.79192    -0.28156     1.07348
  -0.00827  -3.56723   0.98370     8.00702     8.88604    -0.87902
   1.06151  -3.45479   0.98370     3.56739     3.93306    -0.36567
   1.99308  -2.91695   0.98370     2.63868     0.69530     1.94338
  -0.50413  -3.68765  -0.08781     9.88578     9.22047     0.66531
   0.52048  -3.78259  -0.08781     4.62537     4.64879    -0.02342
   1.51020  -3.50099  -0.08781     3.35780     1.74299     1.61482
   2.33135  -2.88089  -0.08781     2.58659    -0.81818     3.40478
  -1.03130  -3.23483  -1.15933     5.85717     5.32032     0.53685
  -0.00827  -3.56723  -1.15933     2.98130     3.55784    -0.57654
   1.06151  -3.45479  -1.15933     1.61835     1.37350     0.24485
   1.99308  -2.91695  -1.15933     1.68612    -0.81465     2.50076
  -1.45251  -1.98449  -2.06771    -2.90662    -2.89690    -0.00972
  -0.72782  -2.70918  -2.06771    -0.91993     0.41817    -1.33810
   0.26213  -2.97444  -2.06771    -1.47716     0.48532    -1.96248
   1.25208  -2.70918  -2.06771    -1.39684    -0.82163    -0.57521
   1.97677  -1.98449  -2.06771    -1.10128    -2.71263     1.61135
   1.33364  -0.99454  -2.67468    -3.65524    -3.89568     0.24043
   0.79788  -0.06658  -2.67468    -4.28526    -5.32053     1.03526
  -0.27363  -0.06658  -2.67468    -5.55785    -5.62641     0.06855
  -0.80939  -0.99454  -2.67468    -4.81990    -4.06378    -0.75612
  -0.27363  -1.92250  -2.67468    -4.47101    -1.96151    -2.50950
   0.79788  -1.92250  -2.67468    -4.23443    -2.11431    -2.12012
   0.26213  -0.99454  -2.88781    -5.45745    -3.66935    -1.78810
  -4.31575  -0.59250   1.88155     5.40537     6.01567    -0.61030
  -4.79575  -1.42388   1.88155    13.44878    13.77303    -0.32425
  -4.31575  -2.25527   1.88155    17.74785    18.06675    -0.31889
  -5.18096  -0.44653   1.17878     4.35743     3.93156     0.42586
  -5.49852  -1.42388   1.17878    14.20995    13.45484     0.75511
  -5.18096  -2.40123   1.17878    18.44752    17.72940     0.71813
  -4.34958  -3.00527   1.17878    20.60929    19.65668     0.95261
  -5.49852  -0.46388   0.21878     2.37763     1.46633     0.91131
  -5.75575  -1.42388   0.21878    12.81563    11.60950     1.20613
  -5.49852  -2.38388   0.21878    16.84800    15.86961     0.97839
  -4.79575  -3.08665   0.21878    17.78425    16.99944     0.78481
  -5.18096  -0.44653  -0.74122    -3.72803    -4.99477     1.26673
  -5.49852  -1.42388  -0.74122     8.93762     7.86955     1.06806
  -5.18096  -2.40123  -0.74122    12.49622    12.15004     0.34618
  -4.34958  -3.00527  -0.74122    10.79379    11.30100    -0.50721
  -4.79575  -1.42388  -1.44399     2.22327     1.82676     0.39650
  -2.24808  -1.97705   2.48778    16.96346    17.17738    -0.21392
  -1.28808  -1.97705   2.23055    17.48994    17.42979     0.06016
  -2.72808  -2.80844   2.23055    20.30934    19.68261     0.62673
  -1.76808  -2.80844   2.23055    20.70719    19.71219     0.99499
  -2.76191  -3.55844   1.52778    22.15924    20.33525     1.82399
  -1.73426  -3.55844   1.52778    22.13665    20.19738     1.93927
  -3.20808  -3.63982   0.56778    20.23530    18.17465     2.06065
  -2.24808  -3.89705   0.56778    20.14745    18.08651     2.06094
  -1.28808  -3.63982   0.56778    20.14808    17.92467     2.22341
  -1.73426  -3.55844  -0.39222    14.51555    13.04974     1.46581
  -0.51249   3.23067   1.79864     7.27535     7.34744    -0.07210
  -1.47249   3.23067   1.79864     3.65462     3.89466    -0.24005
  -1.95249   2.39929   1.79864    -2.43662    -1.49735    -0.93927
  -0.47867   3.98067   1.09587    10.09412     9.22002     0.87410
  -1.50632   3.98067   1.09587     5.83019     4.96696     0.86323
  -2.33770   3.37664   1.09587    -2.54016    -2.82271     0.28255
  -0.03249   4.06206   0.13587    12.57466    11.05813     1.51653
  -0.99249   4.31929   0.13587     8.35780     7.10477     1.25303
  -1.95249   4.06206   0.13587     2.61169     1.50089     1.11080
  -2.65526   3.35929   0.13587   -10.10730   -10.08078    -0.02652
  -0.47867   3.98067  -0.82413     8.28501     7.35588     0.92913
  -1.50632   3.98067  -0.82413     3.29191     2.52760     0.76432
  -2.33770   3.37664  -0.82413    -7.91917    -7.75965    -0.15952
  -1.47249   3.23067  -1.52690    -1.74887    -1.45528    -0.29359
  -1.95249   2.39929  -1.52690   -13.50526   -12.12029    -1.38497
   2.62570   2.35460   1.82024     6.85115     7.50171    -0.65056
   2.14570   3.18598   1.82024     9.55069     9.79059    -0.23990
   1.18570   3.18598   1.82024     9.29028     9.57411    -0.28383
   3.32847   2.35460   1.11747     7.55270     7.67366    -0.12096
   3.01091   3.33195   1.11747    11.02283    10.28545     0.73738
   2.17953   3.93598   1.11747    12.35441    11.32769     1.02671
   1.15188   3.93598   1.11747    12.62863    11.66578     0.96285
   3.32847   3.31460   0.15747    10.99836    10.02326     0.97510
   2.62570   4.01737   0.15747    12.67381    11.22779     1.44602
   1.66570   4.27460   0.15747    13.10240    11.68711     1.41529
   0.70570   4.01737   0.15747    14.11206    12.43057     1.68149
   3.32847   2.35460  -0.80253     6.61207     6.64062    -0.02856
   3.01091   3.33195  -0.80253    10.15624     9.47460     0.68165
   2.17953   3.93598  -0.80253    11.41879    10.47408     0.94471
   1.15188   3.93598  -0.80253    11.48280    10.50378     0.97902
   2.62570   2.35460  -1.50530     5.17005     5.44473    -0.27468
   2.14570   3.18598  -1.50530     7.75539     7.99525    -0.23986
  -2.83805  -1.29291   2.81425     8.92193     9.79893    -0.87700
  -1.80481  -1.29291   2.60873    11.75576    12.02202    -0.26626
  -3.35467  -0.39809   2.60873     3.37663     3.82047    -0.44384
  -3.87130  -1.29291   2.60873     8.08860     9.15060    -1.06200
  -3.35467  -2.18772   2.60873    13.11244    13.75988    -0.64744
  -4.08830  -2.73577   2.02344    16.24559    16.15017     0.09543
  -3.39312  -3.72484   1.14750    18.56048    17.08070     1.47977
  -3.87130  -3.78738   0.11425    13.74497    12.91670     0.82827
  -4.39333  -3.24316  -0.91899     8.14633     8.63856    -0.49223
  -3.39312  -3.72484  -0.91899     6.39495     6.87796    -0.48301
  -2.28298  -3.72484  -0.91899     7.16239     7.28459    -0.12220
  -4.66990  -0.75502  -1.79494    -6.80785    -7.90185     1.09400
  -4.66990  -1.83079  -1.79494     0.15939     0.64049    -0.48110
  -4.08830  -2.73577  -1.79494     0.12362     1.73070    -1.60708
  -3.10976  -3.18266  -1.79494    -1.00653     0.88060    -1.88713
  -2.04494  -3.02956  -1.79494    -0.82894     0.49727    -1.32621
  -3.87130  -1.29291  -2.38022    -7.20381    -7.02911    -0.17470
  -3.35467  -2.18772  -2.38022    -5.85404    -3.99078    -1.86326
  -2.32143  -2.18772  -2.38022    -5.70845    -4.21076    -1.49770
  -2.83805  -1.29291  -2.58575    -7.55396    -7.46839    -0.08557
  -2.42935   0.01383   2.68341     3.84036     3.75366     0.08670
  -1.91273   0.90865   2.47789    -0.22214     0.57500    -0.79713
  -2.94597   0.90865   2.47789    -3.90248    -3.98458     0.08210
  -3.46259   0.01383   2.47789     0.33007     0.33107    -0.00100
  -1.91273   0.90865  -2.51106   -10.40097   -10.98203     0.58106
  -3.46259   0.01383  -2.51106   -13.10679   -14.96403     1.85724
  -1.91273  -0.88099  -2.51106    -4.62223    -6.12199     1.49976
  -2.42935   0.01383  -2.71659    -8.03087    -9.86368     1.83282
  -2.67161   1.88372   2.09995    -8.80082    -8.23031    -0.57051
  -3.76500   1.88372   2.09995   -14.26141   -13.93965    -0.32176
  -4.31169   0.93682   2.09995   -11.45393   -11.16058    -0.29335
  -3.49870   2.88698   1.40070   -16.28513   -15.95644    -0.32869
  -4.50852   2.42581   1.40070   -19.26203   -19.21491    -0.04713
  -5.10871   1.49189   1.40070   -17.71334   -17.33333    -0.38000
  -5.10871   0.38174   1.40070    -9.68686    -9.28155    -0.40531
  -3.76500   3.33204   0.39026   -19.14845   -19.06624    -0.08222
  -4.75011   2.85764   0.39026   -21.81411   -22.14516     0.33104
  -5.43182   2.00279   0.39026   -21.46145   -21.46188     0.00043
  -5.67512   0.93682   0.39026   -17.31048   -16.76665    -0.54383
  -3.76500   3.33204  -0.73124   -20.70217   -20.63336    -0.06880
  -4.75011   2.85764  -0.73124   -22.93359   -23.43463     0.50104
  -5.43182   2.00279  -0.73124   -22.63866   -22.90775     0.26909
  -5.67512   0.93682  -0.73124   -19.20430   -18.96151    -0.24279
  -5.43182  -0.12916  -0.73124    -9.34613    -9.76967     0.42354
  -2.39985   2.72899  -1.74169   -15.58294   -14.64365    -0.93930
  -3.49870   2.88698  -1.74169   -20.86469   -20.66891    -0.19578
  -4.50852   2.42581  -1.74169   -22.74408   -23.20320     0.45912
  -5.10871   1.49189  -1.74169   -21.77081   -22.13827     0.36746
  -5.10871   0.38174  -1.74169   -17.13666   -17.55299     0.41633
  -2.67161   1.88372  -2.44093   -17.39833   -17.26635    -0.13197
  -3.76500   1.88372  -2.44093   -20.68334   -21.02716     0.34382
  -4.31169   0.93682  -2.44093   -19.22062   -19.93567     0.71505
  -3.76500  -0.01008  -2.44093   -13.95518   -15.60444     1.64925
  -3.21831   0.93682  -2.69049   -16.45769   -17.39650     0.93881
  -0.96346   0.25777   2.69964     1.22804     2.53214    -1.30410
  -1.48008   1.15258  -2.49484    -9.43272    -9.22754    -0.20518
  -0.38863   1.50109   2.78259    -0.11923     0.75370    -0.87293
   0.12799   2.39591   2.57707     2.41968     2.92161    -0.50193
  -0.90525   2.39591   2.57707     1.10504     1.95126    -0.84622
  -1.42187   1.50109   2.57707    -1.13893     0.19977    -1.33870
  -2.22048   2.03897   1.99178    -5.60366    -4.73947    -0.86419
   0.16644   3.93302  -0.95065     8.63516     7.63156     1.00360
  -0.66033   3.39085  -1.82660     1.16968     1.08266     0.08702
   0.12799   2.39591  -2.41188    -1.79530    -2.04726     0.25195
  -0.90525   2.39591  -2.41188    -4.90022    -4.63428    -0.26594
  -1.42187   1.50109  -2.41188    -9.65925    -9.15193    -0.50733
  -0.38863   1.50109  -2.61741    -5.54216    -5.73857     0.19640
   1.03272   1.47768   2.79506     0.18072     0.90103    -0.72031
   2.06597   1.47768   2.58954     0.75803     1.54900    -0.79097
   1.54934   2.37250   2.58954     3.23858     4.22444    -0.98586
   0.51610   2.37250   2.58954     2.57718     3.16313    -0.58595
   0.76101   3.36744   2.00425     7.46925     7.48846    -0.01921
   0.47765   3.90961   1.12831    11.40812    10.39401     1.01411
   0.47765   3.90961  -0.93818     9.32416     8.28748     1.03669
   2.63883   2.50987  -1.81413     3.61696     4.05593    -0.43897
   0.76101   3.36744  -1.81413     4.37876     4.13689     0.24187
   2.06597   1.47768  -2.39941    -1.66667    -1.86024     0.19358
   1.54934   2.37250  -2.39941     0.27359     0.63100    -0.35741
   0.51610   2.37250  -2.39941    -1.16842    -1.35405     0.18563
   1.03272   1.47768  -2.60494    -3.03464    -3.52873     0.49409
   1.52280   0.20134   2.71649    -0.70595    -1.17499     0.46904
   3.18735  -0.27028   3.04977    -1.83923    -0.46913    -1.37010
   4.23393  -0.27028   2.86523    -2.17495    -0.40795    -1.76700
   3.71064   0.63608   2.86523    -1.63843     0.13177    -1.77019
   2.66406   0.63608   2.86523    -0.78062    -0.10448    -0.67614
   2.14077  -0.27028   2.86523    -0.74297    -0.87320     0.13023
   2.66406  -1.17665   2.86523    -1.26945    -0.51820    -0.75126
   3.71064  -1.17665   2.86523    -2.16240    -0.57554    -1.58686
   5.15428  -0.27028   2.33387    -1.15022    -0.47909    -0.67114
   4.89076   0.71318   2.33387    -1.45331     0.08043    -1.53375
   4.17081   1.43313   2.33387    -0.74548     1.10186    -1.84734
   3.18735   1.69665   2.33387     1.25125     2.33978    -1.08853
   2.20388  -1.97370   2.33387    -0.10730     0.00485    -0.11216
   3.18735  -2.23721   2.33387    -1.38240    -0.39038    -0.99203
   4.17081  -1.97370   2.33387    -1.68424    -0.67088    -1.01336
   4.89076  -1.25375   2.33387    -1.20482    -0.70546    -0.49936
   5.83738  -0.27028   1.51977     0.58923    -0.60171     1.19094
   5.63566   0.74384   1.51977    -0.28552    -0.08574    -0.19978
   5.06121   1.60358   1.51977    -0.57103     0.91544    -1.48647
   4.20147   2.17803   1.51977     1.38491     2.90375    -1.51884
   3.18735  -2.92032   1.51977    -0.73168    -0.32558    -0.40610
   4.20147  -2.71860   1.51977    -1.05233    -0.73552    -0.31681
   5.06121  -2.14414   1.51977    -0.11295    -0.88688     0.77392
   5.63566  -1.28441   1.51977     0.73356    -0.84285     1.57641
   6.20086  -0.27028   0.52113     1.86935    -0.74906     2.61841
   6.01912   0.76040   0.52113     0.66391    -0.26667     0.93058
   5.49583   1.66676   0.52113    -0.20457     0.65263    -0.85720
   4.69410   2.33949   0.52113     1.04167     2.54003    -1.49836
   2.66406  -3.23801   0.52113     0.80949    -0.14689     0.95638
   3.71064  -3.23801   0.52113    -0.76556    -0.73230    -0.03326
   4.69410  -2.88006   0.52113    -0.19453    -0.99997     0.80544
   5.49583  -2.20733   0.52113     1.23619    -1.07231     2.30851
   6.01912  -1.30097   0.52113     2.16428    -0.99259     3.15687
   6.20086  -0.27028  -0.54159     1.80158    -0.92014     2.72172
   6.01912   0.76040  -0.54159     0.55095    -0.46085     1.01180
   5.49583   1.66676  -0.54159    -0.41039     0.39542    -0.80581
   4.69410   2.33949  -0.54159     0.62123     2.11414    -1.49290
   3.71064   2.69744  -0.54159     5.72163     6.10744    -0.38581
   2.66406  -3.23801  -0.54159     0.56915    -0.68384     1.25299
   3.71064  -3.23801  -0.54159    -0.94252    -1.06694     0.12442
   4.69410  -2.88006  -0.54159    -0.30371    -1.23775     0.93403
   5.49583  -2.20733  -0.54159     1.16780    -1.26276     2.43055
   6.01912  -1.30097  -0.54159     2.11031    -1.16322     3.27353
   5.83738  -0.27028  -1.54023     0.33509    -1.13120     1.46629
   5.63566   0.74384  -1.54023    -0.67646    -0.69082     0.01436
   5.06121   1.60358  -1.54023    -1.25314     0.09854    -1.35168
   4.20147   2.17803  -1.54023     0.05020     1.53383    -1.48363
   3.18735   2.37975  -1.54023     3.40173     3.89194    -0.49021
   3.18735  -2.92032  -1.54023    -1.40060    -1.48202     0.08142
   4.20147  -2.71860  -1.54023    -1.47967    -1.52250     0.04283
   5.06121  -2.14414  -1.54023    -0.39031    -1.49479     1.10448
   5.63566  -1.28441  -1.54023     0.51330    -1.37523     1.88853
   5.15428  -0.27028  -2.35433    -1.72000    -1.41810    -0.30190
   4.89076   0.71318  -2.35433    -2.26405    -1.01455    -1.24950
   4.17081   1.43313  -2.35433    -2.08145    -0.44188    -1.63957
   3.18735   1.69665  -2.35433    -0.91867    -0.12597    -0.79270
   2.20388   1.43313  -2.35433    -1.56438    -1.81374     0.24936
   3.18735  -2.23721  -2.35433    -2.48996    -2.06271    -0.42725
   4.17081  -1.97370  -2.35433    -2.40273    -1.85175    -0.55099
   4.89076  -1.25375  -2.35433    -1.74887    -1.67275    -0.07612
   4.23393  -0.27028  -2.88569    -3.20846    -1.84879    -1.35966
   3.71064   0.63608  -2.88569    -3.09739    -1.68634    -1.41104
   2.66406   0.63608  -2.88569    -2.72590    -2.65988    -0.06602
   2.14077  -0.27028  -2.88569    -2.89784    -3.76206     0.86422
   2.66406  -1.17665  -2.88569    -3.05221    -2.89057    -0.16164
   3.71064  -1.17665  -2.88569    -3.31702    -2.21351    -1.10351
   3.18735  -0.27028  -3.07023    -3.43373    -2.55090    -0.88283
   0.26213  -0.99454   3.06219     1.31087     2.90950    -1.59863
   1.33949  -0.99454   2.87222    -0.00251     0.45616    -0.45867
   0.80081  -0.06151   2.87222    -0.19516    -0.09698    -0.09818
  -0.27655  -0.06151   2.87222     0.97891     1.91896    -0.94005
  -0.81524  -0.99454   2.87222     5.14558     6.48469    -1.33911
  -0.27655  -1.92756   2.87222     4.87951     6.97045    -2.09094
   0.80081  -1.92756   2.87222     1.28263     3.20542    -1.92279
  -0.75026  -2.74805   2.32523    11.53300    12.50910    -0.97610
   0.26213  -3.01932   2.32523     4.74083     6.68165    -1.94082
   1.27452  -2.74805   2.32523     1.67545     2.97131    -1.29586
   2.01564  -2.00693   2.32523     0.20645     0.31035    -0.10390
  -0.78182  -3.51486   1.48719    14.33043    14.04816     0.28228
   0.26213  -3.72252   1.48719     6.06802     7.03876    -0.97074
   1.30608  -3.51486   1.48719     2.88905     3.34374    -0.45468
   2.19110  -2.92351   1.48719     1.30020     0.72584     0.57436
  -0.27655  -4.04955   0.45918     8.50213     8.36201     0.14012
   0.80081  -4.04955   0.45918     4.25514     4.29656    -0.04142
   1.81320  -3.68107   0.45918     2.66566     1.67957     0.98609
  -1.28894  -3.68107  -0.63481    10.13553     9.16909     0.96644
  -0.27655  -4.04955  -0.63481     5.62437     5.54502     0.07935
   0.80081  -4.04955  -0.63481     3.04970     2.92122     0.12848
   1.81320  -3.68107  -0.63481     2.06011     0.86356     1.19656
  -0.78182  -3.51486  -1.66281     2.46799     2.93152    -0.46353
   0.26213  -3.72252  -1.66281     1.27196     1.95525    -0.68329
   1.30608  -3.51486  -1.66281     0.55786     0.50218     0.05568
   2.19110  -2.92351  -1.66281    -0.00188    -1.11564     1.11376
   0.26213   1.03024  -2.50085    -4.64294    -6.04734     1.40439
  -1.76265  -0.99454  -2.50085    -4.32605    -5.56418     1.23813
  -1.49138  -2.00693  -2.50085    -3.49711    -2.92805    -0.56906
  -0.75026  -2.74805  -2.50085    -1.62713    -0.34816    -1.27898
   0.26213  -3.01932  -2.50085    -1.56752    -0.06553    -1.50199
   1.27452  -2.74805  -2.50085    -1.68235    -0.97975    -0.70260
   2.01564  -2.00693  -2.50085    -1.97289    -2.38655     0.41366
   1.33949  -0.99454  -3.04785    -3.46260    -3.36483    -0.09777
   0.80081  -0.06151  -3.04785    -4.01794    -4.45079     0.43285
  -0.27655  -0.06151  -3.04785    -5.09977    -5.01873    -0.08104
  -0.81524  -0.99454  -3.04785    -4.62914    -3.98000    -0.64914
  -0.27655  -1.92756  -3.04785    -3.80710    -2.11477    -1.69233
   0.80081  -1.92756  -3.04785    -3.50590    -2.08073    -1.42516
   0.26213  -0.99454  -3.23781    -4.51619    -3.39031    -1.12588
  -4.91575  -1.42388   2.08940    10.68398    10.94879    -0.26482
  -4.37575  -2.35919   2.08940    15.08972    15.31170    -0.22198
  -5.06074  -0.01017   1.29878    -4.11834    -4.03218    -0.08617
  -5.63060  -0.89687   1.29878     7.40085     6.95565     0.44519
  -5.63060  -1.95090   1.29878    13.18837    12.62963     0.55874
  -5.06074  -2.83760   1.29878    15.94815    15.38443     0.56372
  -5.93299  -0.90696   0.21878     5.76493     4.93344     0.83149
  -5.93299  -1.94080   0.21878    11.70744    10.86789     0.83955
  -5.45254  -2.85623   0.21878    14.09449    13.43894     0.65555
  -4.60170  -3.44352   0.21878    14.94037    14.27212     0.66826
  -5.63060  -0.89687  -0.86122     1.77146     0.86475     0.90671
  -5.63060  -1.95090  -0.86122     8.30383     7.73509     0.56874
  -5.06074  -2.83760  -0.86122     9.76468     9.77446    -0.00979
  -4.91575  -1.42388  -1.65183     0.22716    -0.06274     0.28990
  -2.24808  -1.97705   2.72778    14.03613    14.33303    -0.29690
  -2.78808  -2.91236   2.43839    17.06951    16.65661     0.41290
  -1.70808  -2.91236   2.43839    16.93899    16.39934     0.53965
  -2.51430  -3.82863   1.64778    18.54793    17.12845     1.41947
  -1.47100  -3.67863   1.64778    17.92983    16.68646     1.24337
  -3.01403  -3.99669   0.56778    16.79278    15.30932     1.48346
  -1.98772  -4.12131   0.56778    16.66163    15.10159     1.56005
  -1.47100  -3.67863  -0.51222    11.77898    10.62132     1.15766
  -1.53249   3.33459   2.00649     2.20632     2.46605    -0.25973
  -2.07249   2.39929   2.00649    -3.49335    -2.64599    -0.84735
  -0.21541   4.10086   1.21587     9.04618     8.31571     0.73046
  -1.25871   4.25086   1.21587     5.33760     4.71217     0.62542
  -2.21749   3.81300   1.21587    -0.56288    -0.91863     0.35575
   0.23453   4.17693   0.13587    11.76706    10.39114     1.37592
  -0.73213   4.54354   0.13587     7.35316     6.38643     0.96673
  -1.75844   4.41892   0.13587     2.80936     1.95366     0.85570
  -2.60928   3.83163   0.13587    -5.71410    -6.03938     0.32528
  -0.21541   4.10086  -0.94413     7.33119     6.50932     0.82187
  -1.25871   4.25086  -0.94413     3.18587     2.58434     0.60152
  -2.21749   3.81300  -0.94413    -4.36182    -4.53106     0.16924
  -1.53249   3.33459  -1.73474    -3.09425    -2.83264    -0.26161
   2.74570   2.35460   2.02808     5.24974     5.95787    -0.70812
   2.20570   3.28991   2.02808     7.77861     8.04942    -0.27081
   3.23936   3.36593   1.23747     8.61696     8.29178     0.32518
   2.44278   4.05617   1.23747     9.99434     9.30138     0.69296
   1.39949   4.20617   1.23747    10.40599     9.68793     0.71806
   3.57829   3.35840   0.15747     8.48456     8.03011     0.45445
   2.89272   4.13224   0.15747    10.13742     9.16508     0.97233
   1.92606   4.49885   0.15747    10.70719     9.63937     1.06783
   0.89976   4.37423   0.15747    11.30521    10.12952     1.17569
   3.23936   3.36593  -0.92253     7.78928     7.48544     0.30383
   2.44278   4.05617  -0.92253     9.13340     8.47815     0.65525
   1.39949   4.20617  -0.92253     9.36432     8.63571     0.72861
   2.20570   3.28991  -1.71314     6.05672     6.26261    -0.20589
  -2.83805  -1.29291   3.11425     7.74284     8.37112    -0.62828
  -1.81199  -1.29291   2.93333     9.31726     9.77246    -0.45519
  -3.35108  -0.40431   2.93333     3.25991     3.67349    -0.41358
  -3.86411  -1.29291   2.93333     6.93461     7.65216    -0.71755
  -3.35108  -2.18150   2.93333    10.90800    11.37958    -0.47159
  -4.68830  -0.74962   2.41239     4.67055     5.07593    -0.40538
  -4.10086  -2.75026   2.41239    13.08734    13.11622    -0.02889
  -4.13709  -3.54291   1.61425    14.96045    14.27510     0.68535
  -3.64657  -4.13454   0.63520    13.67155    12.72561     0.94594
  -4.61849  -3.65058  -0.40669    10.21397    10.03161     0.18237
  -3.64657  -4.13454  -0.40669     9.29844     9.02225     0.27619
  -2.56545  -4.23473  -0.40669    10.03764     9.51406     0.52358
  -4.13709  -3.54291  -1.38575     4.34425     5.03977    -0.69553
  -3.10962  -3.87675  -1.38575     3.79643     4.47665    -0.68021
  -2.03520  -3.76382  -1.38575     4.12776     4.51376    -0.38600
  -4.68830  -0.74962  -2.18388    -7.34061    -8.05416     0.71355
  -4.68830  -1.83619  -2.18388    -1.70996    -1.34333    -0.36664
  -4.10086  -2.75026  -2.18388    -0.80572     0.37976    -1.18548
  -3.11249  -3.20164  -2.18388    -1.21360     0.21448    -1.42808
  -2.03698  -3.04700  -2.18388    -1.30585    -0.18559    -1.12026
  -3.86411  -1.29291  -2.70483    -6.50037    -6.44374    -0.05663
  -3.35108  -2.18150  -2.70483    -4.76405    -3.60070    -1.16336
  -2.32502  -2.18150  -2.70483    -4.62977    -3.64112    -0.98864
  -2.83805  -1.29291  -2.88575    -6.46962    -6.49120     0.02157
  -2.42935   0.01383   2.98341     3.10366     3.29394    -0.19028
  -1.91632   0.90243   2.80249    -0.06840     0.63339    -0.70179
  -2.94238   0.90243   2.80249    -2.60856    -2.49559    -0.11297
  -3.45541   0.01383   2.80249     0.76305     0.93572    -0.17267
  -1.91632   0.90243  -2.83566    -9.36307    -9.85389     0.49082
  -3.45541   0.01383  -2.83566   -11.24936   -12.51238     1.26302
  -1.91632  -0.87476  -2.83566    -5.06588    -5.88094     0.81505
  -2.42935   0.01383  -3.01659    -7.80998    -9.00047     1.19048
  -2.68255   1.86478   2.41637    -6.48406    -5.99422    -0.48984
  -3.75406   1.86478   2.41637   -10.51016   -10.22986    -0.28029
  -4.28982   0.93682   2.41637    -8.16453    -7.94136    -0.22316
  -3.21831   2.91672   1.80941   -11.01091   -10.66327    -0.34764
  -4.20825   2.65146   1.80941   -14.37311   -14.21525    -0.15786
  -4.93295   1.92677   1.80941   -14.37562   -14.17218    -0.20343
  -5.19821   0.93682   1.80941   -10.72790   -10.39587    -0.33203
  -3.48871   3.50951   0.90102   -13.31889   -13.18624    -0.13265
  -4.51174   3.17711   0.90102   -16.78400   -16.86151     0.07751
  -5.31112   2.45734   0.90102   -17.30797   -17.34673     0.03876
  -5.74864   1.47466   0.90102   -15.21334   -14.95027    -0.26307
  -5.74864   0.39898   0.90102    -8.81400    -8.57708    -0.23692
  -3.98456   3.62993  -0.17049   -16.62461   -16.66364     0.03903
  -4.90568   3.17127  -0.17049   -18.60126   -18.89185     0.29058
  -5.59891   2.41083  -0.17049   -18.62950   -18.82136     0.19186
  -5.97063   1.45132  -0.17049   -16.64469   -16.51386    -0.13083
  -5.97063   0.42232  -0.17049   -11.25313   -11.12758    -0.12555
  -3.48871   3.50951  -1.24200   -16.14833   -15.98623    -0.16210
  -4.51174   3.17711  -1.24200   -18.76316   -19.02269     0.25953
  -5.31112   2.45734  -1.24200   -19.18610   -19.53544     0.34934
  -5.74864   1.47466  -1.24200   -17.63113   -17.75261     0.12148
  -5.74864   0.39898  -1.24200   -13.15574   -13.29220     0.13647
  -2.22836   2.65146  -2.15039   -12.47740   -11.88913    -0.58827
  -3.21831   2.91672  -2.15039   -16.28638   -16.07640    -0.20999
  -4.20825   2.65146  -2.15039   -18.39607   -18.62347     0.22740
  -4.93295   1.92677  -2.15039   -18.44690   -18.82840     0.38150
  -5.19821   0.93682  -2.15039   -16.35039   -16.72339     0.37300
  -4.93295  -0.05313  -2.15039   -12.08646   -12.79186     0.70540
  -2.68255   1.86478  -2.75735   -14.32981   -14.37693     0.04712
  -3.75406   1.86478  -2.75735   -16.82604   -17.14310     0.31706
  -4.28982   0.93682  -2.75735   -15.71033   -16.33251     0.62218
  -3.75406   0.00886  -2.75735   -11.99484   -13.17045     1.17561
  -3.21831   0.93682  -2.97049   -13.72489   -14.47976     0.75488
  -0.96346   0.25777   2.99964     1.47402     2.49275    -1.01873
  -1.47649   1.14636  -2.81944    -8.36658    -8.39353     0.02695
  -0.38863   1.50109   3.08259     0.22339     0.98140    -0.75801
   0.12440   2.38968   2.90167     1.92457     2.45532    -0.53075
  -0.90166   2.38968   2.90167     0.76305     1.46220    -0.69915
  -1.41469   1.50109   2.90167    -0.66014     0.34132    -1.00146
  -0.66306   3.40983   2.38073     3.69227     3.92267    -0.23040
  -1.65144   2.95845   2.38073     0.10542     0.64736    -0.54194
  -2.23888   2.04437   2.38073    -4.22816    -3.50246    -0.72570
  -0.66306   3.40983  -2.21554    -0.56601    -0.61110     0.04509
  -1.65144   2.95845  -2.21554    -6.54053    -6.14587    -0.39466
   0.12440   2.38968  -2.73649    -2.19377    -2.35399     0.16022
  -0.90166   2.38968  -2.73649    -4.92344    -4.77995    -0.14349
  -1.41469   1.50109  -2.73649    -8.51468    -8.31938    -0.19530
  -0.38863   1.50109  -2.91741    -5.07906    -5.25735     0.17829
   1.03272   1.47768   3.09506     0.52209     1.12791    -0.60582
   2.05878   1.47768   2.91414     0.78250     1.48026    -0.69775
   1.54575   2.36628   2.91414     2.61420     3.36974    -0.75554
   0.51969   2.36628   2.91414     2.11157     2.67830    -0.56673
   2.65496   2.52023   2.39320     4.26330     4.96593    -0.70263
   1.83379   3.23178   2.39320     5.90361     6.35554    -0.45193
   0.75829   3.38642   2.39320     5.50200     5.69045    -0.18845
   0.76115   4.06152   1.59506     8.63516     8.16455     0.47061
   0.76115   4.06152  -1.40494     6.42130     5.89256     0.52875
   2.65496   2.52023  -2.20307     1.99485     2.40244    -0.40759
   1.83379   3.23178  -2.20307     3.32078     3.55242    -0.23164
   0.75829   3.38642  -2.20307     2.49812     2.37735     0.12077
   2.05878   1.47768  -2.72401    -1.68988    -1.82394     0.13406
   1.54575   2.36628  -2.72401    -0.23594    -0.06965    -0.16630
   0.51969   2.36628  -2.72401    -1.55560    -1.69452     0.13892
   1.03272   1.47768  -2.90494    -2.75728    -3.16849     0.41121
   1.52280   0.20134   3.01649    -0.35831    -0.38378     0.02548
   3.18735  -0.27028   3.38977    -1.10253    -0.05330    -1.04924
   4.23801  -0.27028   3.22336    -1.38366    -0.09270    -1.29096
   3.71268   0.63961   3.22336    -0.92558     0.37185    -1.29743
   2.66202   0.63961   3.22336    -0.40223     0.29689    -0.69912
   2.13669  -0.27028   3.22336    -0.44741    -0.17393    -0.27348
   2.66202  -1.18018   3.22336    -0.72979    -0.01386    -0.71593
   3.71268  -1.18018   3.22336    -1.34099    -0.19019    -1.15080
   5.18582  -0.27028   2.74043    -0.90299    -0.19617    -0.70681
   4.91807   0.72895   2.74043    -0.90863     0.28437    -1.19300
   4.18658   1.46044   2.74043    -0.23469     1.12265    -1.35733
   3.18735   1.72819   2.74043     1.06363     2.03078    -0.96715
   2.18811  -2.00101   2.74043     0.05648     0.53477    -0.47829
   3.18735  -2.26875   2.74043    -0.74987     0.03724    -0.78711
   4.18658  -2.00101   2.74043    -1.10881    -0.30046    -0.80835
   4.91807  -1.26952   2.74043    -0.95256    -0.37741    -0.57515
   5.93800  -0.27028   1.98824     0.10354    -0.32323     0.42677
   5.72862   0.78235   1.98824    -0.26481     0.13610    -0.40091
   5.13236   1.67472   1.98824    -0.13554     1.00511    -1.14066
   4.23998   2.27099   1.98824     1.44955     2.60035    -1.15080
   3.18735  -3.02094   1.98824    -0.25351     0.13790    -0.39141
   4.23998  -2.81156   1.98824    -0.67018    -0.34267    -0.32751
   5.13236  -2.21529   1.98824    -0.28112    -0.53930     0.25818
   5.72862  -1.32292   1.98824     0.15437    -0.52923     0.68360
   6.42094  -0.27028   1.04043     1.05861    -0.45965     1.51826
   6.24573   0.77966   1.04043     0.45181    -0.04279     0.49460
   5.73911   1.71583   1.04043     0.11985     0.72274    -0.60289
   4.95595   2.43677   1.04043     1.09375     2.17795    -1.08420
   3.98115   2.86436   1.04043     4.69252     5.22713    -0.53461
   2.92032  -3.49283   1.04043     0.48883     0.25560     0.23323
   3.98115  -3.40493   1.04043    -0.34074    -0.34795     0.00721
   4.95595  -2.97734   1.04043    -0.02385    -0.63425     0.61040
   5.73911  -2.25640   1.04043     0.74109    -0.72605     1.46714
   6.24573  -1.32023   1.04043     1.22302    -0.66913     1.89214
   6.58735  -0.27028  -0.01023     1.40374    -0.60482     2.00855
   6.43629   0.73188  -0.01023     0.73230    -0.23593     0.96823
   5.99656   1.64500  -0.01023     0.19076     0.40678    -0.21602
   5.30721   2.38794  -0.01023     0.62249     1.56916    -0.94667
   4.42951   2.89469  -0.01023     3.12186     3.87955    -0.75769
   3.44143  -3.66078  -0.01023    -0.07467    -0.36274     0.28807
   4.42951  -3.43526  -0.01023    -0.27359    -0.70697     0.43338
   5.30721  -2.92851  -0.01023     0.37651    -0.86253     1.23903
   5.99656  -2.18557  -0.01023     1.19980    -0.88957     2.08937
   6.43629  -1.27245  -0.01023     1.62337    -0.80733     2.43070
   6.42094  -0.27028  -1.06089     0.89169    -0.76712     1.65882
   6.24573   0.77966  -1.06089     0.22465    -0.38546     0.61011
   5.73911   1.71583  -1.06089    -0.23218     0.28810    -0.52028
   4.95595   2.43677  -1.06089     0.47377     1.52316    -1.04939
   3.98115   2.86436  -1.06089     3.33710     3.95521    -0.61811
   2.92032  -3.49283  -1.06089    -0.05710    -0.62041     0.56331
   3.98115  -3.40493  -1.06089    -0.69779    -0.91639     0.21859
   4.95595  -2.97734  -1.06089    -0.26167    -1.05076     0.78909
   5.73911  -2.25640  -1.06089     0.56852    -1.06629     1.63481
   6.24573  -1.32023  -1.06089     1.07241    -0.97669     2.04910
   5.93800  -0.27028  -2.00870    -0.28865    -0.96408     0.67543
   5.72862   0.78235  -2.00870    -0.78501    -0.58643    -0.19859
   5.13236   1.67472  -2.00870    -0.93624     0.05821    -0.99445
   4.23998   2.27099  -2.00870     0.05773     1.11926    -1.06153
   3.18735   2.48037  -2.00870     1.97854     2.51324    -0.53470
   3.18735  -3.02094  -2.00870    -1.21862    -1.27159     0.05297
   4.23998  -2.81156  -2.00870    -1.29455    -1.30386     0.00931
   5.13236  -2.21529  -2.00870    -0.72101    -1.28167     0.56066
   5.72862  -1.32292  -2.00870    -0.21335    -1.17765     0.96430
   5.18582  -0.27028  -2.76089    -1.61835    -1.22631    -0.39204
   4.91807   0.72895  -2.76089    -1.82605    -0.89495    -0.93110
   4.18658   1.46044  -2.76089    -1.59952    -0.47342    -1.12611
   3.18735   1.72819  -2.76089    -0.98080    -0.35586    -0.62494
   2.18811   1.46044  -2.76089    -1.61709    -1.70500     0.08791
   3.18735  -2.26875  -2.76089    -2.09902    -1.79006    -0.30896
   4.18658  -2.00101  -2.76089    -2.01242    -1.60179    -0.41063
   4.91807  -1.26952  -2.76089    -1.66290    -1.44511    -0.21779
   4.23801  -0.27028  -3.24382    -2.53577    -1.60670    -0.92907
   3.71268   0.63961  -3.24382    -2.43536    -1.49141    -0.94395
   2.66202   0.63961  -3.24382    -2.43411    -2.28844    -0.14567
   2.13669  -0.27028  -3.24382    -2.81062    -3.15631     0.34570
   2.66202  -1.18018  -3.24382    -2.69327    -2.48333    -0.20994
   3.71268  -1.18018  -3.24382    -2.64558    -1.91620    -0.72938
   3.18735  -0.27028  -3.41023    -2.79995    -2.19743    -0.60251
   0.26213  -0.99454   3.41219     1.68612     2.86797    -1.18185
   1.34369  -0.99454   3.24088     0.33948     0.93810    -0.59861
   0.80291  -0.05788   3.24088     0.23845     0.62554    -0.38709
  -0.27865  -0.05788   3.24088     1.29706     2.14864    -0.85158
  -0.81943  -0.99454   3.24088     4.46034     5.53530    -1.07496
  -0.27865  -1.93120   3.24088     4.53940     6.00305    -1.46364
   0.80291  -1.93120   3.24088     1.71749     3.09365    -1.37616
  -0.76650  -2.77617   2.74375     9.34048    10.19490    -0.85442
   0.26213  -3.05178   2.74375     4.56576     5.96053    -1.39477
   1.29075  -2.77617   2.74375     1.84049     2.92270    -1.08222
   2.04376  -2.02316   2.74375     0.24222     0.74447    -0.50225
  -0.82146  -3.61056   1.96944    12.02120    12.02658    -0.00538
   0.26213  -3.82610   1.96944     5.69590     6.50752    -0.81162
   1.34572  -3.61056   1.96944     2.72276     3.30629    -0.58352
   2.26434  -2.99675   1.96944     0.94064     1.03649    -0.09586
  -1.07499  -4.04287   0.99375    13.90687    12.97688     0.92999
  -0.01275  -4.31187   0.99375     6.88566     7.00978    -0.12412
   1.07928  -4.22138   0.99375     3.67344     3.77963    -0.10619
   2.08275  -3.78121   0.99375     2.02121     1.56832     0.45289
  -0.51670  -4.40678  -0.08781     7.32994     7.01732     0.31262
   0.52368  -4.48475  -0.08781     4.18172     4.11855     0.06317
   1.54082  -4.25260  -0.08781     2.56902     2.09659     0.47243
   2.44434  -3.73095  -0.08781     1.38617     0.41561     0.97056
  -1.07499  -4.04287  -1.16937     5.25727     5.16494     0.09233
  -0.01275  -4.31187  -1.16937     3.27748     3.42413    -0.14665
   1.07928  -4.22138  -1.16937     1.88065     1.77811     0.10253
   2.08275  -3.78121  -1.16937     1.00904     0.28002     0.72901
  -1.74009  -2.99675  -2.14506    -0.87036     0.04533    -0.91569
  -0.82146  -3.61056  -2.14506     1.02535     1.66149    -0.63614
   0.26213  -3.82610  -2.14506     0.55786     1.20508    -0.64723
   1.34572  -3.61056  -2.14506    -0.02008     0.16442    -0.18450
   2.26434  -2.99675  -2.14506    -0.70218    -1.08454     0.38236
   1.29075   0.78709  -2.91937    -3.15951    -4.03290     0.87339
   0.26213   1.06271  -2.91937    -4.22816    -4.91619     0.68803
  -1.79512  -0.99454  -2.91937    -4.83684    -5.33672     0.49988
  -1.51950  -2.02316  -2.91937    -3.46825    -2.84872    -0.61952
  -0.76650  -2.77617  -2.91937    -1.84237    -0.79263    -1.04974
   0.26213  -3.05178  -2.91937    -1.54054    -0.42706    -1.11348
   1.29075  -2.77617  -2.91937    -1.69679    -1.06414    -0.63265
   2.04376  -2.02316  -2.91937    -2.14608    -2.11302    -0.03307
   1.34369  -0.99454  -3.41651    -3.14194    -2.94573    -0.19621
   0.80291  -0.05788  -3.41651    -3.64771    -3.81678     0.16906
  -0.27865  -0.05788  -3.41651    -4.60529    -4.51272    -0.09258
  -0.81943  -0.99454  -3.41651    -4.28589    -3.79576    -0.49013
  -0.27865  -1.93120  -3.41651    -3.30070    -2.15743    -1.14327
   0.80291  -1.93120  -3.41651    -2.97565    -2.00908    -0.96657
   0.26213  -0.99454  -3.58781    -3.85103    -3.12645    -0.72457
  -4.87707  -1.42388   2.38111     8.65022     8.97135    -0.32113
  -5.06453  -0.00580   1.71516    -2.78426    -2.64170    -0.14256
  -5.63614  -0.89524   1.71516     5.72916     5.55284     0.17632
  -5.63614  -1.95252   1.71516    10.66264    10.36873     0.29392
  -5.06453  -2.84197   1.71516    13.41615    13.07296     0.34319
  -5.94386  -0.40867   0.75283     0.67395     0.31857     0.35538
  -6.17558  -1.42388   0.75283     7.72150     7.12532     0.59618
  -5.94386  -2.43909   0.75283    11.25501    10.67398     0.58103
  -5.29461  -3.25323   0.75283    13.06036    12.50428     0.55608
  -5.94386  -0.40867  -0.31527    -2.12726    -2.63912     0.51186
  -6.17558  -1.42388  -0.31527     5.75928     5.08307     0.67622
  -5.94386  -2.43909  -0.31527     9.30973     8.78445     0.52528
  -5.29461  -3.25323  -0.31527    10.61244    10.29548     0.31696
  -5.63614  -0.89524  -1.27759    -1.02661    -1.69879     0.67219
  -5.63614  -1.95252  -1.27759     4.76342     4.45033     0.31310
  -5.06453  -2.84197  -1.27759     6.19352     6.43580    -0.24228
  -2.76874  -2.87887   2.73010    14.22690    14.05410     0.17280
  -1.72742  -2.87887   2.73010    13.90812    13.72994     0.17819
  -2.51512  -3.83435   2.06415    15.69903    14.76184     0.93720
  -1.46860  -3.68388   2.06415    14.93535    14.23644     0.69892
  -2.76874  -4.25822   1.10183    15.25727    14.05055     1.20671
  -1.72742  -4.25822   1.10183    14.83872    13.66486     1.17386
  -1.72742  -4.25822   0.03373    12.42594    11.39078     1.03516
  -1.51315   3.30110   2.29820     1.29079     1.63058    -0.33979
  -0.21301   4.10611   1.63225     7.04254     6.63081     0.41173
  -1.25953   4.25658   1.63225     3.83659     3.51527     0.32133
  -2.22127   3.81737   1.63225    -1.07555    -1.17447     0.09892
  -0.47183   4.68045   0.66992     6.90762     6.14530     0.76232
  -1.51315   4.68045   0.66992     3.29003     2.63853     0.65150
  -2.45135   4.22864   0.66992    -2.26782    -2.66935     0.40153
  -0.47183   4.68045  -0.39818     6.18160     5.40169     0.77990
  -1.51315   4.68045  -0.39818     2.35002     1.71150     0.63852
  -2.45135   4.22864  -0.39818    -3.84350    -4.18225     0.33876
  -1.25953   4.25658  -1.36050     1.17470     0.83483     0.33987
  -2.22127   3.81737  -1.36050    -5.56726    -5.53843    -0.02884
   2.18636   3.25641   2.31980     6.11571     6.49924    -0.38354
   3.24423   3.36905   1.65385     6.76016     6.77585    -0.01569
   2.44519   4.06143   1.65385     7.96686     7.65179     0.31507
   1.39866   4.21189   1.65385     8.33960     7.95830     0.38130
   3.77381   3.36981   0.69152     6.72565     6.63363     0.09201
   3.12456   4.18395   0.69152     8.27058     7.66520     0.60537
   2.18636   4.63576   0.69152     8.90561     8.14199     0.76362
   1.14504   4.63576   0.69152     9.31601     8.48122     0.83478
   3.77381   3.36981  -0.37658     6.37299     6.29407     0.07892
   3.12456   4.18395  -0.37658     7.93486     7.34058     0.59427
   2.18636   4.63576  -0.37658     8.53413     7.77679     0.75734
   1.14504   4.63576  -0.37658     8.85102     8.00049     0.85053
   3.24423   3.36905  -1.33891     5.73606     5.73530     0.00077
   2.44519   4.06143  -1.33891     6.90449     6.58285     0.32164
   1.39866   4.21189  -1.33891     7.03940     6.59904     0.44036
