   13  912    0
                  -5.3631387E+00  -2.4432362E+00   2.1590497E-01
                  -4.5908039E+00   2.6136800E-02  -3.1344885E-02
                  -6.0817165E+00   1.7703293E+00  -3.2218127E-01
                  -1.8206716E+00   4.8711278E-01  -6.8408081E-04
                  -7.3440421E-01   2.8366507E+00   1.5607625E-01
                   1.9515578E+00   2.7924122E+00   1.7964302E-01
                   2.8776653E+00   3.8047554E-01   3.1169140E-02
                   6.0232125E+00  -5.1076270E-01  -1.9331897E-02
                   4.9535198E-01  -1.8794024E+00  -1.6594440E-01
                  -7.2485221E+00  -2.6907468E+00   4.1343803E-01
                  -4.2482571E+00  -3.7360903E+00   1.0729430E+00
                  -1.8755398E+00   4.5339931E+00   2.5676085E-01
                   3.1477222E+00   4.4495450E+00   2.9757515E-01
   1.7296000E-02  -5.3631387E+00  -2.4432362E+00   4.1843295E+00
   5.4130000E-03  -6.3552449E+00  -7.2485732E-01   3.6526627E+00
   1.9040000E-02  -7.3473510E+00  -2.4432362E+00   3.6526627E+00
   3.1460000E-02  -6.3552449E+00  -4.1616132E+00   3.6526627E+00
   3.0715000E-02  -6.7703610E+00  -6.1537774E+00   2.1590497E-01
   1.0908000E-02  -7.6137362E+00  -5.0405625E+00  -1.7683073E+00
   3.1750000E-03  -5.8522395E+00  -5.8450113E+00  -1.7683073E+00
   6.5820000E-03  -3.9354583E+00  -5.5694193E+00  -1.7683073E+00
  -3.8230000E-03  -3.3789264E+00  -2.4432362E+00  -3.2208509E+00
  -1.3021000E-02  -7.3473510E+00  -2.4432362E+00  -3.2208509E+00
  -1.6416000E-02  -6.3552449E+00  -4.1616132E+00  -3.2208509E+00
  -1.6856000E-02  -4.3710326E+00  -4.1616132E+00  -3.2208509E+00
  -1.9490000E-02  -5.3631387E+00  -2.4432362E+00  -3.7525196E+00
   1.2671000E-02  -4.5908039E+00   2.6136800E-02   3.9370797E+00
   1.9880000E-03  -3.5986978E+00   1.7445138E+00   3.4054128E+00
  -1.4039000E-02  -5.5829101E+00   1.7445138E+00   3.4054128E+00
  -1.2450000E-03  -6.5750162E+00   2.6136800E-02   3.4054128E+00
  -1.7932000E-02  -3.5986978E+00   1.7445138E+00  -3.4681007E+00
  -4.8900000E-04  -3.5986978E+00  -1.6922421E+00  -3.4681007E+00
  -8.9030000E-03  -4.5908039E+00   2.6136800E-02  -3.9997695E+00
  -2.0469000E-02  -6.0817165E+00   1.7703293E+00   3.3816817E+00
  -2.7478000E-02  -5.1557508E+00   3.3741492E+00   2.8854585E+00
  -4.1085000E-02  -7.0076822E+00   3.3741492E+00   2.8854585E+00
  -3.5701000E-02  -7.9336480E+00   1.7703293E+00   2.8854585E+00
  -3.2474000E-02  -5.0905004E+00   4.8209763E+00   1.5297502E+00
  -4.8458000E-02  -7.0729307E+00   4.8209763E+00   1.5297502E+00
  -5.1257000E-02  -8.6767506E+00   3.6557335E+00   1.5297502E+00
  -4.4639000E-02  -9.2893563E+00   1.7703293E+00   1.5297502E+00
  -4.7572000E-02  -6.0817165E+00   5.4741923E+00  -3.2218127E-01
  -5.4249000E-02  -7.9336480E+00   4.9779691E+00  -3.2218127E-01
  -5.5237000E-02  -9.2893563E+00   3.6222608E+00  -3.2218127E-01
  -4.9934000E-02  -9.7855794E+00   1.7703293E+00  -3.2218127E-01
  -2.2695000E-02  -9.2893563E+00  -8.1602148E-02  -3.2218127E-01
  -4.4894000E-02  -5.0905004E+00   4.8209763E+00  -2.1741127E+00
  -5.4227000E-02  -7.0729307E+00   4.8209763E+00  -2.1741127E+00
  -5.5600000E-02  -8.6767506E+00   3.6557335E+00  -2.1741127E+00
  -5.1331000E-02  -9.2893563E+00   1.7703293E+00  -2.1741127E+00
  -3.1834000E-02  -8.6767506E+00  -1.1507297E-01  -2.1741127E+00
  -4.4308000E-02  -5.1557508E+00   3.3741492E+00  -3.5298211E+00
  -5.1797000E-02  -7.0076822E+00   3.3741492E+00  -3.5298211E+00
  -4.8438000E-02  -7.9336480E+00   1.7703293E+00  -3.5298211E+00
  -3.2508000E-02  -7.0076822E+00   1.6650943E-01  -3.5298211E+00
  -4.0348000E-02  -6.0817165E+00   1.7703293E+00  -4.0260442E+00
   4.1900000E-04  -1.8206716E+00   4.8711278E-01   3.9677405E+00
   2.5074000E-02  -2.8127778E+00  -1.2312661E+00   3.4360718E+00
  -1.8082000E-02  -2.8127778E+00   2.2054898E+00  -3.4374399E+00
   4.3070000E-03  -2.8127778E+00  -1.2312661E+00  -3.4374399E+00
  -1.0063000E-02  -1.8206716E+00   4.8711278E-01  -3.9691087E+00
  -1.3220000E-03  -7.3440421E-01   2.8366507E+00   4.1245008E+00
   8.4150000E-03   2.5770193E-01   4.5550295E+00   3.5928321E+00
   5.9850000E-03  -1.7265104E+00   4.5550295E+00   3.5928321E+00
  -2.9380000E-03  -2.7186165E+00   2.8366507E+00   3.5928321E+00
  -2.0500000E-04   2.5770193E-01   1.1182718E+00   3.5928321E+00
   1.3970000E-03   2.5770193E-01   4.5550295E+00  -3.2806815E+00
  -4.6060000E-03  -1.7265104E+00   4.5550295E+00  -3.2806815E+00
  -1.8473000E-02  -2.7186165E+00   2.8366507E+00  -3.2806815E+00
  -1.0119000E-02  -7.3440421E-01   2.8366507E+00  -3.8123483E+00
  -1.4470000E-03   1.9515578E+00   2.7924122E+00   4.1480676E+00
   2.6010000E-03   3.9357701E+00   2.7924122E+00   3.6164007E+00
   1.0086000E-02   2.9436640E+00   4.5107911E+00   3.6164007E+00
   8.2780000E-03   9.5945168E-01   4.5107911E+00   3.6164007E+00
  -5.0400000E-04   9.5945168E-01   1.0740333E+00   3.6164007E+00
   2.0024000E-02   1.4624571E+00   6.1941873E+00  -1.8045693E+00
  -9.0700000E-04   3.9357701E+00   2.7924122E+00  -3.2571128E+00
   4.3900000E-03   2.9436640E+00   4.5107911E+00  -3.2571128E+00
   2.0290000E-03   9.5945168E-01   4.5107911E+00  -3.2571128E+00
  -6.2380000E-03   1.9515578E+00   2.7924122E+00  -3.7887816E+00
  -1.4190000E-03   2.8776653E+00   3.8047554E-01   3.9995937E+00
  -2.4980000E-03   3.8697714E+00   2.0988544E+00  -3.4055886E+00
  -2.8900000E-03   2.8776653E+00   3.8047554E-01  -3.9372554E+00
  -6.8370000E-03   6.0232125E+00  -5.1076270E-01   4.4782160E+00
  -7.3150000E-03   7.9746248E+00  -5.1076270E-01   4.0328170E+00
  -6.7160000E-03   6.9989177E+00   1.1792098E+00   4.0328170E+00
  -1.5760000E-03   5.0475054E+00   1.1792098E+00   4.0328170E+00
   3.5200000E-04   4.0717983E+00  -5.1076270E-01   4.0328170E+00
  -4.0040000E-03   5.0475054E+00  -2.2007371E+00   4.0328170E+00
  -7.8580000E-03   6.9989177E+00  -2.2007371E+00   4.0328170E+00
  -1.3200000E-04   9.5395371E+00  -5.1076270E-01   2.7848419E+00
  -4.8810000E-03   8.8679776E+00   1.5560797E+00   2.7848419E+00
  -1.9190000E-03   7.1098162E+00   2.8334608E+00   2.7848419E+00
  -1.8130000E-03   4.9366087E+00  -3.8549862E+00   2.7848419E+00
  -5.8590000E-03   7.1098162E+00  -3.8549862E+00   2.7848419E+00
  -8.9500000E-04   8.8679776E+00  -2.5776070E+00   2.7848419E+00
   7.2560000E-03   1.0407997E+01  -5.1076270E-01   9.8146510E-01
  -4.1000000E-05   9.9057471E+00   1.5269477E+00   9.8146510E-01
  -3.3660000E-03   8.5140546E+00   3.0978448E+00   9.8146510E-01
   1.0221000E-02   6.5517386E+00   3.8420510E+00   9.8146510E-01
   4.9820000E-03   4.4683459E+00  -4.6106083E+00   9.8146510E-01
  -4.5270000E-03   6.5517386E+00  -4.8635783E+00   9.8146510E-01
   4.3500000E-04   8.5140546E+00  -4.1193702E+00   9.8146510E-01
   7.6560000E-03   9.9057471E+00  -2.5484750E+00   9.8146510E-01
   7.2980000E-03   1.0407997E+01  -5.1076270E-01  -1.0201308E+00
  -2.1800000E-04   9.9057471E+00   1.5269477E+00  -1.0201308E+00
  -4.0470000E-03   8.5140546E+00   3.0978448E+00  -1.0201308E+00
   7.5870000E-03   6.5517386E+00   3.8420510E+00  -1.0201308E+00
   5.2960000E-03   4.4683459E+00  -4.6106083E+00  -1.0201308E+00
  -4.6680000E-03   6.5517386E+00  -4.8635783E+00  -1.0201308E+00
   4.4400000E-04   8.5140546E+00  -4.1193702E+00  -1.0201308E+00
   7.7530000E-03   9.9057471E+00  -2.5484750E+00  -1.0201308E+00
  -3.1000000E-04   9.5395371E+00  -5.1076270E-01  -2.8235076E+00
  -5.7810000E-03   8.8679776E+00   1.5560797E+00  -2.8235076E+00
  -4.5530000E-03   7.1098162E+00   2.8334608E+00  -2.8235076E+00
   3.3700000E-03   4.9366087E+00   2.8334608E+00  -2.8235076E+00
  -2.5310000E-03   4.9366087E+00  -3.8549862E+00  -2.8235076E+00
  -6.3280000E-03   7.1098162E+00  -3.8549862E+00  -2.8235076E+00
  -9.7300000E-04   8.8679776E+00  -2.5776070E+00  -2.8235076E+00
  -8.3400000E-03   7.9746248E+00  -5.1076270E-01  -4.0714827E+00
  -8.8530000E-03   6.9989177E+00   1.1792098E+00  -4.0714827E+00
  -4.4720000E-03   5.0475054E+00   1.1792098E+00  -4.0714827E+00
  -1.8670000E-03   4.0717983E+00  -5.1076270E-01  -4.0714827E+00
  -5.9050000E-03   5.0475054E+00  -2.2007371E+00  -4.0714827E+00
  -8.9600000E-03   6.9989177E+00  -2.2007371E+00  -4.0714827E+00
  -8.9620000E-03   6.0232125E+00  -5.1076270E-01  -4.5168797E+00
  -5.9500000E-04   4.9535198E-01  -1.8794024E+00   4.4638843E+00
   2.9200000E-04   2.5041591E+00  -1.8794024E+00   4.0053876E+00
  -3.2600000E-04   1.4997546E+00  -1.3972445E-01   4.0053876E+00
   8.8900000E-04  -5.0905250E-01  -1.3972445E-01   4.0053876E+00
   1.2147000E-02  -1.5134570E+00  -1.8794024E+00   4.0053876E+00
   8.0270000E-03  -5.0905250E-01  -3.6190804E+00   4.0053876E+00
  -9.4900000E-04   1.4997546E+00  -3.6190804E+00   4.0053876E+00
   1.0866000E-02  -1.9792990E-02  -5.4623040E+00   2.7207065E+00
   3.1530000E-03   1.9990485E+00  -5.1720383E+00   2.7207065E+00
   5.0380000E-03   3.5404753E+00  -3.8363838E+00   2.7207065E+00
   1.7516000E-02  -5.0905250E-01  -6.2799828E+00   8.6428886E-01
   7.1910000E-03   1.4997546E+00  -6.2799828E+00   8.6428886E-01
   8.2890000E-03   3.3096283E+00  -5.4083939E+00   8.6428886E-01
   2.3632000E-02  -2.3189262E+00  -5.4083939E+00  -1.1961777E+00
   1.0713000E-02  -5.0905250E-01  -6.2799828E+00  -1.1961777E+00
   5.2670000E-03   1.4997546E+00  -6.2799828E+00  -1.1961777E+00
   7.5210000E-03   3.3096283E+00  -5.4083939E+00  -1.1961777E+00
  -1.1790000E-03  -2.9777697E+00  -2.8992025E+00  -3.0525953E+00
   2.2540000E-03  -1.8750787E+00  -4.6150227E+00  -3.0525953E+00
  -7.7100000E-04  -1.9792990E-02  -5.4623040E+00  -3.0525953E+00
  -9.2100000E-04   1.9990485E+00  -5.1720383E+00  -3.0525953E+00
   2.5460000E-03   3.5404753E+00  -3.8363838E+00  -3.0525953E+00
  -5.0570000E-03   2.5041591E+00  -1.8794024E+00  -4.3372764E+00
  -6.2110000E-03   1.4997546E+00  -1.3972445E-01  -4.3372764E+00
  -8.7890000E-03  -5.0905250E-01  -1.3972445E-01  -4.3372764E+00
  -6.8890000E-03  -1.5134570E+00  -1.8794024E+00  -4.3372764E+00
  -8.1350000E-03  -5.0905250E-01  -3.6190804E+00  -4.3372764E+00
  -7.9950000E-03   1.4997546E+00  -3.6190804E+00  -4.3372764E+00
  -1.0579000E-02   4.9535198E-01  -1.8794024E+00  -4.7957731E+00
   1.8994000E-02  -8.7582015E+00  -1.5939026E+00   2.9818572E+00
   3.3913000E-02  -8.7582015E+00  -3.7875929E+00   2.9818572E+00
   2.1711000E-02  -1.0085789E+01  -1.6580664E+00   1.3944874E+00
   3.5033000E-02  -1.0085789E+01  -3.7234292E+00   1.3944874E+00
   3.8135000E-02  -8.7582015E+00  -5.3055871E+00   1.3944874E+00
   1.5617000E-02  -1.0085789E+01  -1.6580664E+00  -5.6760944E-01
   2.9590000E-02  -1.0085789E+01  -3.7234292E+00  -5.6760944E-01
   2.9638000E-02  -8.7582015E+00  -5.3055871E+00  -5.6760944E-01
   4.4500000E-04  -8.7582015E+00  -1.5939026E+00  -2.1549793E+00
   1.4246000E-02  -8.7582015E+00  -3.7875929E+00  -2.1549793E+00
   3.3464000E-02  -4.2482571E+00  -3.7360903E+00   4.2476826E+00
   3.6369000E-02  -2.3821924E+00  -3.7360903E+00   3.6413621E+00
   3.7571000E-02  -5.7579346E+00  -4.8329364E+00   3.6413621E+00
   4.2492000E-02  -3.6716110E+00  -5.5108246E+00   3.6413621E+00
   4.2184000E-02  -5.7579346E+00  -6.3509306E+00   2.0539923E+00
   4.3361000E-02  -3.7239507E+00  -6.7095779E+00   2.0539923E+00
   4.1345000E-02  -1.9352948E+00  -5.6768956E+00   2.0539923E+00
   3.4497000E-02  -3.7239507E+00  -6.7095779E+00   9.1895485E-02
   1.5813000E-02  -1.2988956E+00   6.3087255E+00   2.8251781E+00
   4.7270000E-03  -3.3852192E+00   5.6308373E+00   2.8251781E+00
   2.9314000E-02   4.3742054E-01   6.4747984E+00   1.2378083E+00
   1.9938000E-02  -1.3512353E+00   7.5074788E+00   1.2378083E+00
   1.0277000E-02  -3.3852192E+00   7.1488315E+00   1.2378083E+00
  -1.4813000E-02  -4.7128084E+00   5.5666736E+00   1.2378083E+00
   1.8076000E-02  -1.3512353E+00   7.5074788E+00  -7.2428851E-01
   7.1920000E-03  -3.3852192E+00   7.1488315E+00  -7.2428851E-01
  -2.4327000E-02  -4.7128084E+00   5.5666736E+00  -7.2428851E-01
   1.0406000E-02  -1.2988956E+00   6.3087255E+00  -2.3116583E+00
  -6.4310000E-03  -3.3852192E+00   5.6308373E+00  -2.3116583E+00
   1.5456000E-02   5.0137870E+00   4.4495450E+00   2.8659943E+00
   2.0894000E-02   3.7243684E+00   6.2242793E+00   2.8659943E+00
   1.7297000E-02   6.1670792E+00   4.4495450E+00   1.2786245E+00
   2.3894000E-02   5.4606826E+00   6.3903503E+00   1.2786245E+00
   2.5787000E-02   3.6720286E+00   7.4230308E+00   1.2786245E+00
   2.6479000E-02   1.6380428E+00   7.0643853E+00   1.2786245E+00
   1.6455000E-02   6.1670792E+00   4.4495450E+00  -6.8347232E-01
   2.3002000E-02   5.4606826E+00   6.3903503E+00  -6.8347232E-01
   2.4791000E-02   3.6720286E+00   7.4230308E+00  -6.8347232E-01
   2.5291000E-02   1.6380428E+00   7.0643853E+00  -6.8347232E-01
   1.3136000E-02   5.0137870E+00   4.4495450E+00  -2.2708421E+00
   1.8079000E-02   3.7243684E+00   6.2242793E+00  -2.2708421E+00
   1.6015000E-02  -5.3631387E+00  -2.4432362E+00   4.7512473E+00
   5.3570000E-03  -6.3470435E+00  -7.3906050E-01   4.3021086E+00
   1.5242000E-02  -7.3309501E+00  -2.4432362E+00   4.3021086E+00
   2.5366000E-02  -6.3470435E+00  -4.1474100E+00   4.3021086E+00
   3.2667000E-02  -6.3470435E+00  -6.7540073E+00   1.2251150E+00
   1.7463000E-02  -6.3470435E+00  -6.7540073E+00  -7.9330319E-01
   3.3750000E-03  -7.6851925E+00  -5.1230283E+00  -2.6118338E+00
  -5.2200000E-04  -5.8677693E+00  -5.9530167E+00  -2.6118338E+00
   6.6600000E-04  -3.8901294E+00  -5.6686753E+00  -2.6118338E+00
  -6.3460000E-03  -3.3953274E+00  -2.4432362E+00  -3.8702968E+00
  -1.2608000E-02  -7.3309501E+00  -2.4432362E+00  -3.8702968E+00
  -1.2143000E-02  -6.3470435E+00  -4.1474100E+00  -3.8702968E+00
  -1.2034000E-02  -4.3792321E+00  -4.1474100E+00  -3.8702968E+00
  -1.4808000E-02  -5.3631387E+00  -2.4432362E+00  -4.3194374E+00
   8.2670000E-03  -4.5908039E+00   2.6136800E-02   4.5039975E+00
  -1.2400000E-04  -3.6068973E+00   1.7303106E+00   4.0548588E+00
  -9.2840000E-03  -5.5747087E+00   1.7303106E+00   4.0548588E+00
  -4.2400000E-04  -6.5586153E+00   2.6136800E-02   4.0548588E+00
  -1.7996000E-02  -3.6068973E+00   1.7303106E+00  -4.1175466E+00
  -5.3430000E-03  -3.6068973E+00  -1.6780389E+00  -4.1175466E+00
  -1.2095000E-02  -4.5908039E+00   2.6136800E-02  -4.5666873E+00
  -1.4317000E-02  -6.0817165E+00   1.7703293E+00   3.9108049E+00
  -1.9304000E-02  -5.1634041E+00   3.3608928E+00   3.4916070E+00
  -2.9536000E-02  -7.0000288E+00   3.3608928E+00   3.4916070E+00
  -2.4733000E-02  -7.9183393E+00   1.7703293E+00   3.4916070E+00
  -2.2292000E-02  -5.0590308E+00   4.9178343E+00   2.3170422E+00
  -3.5963000E-02  -7.1044022E+00   4.9178343E+00   2.3170422E+00
  -3.8459000E-02  -8.7591426E+00   3.7155944E+00   2.3170422E+00
  -3.1343000E-02  -9.3911974E+00   1.7703293E+00   2.3170422E+00
  -2.9264000E-02  -5.5842782E+00   5.8670965E+00   6.1974698E-01
  -4.0658000E-02  -7.5451203E+00   5.6290081E+00   6.1974698E-01
  -4.3189000E-02  -9.1707117E+00   4.5069417E+00   6.1974698E-01
  -4.0621000E-02  -1.0088654E+01   2.7579511E+00   6.1974698E-01
  -2.7267000E-02  -1.0088654E+01   7.8270750E-01   6.1974698E-01
  -3.3903000E-02  -5.5842782E+00   5.8670965E+00  -1.2641095E+00
  -4.2939000E-02  -7.5451203E+00   5.6290081E+00  -1.2641095E+00
  -4.4970000E-02  -9.1707117E+00   4.5069417E+00  -1.2641095E+00
  -4.2846000E-02  -1.0088654E+01   2.7579511E+00  -1.2641095E+00
  -3.2101000E-02  -1.0088654E+01   7.8270750E-01  -1.2641095E+00
  -3.4980000E-02  -5.0590308E+00   4.9178343E+00  -2.9614047E+00
  -4.2861000E-02  -7.1044022E+00   4.9178343E+00  -2.9614047E+00
  -4.4235000E-02  -8.7591426E+00   3.7155944E+00  -2.9614047E+00
  -3.9871000E-02  -9.3911974E+00   1.7703293E+00  -2.9614047E+00
  -2.6328000E-02  -8.7591426E+00  -1.7493571E-01  -2.9614047E+00
  -3.4558000E-02  -5.1634041E+00   3.3608928E+00  -4.1359696E+00
  -4.0520000E-02  -7.0000288E+00   3.3608928E+00  -4.1359696E+00
  -3.7805000E-02  -7.9183393E+00   1.7703293E+00  -4.1359696E+00
  -2.7122000E-02  -7.0000288E+00   1.7976585E-01  -4.1359696E+00
  -3.2139000E-02  -6.0817165E+00   1.7703293E+00  -4.5551675E+00
   1.2470000E-03  -1.8206716E+00   4.8711278E-01   4.5346583E+00
   1.7051000E-02  -2.8045764E+00  -1.2170629E+00   4.0855177E+00
  -1.6903000E-02  -2.8045764E+00   2.1912866E+00  -4.0868858E+00
  -1.0246000E-02  -1.8206716E+00   4.8711278E-01  -4.5360265E+00
  -8.9800000E-04  -7.3440421E-01   2.8366507E+00   4.6914186E+00
   5.2720000E-03   2.4950241E-01   4.5408245E+00   4.2422780E+00
   2.9690000E-03  -1.7183089E+00   4.5408245E+00   4.2422780E+00
  -2.6860000E-03  -2.7022156E+00   2.8366507E+00   4.2422780E+00
  -1.6500000E-03   2.4950241E-01   1.1324769E+00   4.2422780E+00
  -1.5900000E-03   2.4950241E-01   4.5408245E+00  -3.9301274E+00
  -7.1040000E-03  -1.7183089E+00   4.5408245E+00  -3.9301274E+00
  -1.7364000E-02  -2.7022156E+00   2.8366507E+00  -3.9301274E+00
  -9.6590000E-03  -7.3440421E-01   2.8366507E+00  -4.3792661E+00
  -5.5800000E-04   1.9515578E+00   2.7924122E+00   4.7149854E+00
   1.3680000E-03   3.9193692E+00   2.7924122E+00   4.2658467E+00
   6.7780000E-03   2.9354644E+00   4.4965879E+00   4.2658467E+00
   5.3920000E-03   9.6765309E-01   4.4965879E+00   4.2658467E+00
  -1.8570000E-03   9.6765309E-01   1.0882384E+00   4.2658467E+00
   1.6835000E-02   1.4469273E+00   6.3021946E+00   3.0073836E+00
   1.1741000E-02   1.4469273E+00   6.3021946E+00  -2.6480957E+00
  -2.3820000E-03   3.9193692E+00   2.7924122E+00  -3.9065587E+00
   1.7310000E-03   2.9354644E+00   4.4965879E+00  -3.9065587E+00
  -7.1200000E-04   9.6765309E-01   4.4965879E+00  -3.9065587E+00
  -5.5300000E-03   1.9515578E+00   2.7924122E+00  -4.3556994E+00
  -1.6120000E-03   2.8776653E+00   3.8047554E-01   4.5665115E+00
  -3.7210000E-03   3.8615719E+00   2.0846512E+00  -4.0550345E+00
  -4.5310000E-03   2.8776653E+00   3.8047554E-01  -4.5041732E+00
  -4.6110000E-03   6.0232125E+00  -5.1076270E-01   5.1207228E+00
  -5.2190000E-03   7.9902264E+00  -5.1076270E-01   4.7294588E+00
  -4.3200000E-03   7.0067185E+00   1.1927213E+00   4.7294588E+00
  -1.8000000E-03   5.0397046E+00   1.1927213E+00   4.7294588E+00
  -1.2600000E-03   4.0561986E+00  -5.1076270E-01   4.7294588E+00
  -3.0610000E-03   5.0397046E+00  -2.2142467E+00   4.7294588E+00
  -5.3390000E-03   7.0067185E+00  -2.2142467E+00   4.7294588E+00
  -1.7970000E-03   9.6577791E+00  -5.1076270E-01   3.6152348E+00
  -3.3830000E-03   9.1708402E+00   1.3065206E+00   3.6152348E+00
  -2.5130000E-03   7.8404958E+00   2.6368651E+00   3.6152348E+00
   2.6540000E-03   6.0232125E+00   3.1238040E+00   3.6152348E+00
   1.7200000E-04   4.2059291E+00  -3.6583905E+00   3.6152348E+00
  -3.6390000E-03   6.0232125E+00  -4.1453313E+00   3.6152348E+00
  -3.7670000E-03   7.8404958E+00  -3.6583905E+00   3.6152348E+00
  -1.8810000E-03   9.1708402E+00  -2.3280460E+00   3.6152348E+00
   2.8880000E-03   1.0772003E+01  -5.1076270E-01   1.9476820E+00
  -2.7000000E-04   1.0361449E+01   1.4207451E+00   1.9476820E+00
  -1.9210000E-03   9.2007735E+00   3.0182760E+00   1.9476820E+00
   3.2590000E-03   7.4906697E+00   4.0056049E+00   1.9476820E+00
  -1.3360000E-03   5.5268287E+00  -5.2335394E+00   1.9476820E+00
  -2.7080000E-03   7.4906697E+00  -5.0271322E+00   1.9476820E+00
   3.7700000E-04   9.2007735E+00  -4.0398033E+00   1.9476820E+00
   3.3210000E-03   1.0361449E+01  -2.4422705E+00   1.9476820E+00
   5.0030000E-03   1.1163267E+01  -5.1076270E-01  -1.9331897E-02
   1.4410000E-03   1.0816170E+01   1.3460386E+00  -1.9331897E-02
  -1.4790000E-03   9.8217582E+00   2.9520695E+00  -1.9331897E-02
   9.0400000E-04   8.3143314E+00   4.0904253E+00  -1.9331897E-02
   3.0180000E-03   4.6165685E+00  -5.4545996E+00  -1.9331897E-02
  -2.3410000E-03   6.4974770E+00  -5.6288909E+00  -1.9331897E-02
  -1.0310000E-03   8.3143314E+00  -5.1119507E+00  -1.9331897E-02
   3.0090000E-03   9.8217582E+00  -3.9735949E+00  -1.9331897E-02
   5.7750000E-03   1.0816170E+01  -2.3675659E+00  -1.9331897E-02
   2.7260000E-03   1.0772003E+01  -5.1076270E-01  -1.9863458E+00
  -6.6600000E-04   1.0361449E+01   1.4207451E+00  -1.9863458E+00
  -2.8210000E-03   9.2007735E+00   3.0182760E+00  -1.9863458E+00
   1.0460000E-03   7.4906697E+00   4.0056049E+00  -1.9863458E+00
  -1.9270000E-03   5.5268287E+00  -5.2335394E+00  -1.9863458E+00
  -3.1000000E-03   7.4906697E+00  -5.0271322E+00  -1.9863458E+00
   1.9400000E-04   9.2007735E+00  -4.0398033E+00  -1.9863458E+00
   3.2220000E-03   1.0361449E+01  -2.4422705E+00  -1.9863458E+00
  -2.3930000E-03   9.6577791E+00  -5.1076270E-01  -3.6539005E+00
  -4.4400000E-03   9.1708402E+00   1.3065206E+00  -3.6539005E+00
  -4.5600000E-03   7.8404958E+00   2.6368651E+00  -3.6539005E+00
  -1.1260000E-03   6.0232125E+00   3.1238040E+00  -3.6539005E+00
  -1.6300000E-03   4.2059291E+00  -3.6583905E+00  -3.6539005E+00
  -4.9150000E-03   6.0232125E+00  -4.1453313E+00  -3.6539005E+00
  -4.5350000E-03   7.8404958E+00  -3.6583905E+00  -3.6539005E+00
  -2.3960000E-03   9.1708402E+00  -2.3280460E+00  -3.6539005E+00
  -6.6090000E-03   7.9902264E+00  -5.1076270E-01  -4.7681245E+00
  -6.5530000E-03   7.0067185E+00   1.1927213E+00  -4.7681245E+00
  -4.7530000E-03   5.0397046E+00   1.1927213E+00  -4.7681245E+00
  -4.1760000E-03   4.0561986E+00  -5.1076270E-01  -4.7681245E+00
  -5.4930000E-03   5.0397046E+00  -2.2142467E+00  -4.7681245E+00
  -6.8620000E-03   7.0067185E+00  -2.2142467E+00  -4.7681245E+00
  -6.9520000E-03   6.0232125E+00  -5.1076270E-01  -5.1593866E+00
   9.8300000E-04   4.9535198E-01  -1.8794024E+00   5.1252884E+00
  -4.0400000E-04   2.5202179E+00  -1.8794024E+00   4.7225178E+00
  -9.3300000E-04   1.5077840E+00  -1.2581607E-01   4.7225178E+00
   8.9000000E-04  -5.1708194E-01  -1.2581607E-01   4.7225178E+00
   9.6450000E-03  -1.5295159E+00  -1.8794024E+00   4.7225178E+00
   8.0410000E-03  -5.1708194E-01  -3.6329888E+00   4.7225178E+00
   7.9500000E-04   1.5077840E+00  -3.6329888E+00   4.7225178E+00
   2.2918000E-02  -1.3753823E+00  -5.1196079E+00   3.5755222E+00
   7.4910000E-03   4.9535198E-01  -5.6208690E+00   3.5755222E+00
   2.4850000E-03   2.3660843E+00  -5.1196079E+00   3.5755222E+00
   1.2620000E-03   3.7355555E+00  -3.7501348E+00   3.5755222E+00
   1.2760000E-02  -1.5631813E-02  -6.7410835E+00   1.8589235E+00
   5.6850000E-03   2.0059687E+00  -6.5286064E+00   1.8589235E+00
   4.2050000E-03   3.7663713E+00  -5.5122381E+00   1.8589235E+00
   1.5754000E-02  -9.5266378E-01  -6.9686462E+00  -1.6594440E-01
   7.3710000E-03   9.8356458E-01  -7.1480643E+00  -1.6594440E-01
   5.3510000E-03   2.8538566E+00  -6.6159193E+00  -1.6594440E-01
   4.1220000E-03   4.4056184E+00  -5.4440833E+00  -1.6594440E-01
   9.3340000E-03  -1.9488801E+00  -6.1129348E+00  -2.1908104E+00
   4.7510000E-03  -1.5631813E-02  -6.7410835E+00  -2.1908104E+00
   2.5790000E-03   2.0059687E+00  -6.5286064E+00  -2.1908104E+00
   2.6870000E-03   3.7663713E+00  -5.5122381E+00  -2.1908104E+00
  -4.6320000E-03  -2.7448535E+00  -3.7501348E+00  -3.9074110E+00
  -1.4660000E-03  -1.3753823E+00  -5.1196079E+00  -3.9074110E+00
  -2.3540000E-03   4.9535198E-01  -5.6208690E+00  -3.9074110E+00
  -2.2260000E-03   2.3660843E+00  -5.1196079E+00  -3.9074110E+00
  -1.7550000E-03   3.7355555E+00  -3.7501348E+00  -3.9074110E+00
  -5.8250000E-03   2.5202179E+00  -1.8794024E+00  -5.0544066E+00
  -6.8290000E-03   1.5077840E+00  -1.2581607E-01  -5.0544066E+00
  -8.8570000E-03  -5.1708194E-01  -1.2581607E-01  -5.0544066E+00
  -7.6810000E-03  -1.5295159E+00  -1.8794024E+00  -5.0544066E+00
  -7.1250000E-03  -5.1708194E-01  -3.6329888E+00  -5.0544066E+00
  -6.7480000E-03   1.5077840E+00  -3.6329888E+00  -5.0544066E+00
  -8.6970000E-03   4.9535198E-01  -1.8794024E+00  -5.4571772E+00
   8.6140000E-03  -8.1555906E+00  -1.1196589E+00   3.5556158E+00
   2.1432000E-02  -9.0626591E+00  -2.6907468E+00   3.5556158E+00
   2.8283000E-02  -8.1555906E+00  -4.2618367E+00   3.5556158E+00
   6.9440000E-03  -9.7905966E+00  -8.4382124E-01   2.2275750E+00
   2.2645000E-02  -1.0390700E+01  -2.6907468E+00   2.2275750E+00
   2.9398000E-02  -9.7905966E+00  -4.5376724E+00   2.2275750E+00
   3.2843000E-02  -8.2195087E+00  -5.6791349E+00   2.2275750E+00
   3.7890000E-03  -1.0390700E+01  -8.7660987E-01   4.1343803E-01
   2.0423000E-02  -1.0876796E+01  -2.6907468E+00   4.1343803E-01
   2.6849000E-02  -1.0390700E+01  -4.5048838E+00   4.1343803E-01
   2.8341000E-02  -9.0626591E+00  -5.8329246E+00   4.1343803E-01
  -5.9410000E-03  -9.7905966E+00  -8.4382124E-01  -1.4006989E+00
   1.4243000E-02  -1.0390700E+01  -2.6907468E+00  -1.4006989E+00
   1.9914000E-02  -9.7905966E+00  -4.5376724E+00  -1.4006989E+00
   1.7201000E-02  -8.2195087E+00  -5.6791349E+00  -1.4006989E+00
   3.5430000E-03  -9.0626591E+00  -2.6907468E+00  -2.7287398E+00
   2.7033000E-02  -4.2482571E+00  -3.7360903E+00   4.7012169E+00
   2.7872000E-02  -2.4341201E+00  -3.7360903E+00   4.2151207E+00
   3.2365000E-02  -5.1553256E+00  -5.3071802E+00   4.2151207E+00
   3.2999000E-02  -3.3411886E+00  -5.3071802E+00   4.2151207E+00
   3.5313000E-02  -5.2192437E+00  -6.7244803E+00   2.8870799E+00
   3.5277000E-02  -3.2772705E+00  -6.7244803E+00   2.8870799E+00
   3.2247000E-02  -6.0623940E+00  -6.8782681E+00   1.0729430E+00
   3.2107000E-02  -4.2482571E+00  -7.3643642E+00   1.0729430E+00
   3.2108000E-02  -2.4341201E+00  -6.8782681E+00   1.0729430E+00
   2.3132000E-02  -3.2772705E+00  -6.7244803E+00  -7.4119400E-01
   1.1594000E-02  -9.6847134E-01   6.1050811E+00   3.3989368E+00
   5.8240000E-03  -2.7826083E+00   6.1050811E+00   3.3989368E+00
  -3.8830000E-03  -3.6896768E+00   4.5339931E+00   3.3989368E+00
   1.6086000E-02  -9.0455514E-01   7.5223812E+00   2.0708978E+00
   9.2910000E-03  -2.8465264E+00   7.5223812E+00   2.0708978E+00
  -4.0480000E-03  -4.4176162E+00   6.3809187E+00   2.0708978E+00
   2.0039000E-02  -6.1402867E-02   7.6761709E+00   2.5676085E-01
   1.3319000E-02  -1.8755398E+00   8.1622670E+00   2.5676085E-01
   4.1620000E-03  -3.6896768E+00   7.6761709E+00   2.5676085E-01
  -1.6107000E-02  -5.0177176E+00   6.3481301E+00   2.5676085E-01
   1.3203000E-02  -9.0455514E-01   7.5223812E+00  -1.5573761E+00
   5.2460000E-03  -2.8465264E+00   7.5223812E+00  -1.5573761E+00
  -1.2620000E-02  -4.4176162E+00   6.3809187E+00  -1.5573761E+00
  -2.7870000E-03  -2.7826083E+00   6.1050811E+00  -2.8854169E+00
  -2.1522000E-02  -3.6896768E+00   4.5339931E+00  -2.8854169E+00
   1.0918000E-02   4.9618592E+00   4.4495450E+00   3.4397529E+00
   1.5220000E-02   4.0547907E+00   6.0206349E+00   3.4397529E+00
   1.4805000E-02   2.2406538E+00   6.0206349E+00   3.4397529E+00
   1.2036000E-02   6.2899000E+00   4.4495450E+00   2.1117121E+00
   1.7566000E-02   5.6897968E+00   6.2964706E+00   2.1117121E+00
   1.9688000E-02   4.1187088E+00   7.4379331E+00   2.1117121E+00
   2.0125000E-02   2.1767357E+00   7.4379331E+00   2.1117121E+00
   1.7527000E-02   6.2899000E+00   6.2636820E+00   2.9757515E-01
   2.0197000E-02   4.9618592E+00   7.5917228E+00   2.9757515E-01
   2.0880000E-02   3.1477222E+00   8.0778189E+00   2.9757515E-01
   2.2489000E-02   1.3335853E+00   7.5917228E+00   2.9757515E-01
   1.0537000E-02   6.2899000E+00   4.4495450E+00  -1.5165618E+00
   1.6185000E-02   5.6897968E+00   6.2964706E+00  -1.5165618E+00
   1.8197000E-02   4.1187088E+00   7.4379331E+00  -1.5165618E+00
   1.8299000E-02   2.1767357E+00   7.4379331E+00  -1.5165618E+00
   8.2390000E-03   4.9618592E+00   4.4495450E+00  -2.8446026E+00
   1.2359000E-02   4.0547907E+00   6.0206349E+00  -2.8446026E+00
   1.4218000E-02  -5.3631387E+00  -2.4432362E+00   5.3181651E+00
   1.8734000E-02  -3.4105888E+00  -2.4432362E+00   4.9297792E+00
   5.3810000E-03  -6.3394146E+00  -7.5227724E-01   4.9297792E+00
   1.2890000E-02  -7.3156887E+00  -2.4432362E+00   4.9297792E+00
   2.0896000E-02  -6.3394146E+00  -4.1341932E+00   4.9297792E+00
   2.5889000E-02  -7.7257724E+00  -5.1698613E+00   3.8237490E+00
   2.9578000E-02  -6.4120746E+00  -7.0389232E+00   2.1684568E+00
   2.1904000E-02  -7.3156887E+00  -7.1571085E+00   2.1590497E-01
   1.2982000E-02  -8.3021899E+00  -6.1286913E+00  -1.7366450E+00
   1.0191000E-02  -6.4120746E+00  -7.0389232E+00  -1.7366450E+00
   1.1414000E-02  -4.3142029E+00  -7.0389232E+00  -1.7366450E+00
  -1.0849000E-02  -8.8248390E+00  -1.4267885E+00  -3.3919372E+00
   2.5400000E-04  -8.8248390E+00  -3.4596820E+00  -3.3919372E+00
   1.9700000E-04  -7.7257724E+00  -5.1698613E+00  -3.3919372E+00
  -1.6040000E-03  -5.8765886E+00  -6.0143553E+00  -3.3919372E+00
  -1.3210000E-03  -3.8643857E+00  -5.7250458E+00  -3.3919372E+00
  -1.1480000E-02  -7.3156887E+00  -2.4432362E+00  -4.4979674E+00
  -9.3290000E-03  -6.3394146E+00  -4.1341932E+00  -4.4979674E+00
  -9.0970000E-03  -4.3868628E+00  -4.1341932E+00  -4.4979674E+00
  -1.2038000E-02  -5.3631387E+00  -2.4432362E+00  -4.8863552E+00
   6.1200000E-03  -4.5908039E+00   2.6136800E-02   5.0709153E+00
  -3.5400000E-04  -3.6145280E+00   1.7170939E+00   4.6825294E+00
  -6.2190000E-03  -5.5670780E+00   1.7170939E+00   4.6825294E+00
   5.2600000E-04  -6.5433539E+00   2.6136800E-02   4.6825294E+00
  -1.6575000E-02  -3.6145280E+00   1.7170939E+00  -4.7452172E+00
  -2.0887000E-02  -6.5433539E+00   2.6136800E-02  -4.7452172E+00
  -7.3660000E-03  -3.6145280E+00  -1.6648221E+00  -4.7452172E+00
  -1.2798000E-02  -4.5908039E+00   2.6136800E-02  -5.1336051E+00
  -1.4025000E-02  -5.0486146E+00   3.5597127E+00   3.9683301E+00
  -2.2727000E-02  -7.1148165E+00   3.5597127E+00   3.9683301E+00
  -1.8253000E-02  -8.1479183E+00   1.7703293E+00   3.9683301E+00
  -2.5952000E-02  -6.6115786E+00   5.4556011E+00   2.6469449E+00
  -3.0696000E-02  -8.5198731E+00   4.5841124E+00   2.6469449E+00
  -2.8228000E-02  -9.6540696E+00   2.8192671E+00   2.6469449E+00
  -1.5437000E-02  -9.6540696E+00   7.2139156E-01   2.6469449E+00
  -3.0515000E-02  -7.1148165E+00   6.2966407E+00   7.3748824E-01
  -3.4763000E-02  -8.9764006E+00   5.4001490E+00   7.3748824E-01
  -3.4201000E-02  -1.0264657E+01   3.7847281E+00   7.3748824E-01
  -2.7586000E-02  -1.0724429E+01   1.7703293E+00   7.3748824E-01
  -3.2991000E-02  -7.1148165E+00   6.2966407E+00  -1.3818508E+00
  -3.6547000E-02  -8.9764006E+00   5.4001490E+00  -1.3818508E+00
  -3.6077000E-02  -1.0264657E+01   3.7847281E+00  -1.3818508E+00
  -3.0604000E-02  -1.0724429E+01   1.7703293E+00  -1.3818508E+00
  -1.4894000E-02  -1.0264657E+01  -2.4406756E-01  -1.3818508E+00
  -2.4833000E-02  -4.5350570E+00   5.1570414E+00  -3.2913093E+00
  -3.3250000E-02  -6.6115786E+00   5.4556011E+00  -3.2913093E+00
  -3.6245000E-02  -8.5198731E+00   4.5841124E+00  -3.2913093E+00
  -3.4694000E-02  -9.6540696E+00   2.8192671E+00  -3.2913093E+00
  -2.7309000E-02  -9.6540696E+00   7.2139156E-01  -3.2913093E+00
  -2.7726000E-02  -5.0486146E+00   3.5597127E+00  -4.6126945E+00
  -3.2961000E-02  -7.1148165E+00   3.5597127E+00  -4.6126945E+00
  -3.0630000E-02  -8.1479183E+00   1.7703293E+00  -4.6126945E+00
  -2.2239000E-02  -7.1148165E+00  -1.9054107E-02  -4.6126945E+00
  -2.6227000E-02  -6.0817165E+00   1.7703293E+00  -5.0842908E+00
   1.9570000E-03  -1.8206716E+00   4.8711278E-01   5.1015761E+00
  -1.5032000E-02  -2.7969456E+00   2.1780698E+00  -4.7145583E+00
  -1.9000000E-04  -7.3440421E-01   2.8366507E+00   5.2583364E+00
   3.8560000E-03   2.4187170E-01   4.5276096E+00   4.8699505E+00
   1.7610000E-03  -1.7106782E+00   4.5276096E+00   4.8699505E+00
  -1.8150000E-03  -2.6869541E+00   2.8366507E+00   4.8699505E+00
  -8.9300000E-03  -4.1961025E+00   3.8530965E+00   3.7639184E+00
   1.3761000E-02   3.1453166E-01   7.4323377E+00  -1.7964737E+00
   1.8640000E-03  -1.2478522E+00   6.4077698E+00  -3.4517678E+00
  -2.8610000E-03   2.4187170E-01   4.5276096E+00  -4.5577980E+00
  -7.8090000E-03  -1.7106782E+00   4.5276096E+00  -4.5577980E+00
  -1.5393000E-02  -2.6869541E+00   2.8366507E+00  -4.5577980E+00
  -8.8320000E-03  -7.3440421E-01   2.8366507E+00  -4.9461839E+00
   2.8800000E-04   1.9515578E+00   2.7924122E+00   5.2819032E+00
   1.2080000E-03   3.9041078E+00   2.7924122E+00   4.8935173E+00
   5.1610000E-03   2.9278337E+00   4.4833711E+00   4.8935173E+00
   4.1070000E-03   9.7528380E-01   4.4833711E+00   4.8935173E+00
   1.1903000E-02   1.4381079E+00   6.3635332E+00   3.7874871E+00
   1.8180000E-02   9.0262195E-01   7.3880992E+00   2.1321948E+00
   1.4859000E-02   9.0262195E-01   7.3880992E+00  -1.7729069E+00
   5.7640000E-03   4.9866694E+00   4.7429590E+00  -3.4281992E+00
   6.9780000E-03   1.4381079E+00   6.3635332E+00  -3.4281992E+00
  -2.6560000E-03   3.9041078E+00   2.7924122E+00  -4.5342293E+00
   4.3600000E-04   2.9278337E+00   4.4833711E+00  -4.5342293E+00
  -1.8620000E-03   9.7528380E-01   4.4833711E+00  -4.5342293E+00
  -4.8360000E-03   1.9515578E+00   2.7924122E+00  -4.9226171E+00
  -1.1250000E-03   2.8776653E+00   3.8047554E-01   5.1334293E+00
  -2.9310000E-03   6.0232125E+00  -5.1076270E-01   5.7632296E+00
  -3.4660000E-03   8.0009638E+00  -5.1076270E-01   5.4144977E+00
  -2.6110000E-03   7.0120891E+00   1.2020207E+00   5.4144977E+00
  -1.2440000E-03   5.0343359E+00   1.2020207E+00   5.4144977E+00
  -1.1840000E-03   4.0454593E+00  -5.1076270E-01   5.4144977E+00
  -2.0230000E-03   5.0343359E+00  -2.2235480E+00   5.4144977E+00
  -3.4460000E-03   7.0120891E+00  -2.2235480E+00   5.4144977E+00
  -1.8330000E-03   9.7401712E+00  -5.1076270E-01   4.4103672E+00
  -2.3160000E-03   9.2421925E+00   1.3477167E+00   4.4103672E+00
  -1.1880000E-03   7.8816918E+00   2.7082173E+00   4.4103672E+00
   1.9940000E-03   6.0232125E+00   3.2061960E+00   4.4103672E+00
  -1.7100000E-04   4.1647331E+00  -3.7297446E+00   4.4103672E+00
  -2.2030000E-03   6.0232125E+00  -4.2277214E+00   4.4103672E+00
  -2.6840000E-03   7.8816918E+00  -3.7297446E+00   4.4103672E+00
  -1.9200000E-03   9.2421925E+00  -2.3692421E+00   4.4103672E+00
   9.3900000E-04   1.1031056E+01  -5.1076270E-01   2.8719489E+00
  -4.5500000E-04   1.0649857E+01   1.4056557E+00   2.8719489E+00
  -9.1000000E-04   9.5642925E+00   3.0303174E+00   2.8719489E+00
   2.2070000E-03   7.9396308E+00   4.1158818E+00   2.8719489E+00
  -1.1660000E-03   6.0232125E+00  -5.5186084E+00   2.8719489E+00
  -1.6770000E-03   7.9396308E+00  -5.1374091E+00   2.8719489E+00
  -1.8000000E-04   9.5642925E+00  -4.0518446E+00   2.8719489E+00
   1.1690000E-03   1.0649857E+01  -2.4271830E+00   2.8719489E+00
   2.9790000E-03   1.1717923E+01  -5.1076270E-01   9.8479857E-01
   1.0580000E-03   1.1374489E+01   1.4369420E+00   9.8479857E-01
  -3.2600000E-04   1.0385615E+01   3.1497272E+00   9.8479857E-01
   1.6600000E-03   8.8705684E+00   4.4210007E+00   9.8479857E-01
   1.2900000E-03   5.0343359E+00  -6.1189592E+00   9.8479857E-01
  -1.2200000E-03   7.0120891E+00  -6.1189592E+00   9.8479857E-01
  -3.1000000E-04   8.8705684E+00  -5.4425280E+00   9.8479857E-01
   1.9700000E-03   1.0385615E+01  -4.1712526E+00   9.8479857E-01
   3.4490000E-03   1.1374489E+01  -2.4584693E+00   9.8479857E-01
   2.8710000E-03   1.1717923E+01  -5.1076270E-01  -1.0234643E+00
   8.7800000E-04   1.1374489E+01   1.4369420E+00  -1.0234643E+00
  -6.5400000E-04   1.0385615E+01   3.1497272E+00  -1.0234643E+00
   9.9000000E-04   8.8705684E+00   4.4210007E+00  -1.0234643E+00
   9.1180000E-03   7.0120891E+00   5.0974319E+00  -1.0234643E+00
   9.0700000E-04   5.0343359E+00  -6.1189592E+00  -1.0234643E+00
  -1.5020000E-03   7.0120891E+00  -6.1189592E+00  -1.0234643E+00
  -4.8400000E-04   8.8705684E+00  -5.4425280E+00  -1.0234643E+00
   1.8610000E-03   1.0385615E+01  -4.1712526E+00  -1.0234643E+00
   3.3630000E-03   1.1374489E+01  -2.4584693E+00  -1.0234643E+00
   5.3400000E-04   1.1031056E+01  -5.1076270E-01  -2.9106127E+00
  -1.0780000E-03   1.0649857E+01   1.4056557E+00  -2.9106127E+00
  -1.9970000E-03   9.5642925E+00   3.0303174E+00  -2.9106127E+00
   8.0000000E-05   7.9396308E+00   4.1158818E+00  -2.9106127E+00
   5.4210000E-03   6.0232125E+00   4.4970811E+00  -2.9106127E+00
  -2.2320000E-03   6.0232125E+00  -5.5186084E+00  -2.9106127E+00
  -2.3580000E-03   7.9396308E+00  -5.1374091E+00  -2.9106127E+00
  -6.2200000E-04   9.5642925E+00  -4.0518446E+00  -2.9106127E+00
   8.1800000E-04   1.0649857E+01  -2.4271830E+00  -2.9106127E+00
  -2.7410000E-03   9.7401712E+00  -5.1076270E-01  -4.4490310E+00
  -3.6080000E-03   9.2421925E+00   1.3477167E+00  -4.4490310E+00
  -3.3170000E-03   7.8816918E+00   2.7082173E+00  -4.4490310E+00
  -1.4640000E-03   6.0232125E+00   3.2061960E+00  -4.4490310E+00
  -2.4930000E-03   4.1647331E+00   2.7082173E+00  -4.4490310E+00
  -3.9680000E-03   6.0232125E+00  -4.2277214E+00  -4.4490310E+00
  -3.8290000E-03   7.8816918E+00  -3.7297446E+00  -4.4490310E+00
  -2.7870000E-03   9.2421925E+00  -2.3692421E+00  -4.4490310E+00
  -5.1130000E-03   8.0009638E+00  -5.1076270E-01  -5.4531634E+00
  -4.9360000E-03   7.0120891E+00   1.2020207E+00  -5.4531634E+00
  -4.3440000E-03   5.0343359E+00   1.2020207E+00  -5.4531634E+00
  -4.6180000E-03   4.0454593E+00  -5.1076270E-01  -5.4531634E+00
  -4.8640000E-03   5.0343359E+00  -2.2235480E+00  -5.4531634E+00
  -5.2860000E-03   7.0120891E+00  -2.2235480E+00  -5.4531634E+00
  -5.4720000E-03   6.0232125E+00  -5.1076270E-01  -5.8018934E+00
   2.0890000E-03   4.9535198E-01  -1.8794024E+00   5.7866925E+00
  -4.0000000E-06   2.5312728E+00  -1.8794024E+00   5.4277050E+00
  -3.1100000E-04   1.5133115E+00  -1.1624271E-01   5.4277050E+00
   1.5600000E-03  -5.2260939E-01  -1.1624271E-01   5.4277050E+00
   8.2000000E-03  -1.5405708E+00  -1.8794024E+00   5.4277050E+00
   7.7760000E-03  -5.2260939E-01  -3.6425621E+00   5.4277050E+00
   2.0440000E-03   1.5133115E+00  -3.6425621E+00   5.4277050E+00
   1.8379000E-02  -1.4177896E+00  -5.1930596E+00   4.3940400E+00
   7.5550000E-03   4.9535198E-01  -5.7056837E+00   4.3940400E+00
   2.6700000E-03   2.4084917E+00  -5.1930596E+00   4.3940400E+00
   3.2900000E-04   3.8090073E+00  -3.7925421E+00   4.3940400E+00
   2.2837000E-02  -1.4774331E+00  -6.6421261E+00   2.8103740E+00
   9.6700000E-03   4.9535198E-01  -7.0345371E+00   2.8103740E+00
   4.6040000E-03   2.4681352E+00  -6.6421261E+00   2.8103740E+00
   2.0720000E-03   4.1405824E+00  -5.5246328E+00   2.8103740E+00
   1.3549000E-02  -5.2260939E-01  -7.6525455E+00   8.6772060E-01
   6.7810000E-03   1.5133115E+00  -7.6525455E+00   8.6772060E-01
   4.2480000E-03   3.4264531E+00  -6.9562193E+00   8.6772060E-01
   1.6152000E-02  -2.4357510E+00  -6.9562193E+00  -1.1996094E+00
   8.9630000E-03  -5.2260939E-01  -7.6525455E+00  -1.1996094E+00
   4.8600000E-03   1.5133115E+00  -7.6525455E+00  -1.1996094E+00
   3.2830000E-03   3.4264531E+00  -6.9562193E+00  -1.1996094E+00
   3.9330000E-03  -1.4774331E+00  -6.6421261E+00  -3.1422628E+00
   2.0270000E-03   4.9535198E-01  -7.0345371E+00  -3.1422628E+00
   8.8900000E-04   2.4681352E+00  -6.6421261E+00  -3.1422628E+00
  -3.0000000E-06   4.1405824E+00  -5.5246328E+00  -3.1422628E+00
  -7.3990000E-03   4.9535198E-01   1.9468789E+00  -4.7259288E+00
  -6.8940000E-03  -3.3309293E+00  -1.8794024E+00  -4.7259288E+00
  -5.5730000E-03  -2.8183052E+00  -3.7925421E+00  -4.7259288E+00
  -2.5930000E-03  -1.4177896E+00  -5.1930596E+00  -4.7259288E+00
  -2.4980000E-03   4.9535198E-01  -5.7056837E+00  -4.7259288E+00
  -2.6810000E-03   2.4084917E+00  -5.1930596E+00  -4.7259288E+00
  -3.1440000E-03   3.8090073E+00  -3.7925421E+00  -4.7259288E+00
  -5.5180000E-03   2.5312728E+00  -1.8794024E+00  -5.7595938E+00
  -6.4030000E-03   1.5133115E+00  -1.1624271E-01  -5.7595938E+00
  -8.1270000E-03  -5.2260939E-01  -1.1624271E-01  -5.7595938E+00
  -7.3770000E-03  -1.5405708E+00  -1.8794024E+00  -5.7595938E+00
  -6.0670000E-03  -5.2260939E-01  -3.6425621E+00  -5.7595938E+00
  -5.5870000E-03   1.5133115E+00  -3.6425621E+00  -5.7595938E+00
  -7.1970000E-03   4.9535198E-01  -1.8794024E+00  -6.1185813E+00
   1.7026000E-02  -9.2894262E+00  -2.6907468E+00   3.9483878E+00
   2.4047000E-02  -8.2689742E+00  -4.4582227E+00   3.9483878E+00
  -6.5630000E-03  -9.5634213E+00  -1.9210954E-02   2.4543421E+00
   1.1794000E-02  -1.0640282E+01  -1.6948367E+00   2.4543421E+00
   2.1017000E-02  -1.0640282E+01  -3.6866589E+00   2.4543421E+00
   2.5415000E-02  -9.5634213E+00  -5.3622846E+00   2.4543421E+00
   9.1870000E-03  -1.1211720E+01  -1.7139078E+00   4.1343803E-01
   1.8657000E-02  -1.1211720E+01  -3.6675878E+00   4.1343803E-01
   2.2461000E-02  -1.0303799E+01  -5.3974864E+00   4.1343803E-01
   2.3809000E-02  -8.6959521E+00  -6.5073036E+00   4.1343803E-01
   2.8230000E-03  -1.0640282E+01  -1.6948367E+00  -1.6274660E+00
   1.3233000E-02  -1.0640282E+01  -3.6866589E+00  -1.6274660E+00
   1.5561000E-02  -9.5634213E+00  -5.3622846E+00  -1.6274660E+00
   3.6200000E-04  -9.2894262E+00  -2.6907468E+00  -3.1215117E+00
   2.2368000E-02  -4.2482571E+00  -3.7360903E+00   5.1547511E+00
   2.7202000E-02  -5.2687091E+00  -5.5035662E+00   4.6078927E+00
   2.6994000E-02  -3.2278051E+00  -5.5035662E+00   4.6078927E+00
   2.9558000E-02  -4.7513324E+00  -7.2350597E+00   3.1138470E+00
   2.8573000E-02  -2.7797850E+00  -6.9515952E+00   3.1138470E+00
   2.6761000E-02  -5.6956852E+00  -7.5526490E+00   1.0729430E+00
   2.6552000E-02  -3.7562499E+00  -7.7881391E+00   1.0729430E+00
   1.8771000E-02  -2.7797850E+00  -6.9515952E+00  -9.6796112E-01
   3.5160000E-03  -2.8959918E+00   6.3014671E+00   3.7917087E+00
  -5.5670000E-03  -3.9164439E+00   4.5339931E+00   3.7917087E+00
   1.4416000E-02  -4.0706965E-01   7.7494960E+00   2.2976649E+00
   8.5060000E-03  -2.3786170E+00   8.0329606E+00   2.2976649E+00
  -8.9700000E-04  -4.1904409E+00   7.2055290E+00   2.2976649E+00
   1.8752000E-02   4.4318988E-01   7.8932551E+00   2.5676085E-01
   1.1718000E-02  -1.3835326E+00   8.5860399E+00   2.5676085E-01
   4.4770000E-03  -3.3229698E+00   8.3505499E+00   2.5676085E-01
  -9.1060000E-03  -4.9308186E+00   7.2407327E+00   2.5676085E-01
   1.1683000E-02  -4.0706965E-01   7.7494960E+00  -1.7841432E+00
   5.0770000E-03  -2.3786170E+00   8.0329606E+00  -1.7841432E+00
  -6.9510000E-03  -4.1904409E+00   7.2055290E+00  -1.7841432E+00
  -4.9310000E-03  -2.8959918E+00   6.3014671E+00  -3.2781889E+00
   8.3660000E-03   5.1886263E+00   4.4495450E+00   3.8325249E+00
   1.2396000E-02   4.1681743E+00   6.2170209E+00   3.8325249E+00
   1.3732000E-02   6.1215103E+00   6.3606835E+00   2.3384792E+00
   1.5927000E-02   4.6161924E+00   7.6650480E+00   2.3384792E+00
   1.6583000E-02   2.6446470E+00   7.9485144E+00   2.3384792E+00
   1.3521000E-02   6.7619838E+00   6.3464558E+00   2.9757515E-01
   1.6155000E-02   5.4664538E+00   7.8088070E+00   2.9757515E-01
   1.7063000E-02   3.6397294E+00   8.5015919E+00   2.9757515E-01
   1.8016000E-02   1.7002923E+00   8.2661018E+00   2.9757515E-01
   1.2413000E-02   6.1215103E+00   6.3606835E+00  -1.7433289E+00
   1.4555000E-02   4.6161924E+00   7.6650480E+00  -1.7433289E+00
   1.4923000E-02   2.6446470E+00   7.9485144E+00  -1.7433289E+00
   9.6520000E-03   4.1681743E+00   6.2170209E+00  -3.2373746E+00
   1.2339000E-02  -5.3631387E+00  -2.4432362E+00   5.8850829E+00
   1.4848000E-02  -3.4241646E+00  -2.4432362E+00   5.5431899E+00
   5.1950000E-03  -6.3326249E+00  -7.6403511E-01   5.5431899E+00
   1.1051000E-02  -7.3021110E+00  -2.4432362E+00   5.5431899E+00
   1.7383000E-02  -6.3326249E+00  -4.1224354E+00   5.5431899E+00
   7.4430000E-03  -8.8596042E+00  -1.4165802E+00   4.5587485E+00
   2.0856000E-02  -7.7495017E+00  -5.1972454E+00   4.5587485E+00
   2.3841000E-02  -7.8179646E+00  -6.6951197E+00   3.0504940E+00
   2.1787000E-02  -6.8910124E+00  -7.8131571E+00   1.2003483E+00
   1.6277000E-02  -8.7276787E+00  -6.8986053E+00  -7.6853644E-01
   1.4818000E-02  -6.8910124E+00  -7.8131571E+00  -7.6853644E-01
   1.5996000E-02  -4.8479994E+00  -8.0024699E+00  -7.6853644E-01
   6.9230000E-03  -7.8179646E+00  -6.6951197E+00  -2.6186840E+00
   6.0500000E-03  -5.8763373E+00  -7.3259914E+00  -2.6186840E+00
   6.5780000E-03  -3.8459722E+00  -7.1125922E+00  -2.6186840E+00
  -1.1698000E-02  -8.8596042E+00  -1.4165802E+00  -4.1269367E+00
  -2.7250000E-03  -8.8596042E+00  -3.4698903E+00  -4.1269367E+00
  -1.2840000E-03  -7.7495017E+00  -5.1972454E+00  -4.1269367E+00
  -1.9340000E-03  -5.8817457E+00  -6.0502223E+00  -4.1269367E+00
  -2.0810000E-03  -3.8493340E+00  -5.7580045E+00  -4.1269367E+00
  -1.0359000E-02  -7.3021110E+00  -2.4432362E+00  -5.1113800E+00
  -7.5920000E-03  -6.3326249E+00  -4.1224354E+00  -5.1113800E+00
  -7.3780000E-03  -4.3936526E+00  -4.1224354E+00  -5.1113800E+00
  -1.0310000E-02  -5.3631387E+00  -2.4432362E+00  -5.4532730E+00
   4.9460000E-03  -4.5908039E+00   2.6136800E-02   5.6378331E+00
  -1.0900000E-04  -3.6213178E+00   1.7053360E+00   5.2959401E+00
  -4.1570000E-03  -5.5602901E+00   1.7053360E+00   5.2959401E+00
   1.2160000E-03  -6.5297762E+00   2.6136800E-02   5.2959401E+00
  -1.4921000E-02  -3.6213178E+00   1.7053360E+00  -5.3586298E+00
  -1.7927000E-02  -6.5297762E+00   2.6136800E-02  -5.3586298E+00
  -8.0730000E-03  -3.6213178E+00  -1.6530643E+00  -5.3586298E+00
  -1.2446000E-02  -4.5908039E+00   2.6136800E-02  -5.7005229E+00
  -1.0333000E-02  -5.0692826E+00   3.5239157E+00   4.5662791E+00
  -1.6749000E-02  -7.0941504E+00   3.5239157E+00   4.5662791E+00
  -1.3011000E-02  -8.1065825E+00   1.7703293E+00   4.5662791E+00
  -1.7547000E-02  -6.0817165E+00   5.5117959E+00   3.4192853E+00
  -2.2905000E-02  -7.9524488E+00   5.0105348E+00   3.4192853E+00
  -2.2909000E-02  -9.3219219E+00   3.6410636E+00   3.4192853E+00
  -1.7096000E-02  -9.8231831E+00   1.7703293E+00   3.4192853E+00
  -2.1225000E-02  -6.5927003E+00   6.6320123E+00   1.7026847E+00
  -2.6747000E-02  -8.5259467E+00   6.0038617E+00   1.7026847E+00
  -2.7582000E-02  -1.0036565E+01   4.6436955E+00   1.7026847E+00
  -2.4244000E-02  -1.0863353E+01   2.7866977E+00   1.7026847E+00
  -1.4046000E-02  -1.0863353E+01   7.5396099E-01   1.7026847E+00
  -2.6493000E-02  -7.5297304E+00   6.8595731E+00  -3.2218127E-01
  -2.9643000E-02  -9.2703967E+00   5.9928238E+00  -3.2218127E-01
  -2.9688000E-02  -1.0580413E+01   4.5558043E+00  -3.2218127E-01
  -2.6525000E-02  -1.1282857E+01   2.7425915E+00  -3.2218127E-01
  -1.7933000E-02  -1.1282857E+01   7.9806908E-01  -3.2218127E-01
  -2.5734000E-02  -6.5927003E+00   6.6320123E+00  -2.3470491E+00
  -2.9901000E-02  -8.5259467E+00   6.0038617E+00  -2.3470491E+00
  -3.0575000E-02  -1.0036565E+01   4.6436955E+00  -2.3470491E+00
  -2.8097000E-02  -1.0863353E+01   2.7866977E+00  -2.3470491E+00
  -2.0965000E-02  -1.0863353E+01   7.5396099E-01  -2.3470491E+00
  -1.9884000E-02  -4.2109822E+00   5.0105348E+00  -4.0636479E+00
  -2.5954000E-02  -6.0817165E+00   5.5117959E+00  -4.0636479E+00
  -2.9316000E-02  -7.9524488E+00   5.0105348E+00  -4.0636479E+00
  -2.9397000E-02  -9.3219219E+00   3.6410636E+00  -4.0636479E+00
  -2.6056000E-02  -9.8231831E+00   1.7703293E+00  -4.0636479E+00
  -1.9261000E-02  -9.3219219E+00  -1.0040303E-01  -4.0636479E+00
  -2.2836000E-02  -5.0692826E+00   3.5239157E+00  -5.2106435E+00
  -2.6814000E-02  -7.0941504E+00   3.5239157E+00  -5.2106435E+00
  -2.5036000E-02  -8.1065825E+00   1.7703293E+00  -5.2106435E+00
  -1.9115000E-02  -7.0941504E+00   1.6742972E-02  -5.2106435E+00
  -2.1872000E-02  -6.0817165E+00   1.7703293E+00  -5.6134140E+00
   2.3490000E-03  -1.8206716E+00   4.8711278E-01   5.6684939E+00
  -1.3333000E-02  -2.7901577E+00   2.1663120E+00  -5.3279690E+00
   3.5600000E-04  -7.3440421E-01   2.8366507E+00   5.8252542E+00
   3.0670000E-03   2.3508380E-01   4.5158498E+00   5.4833612E+00
   1.2160000E-03  -1.7038903E+00   4.5158498E+00   5.4833612E+00
  -1.0520000E-03  -2.6733765E+00   2.8366507E+00   5.4833612E+00
   5.8840000E-03  -1.2530093E+00   6.4436368E+00   4.4989179E+00
   1.6800000E-04  -3.1207672E+00   5.5906599E+00   4.4989179E+00
  -6.7380000E-03  -4.2308697E+00   3.8633067E+00   4.4989179E+00
  -9.0200000E-04  -1.2530093E+00   6.4436368E+00  -4.1867673E+00
  -1.0423000E-02  -3.1207672E+00   5.5906599E+00  -4.1867673E+00
  -3.4960000E-03   2.3508380E-01   4.5158498E+00  -5.1712087E+00
  -7.8460000E-03  -1.7038903E+00   4.5158498E+00  -5.1712087E+00
  -1.3569000E-02  -2.6733765E+00   2.8366507E+00  -5.1712087E+00
  -8.0940000E-03  -7.3440421E-01   2.8366507E+00  -5.5131017E+00
   8.3200000E-04   1.9515578E+00   2.7924122E+00   5.8488210E+00
   1.2470000E-03   3.8905320E+00   2.7924122E+00   5.5069280E+00
   4.1660000E-03   2.9210439E+00   4.4716133E+00   5.5069280E+00
   3.3650000E-03   9.8207170E-01   4.4716133E+00   5.5069280E+00
   6.7940000E-03   5.0171507E+00   4.7625498E+00   4.5224866E+00
   9.4080000E-03   3.4653625E+00   6.1071824E+00   4.5224866E+00
   8.7680000E-03   1.4329528E+00   6.3993983E+00   4.5224866E+00
   1.3761000E-02   1.4383593E+00   7.6751693E+00   3.0142320E+00
   1.0233000E-02   1.4383593E+00   7.6751693E+00  -2.6549460E+00
   3.1790000E-03   5.0171507E+00   4.7625498E+00  -4.1631986E+00
   5.2920000E-03   3.4653625E+00   6.1071824E+00  -4.1631986E+00
   3.9810000E-03   1.4329528E+00   6.3993983E+00  -4.1631986E+00
  -2.6930000E-03   3.8905320E+00   2.7924122E+00  -5.1476400E+00
  -3.7600000E-04   2.9210439E+00   4.4716133E+00  -5.1476400E+00
  -2.4790000E-03   9.8207170E-01   4.4716133E+00  -5.1476400E+00
  -4.3940000E-03   1.9515578E+00   2.7924122E+00  -5.4895349E+00
  -5.7100000E-04   2.8776653E+00   3.8047554E-01   5.7003471E+00
  -1.7570000E-03   6.0232125E+00  -5.1076270E-01   6.4057365E+00
  -2.2050000E-03   8.0086682E+00  -5.1076270E-01   6.0912709E+00
  -1.4750000E-03   7.0159403E+00   1.2086914E+00   6.0912709E+00
  -6.4100000E-04   5.0304846E+00   1.2086914E+00   6.0912709E+00
  -7.1300000E-04   4.0377567E+00  -5.1076270E-01   6.0912709E+00
  -1.1630000E-03   5.0304846E+00  -2.2302187E+00   6.0912709E+00
  -2.1370000E-03   7.0159403E+00  -2.2302187E+00   6.0912709E+00
  -1.4390000E-03   9.7997732E+00  -5.1076270E-01   5.1786561E+00
  -1.4480000E-03   9.2938085E+00   1.3775176E+00   5.1786561E+00
  -3.7400000E-04   7.9114928E+00   2.7598333E+00   5.1786561E+00
   1.6950000E-03   6.0232125E+00   3.2657980E+00   5.1786561E+00
   9.0000000E-05   4.1349321E+00  -3.7813606E+00   5.1786561E+00
  -1.1950000E-03   6.0232125E+00  -4.2873234E+00   5.1786561E+00
  -1.7670000E-03   7.9114928E+00  -3.7813606E+00   5.1786561E+00
  -1.5180000E-03   9.2938085E+00  -2.3990430E+00   5.1786561E+00
   1.6500000E-04   1.1221202E+01  -5.1076270E-01   3.7572269E+00
  -4.2200000E-04   1.0825528E+01   1.4784215E+00   3.7572269E+00
  -2.1600000E-04   9.6987465E+00   3.1647695E+00   3.7572269E+00
   2.3100000E-03   8.0123966E+00   4.2915526E+00   3.7572269E+00
  -4.0400000E-04   6.0232125E+00  -5.7087526E+00   3.7572269E+00
  -1.0680000E-03   8.0123966E+00  -5.3130799E+00   3.7572269E+00
  -4.4800000E-04   9.6987465E+00  -4.1862968E+00   3.7572269E+00
   2.4600000E-04   1.0825528E+01  -2.4999469E+00   3.7572269E+00
   1.6870000E-03   1.2133815E+01  -5.1076270E-01   1.9661219E+00
   7.2000000E-04   1.1802726E+01   1.4733457E+00   1.9661219E+00
   1.9100000E-04   1.0845336E+01   3.2424467E+00   1.9661219E+00
   1.7430000E-03   9.3653951E+00   4.6048295E+00   1.9661219E+00
   7.4780000E-03   7.5232770E+00   5.4128574E+00   1.9661219E+00
   7.7900000E-04   5.5186027E+00  -6.6004954E+00   1.9661219E+00
  -5.4300000E-04   7.5232770E+00  -6.4343828E+00   1.9661219E+00
  -3.8000000E-05   9.3653951E+00  -5.6263549E+00   1.9661219E+00
   1.1810000E-03   1.0845336E+01  -4.2639739E+00   1.9661219E+00
   1.9490000E-03   1.1802726E+01  -2.4948729E+00   1.9661219E+00
   2.2370000E-03   1.2448281E+01  -5.1076270E-01  -1.9331897E-02
   1.1670000E-03   1.2162832E+01   1.3830583E+00  -1.9331897E-02
   3.0400000E-04   1.1331853E+01   3.1086068E+00  -1.9331897E-02
   9.9200000E-04   1.0029176E+01   4.5125579E+00  -1.9331897E-02
   4.9750000E-03   8.3705526E+00   5.4701634E+00  -1.9331897E-02
  -1.1900000E-04   6.5033578E+00  -6.9178654E+00  -1.9331897E-02
  -4.3600000E-04   8.3705526E+00  -6.4916907E+00  -1.9331897E-02
   6.0000000E-04   1.0029176E+01  -5.5340833E+00  -1.9331897E-02
   1.9120000E-03   1.1331853E+01  -4.1301322E+00  -1.9331897E-02
   2.5870000E-03   1.2162832E+01  -2.4045856E+00  -1.9331897E-02
   1.4210000E-03   1.2133815E+01  -5.1076270E-01  -2.0047876E+00
   3.5800000E-04   1.1802726E+01   1.4733457E+00  -2.0047876E+00
  -3.7000000E-04   1.0845336E+01   3.2424467E+00  -2.0047876E+00
   7.5500000E-04   9.3653951E+00   4.6048295E+00  -2.0047876E+00
   5.3180000E-03   7.5232770E+00   5.4128574E+00  -2.0047876E+00
  -9.1000000E-05   5.5186027E+00  -6.6004954E+00  -2.0047876E+00
  -1.1120000E-03   7.5232770E+00  -6.4343828E+00  -2.0047876E+00
  -4.1700000E-04   9.3653951E+00  -5.6263549E+00  -2.0047876E+00
   9.0600000E-04   1.0845336E+01  -4.2639739E+00  -2.0047876E+00
   1.7090000E-03   1.1802726E+01  -2.4948729E+00  -2.0047876E+00
  -4.6000000E-04   1.1221202E+01  -5.1076270E-01  -3.7958926E+00
  -1.2510000E-03   1.0825528E+01   1.4784215E+00  -3.7958926E+00
  -1.4920000E-03   9.6987465E+00   3.1647695E+00  -3.7958926E+00
   9.2000000E-05   8.0123966E+00   4.2915526E+00  -3.7958926E+00
   3.1530000E-03   6.0232125E+00   4.6872272E+00  -3.7958926E+00
  -1.9420000E-03   6.0232125E+00  -5.7087526E+00  -3.7958926E+00
  -2.0630000E-03   8.0123966E+00  -5.3130799E+00  -3.7958926E+00
  -1.1490000E-03   9.6987465E+00  -4.1862968E+00  -3.7958926E+00
  -3.4000000E-04   1.0825528E+01  -2.4999469E+00  -3.7958926E+00
  -2.5790000E-03   9.7997732E+00  -5.1076270E-01  -5.2173218E+00
  -2.9100000E-03   9.2938085E+00   1.3775176E+00  -5.2173218E+00
  -2.5490000E-03   7.9114928E+00   2.7598333E+00  -5.2173218E+00
  -1.5630000E-03   6.0232125E+00   3.2657980E+00  -5.2173218E+00
  -2.5770000E-03   4.1349321E+00   2.7598333E+00  -5.2173218E+00
  -3.3450000E-03   6.0232125E+00  -4.2873234E+00  -5.2173218E+00
  -3.2070000E-03   7.9114928E+00  -3.7813606E+00  -5.2173218E+00
  -2.6500000E-03   9.2938085E+00  -2.3990430E+00  -5.2173218E+00
  -4.0410000E-03   8.0086682E+00  -5.1076270E-01  -6.1299366E+00
  -3.8810000E-03   7.0159403E+00   1.2086914E+00  -6.1299366E+00
  -3.8790000E-03   5.0304846E+00   1.2086914E+00  -6.1299366E+00
  -4.4790000E-03   4.0377567E+00  -5.1076270E-01  -6.1299366E+00
  -4.2920000E-03   5.0304846E+00  -2.2302187E+00  -6.1299366E+00
  -4.2160000E-03   7.0159403E+00  -2.2302187E+00  -6.1299366E+00
  -4.4620000E-03   6.0232125E+00  -5.1076270E-01  -6.4444003E+00
   2.6870000E-03   4.9535198E-01  -1.8794024E+00   6.4480966E+00
   5.4100000E-04   2.5392021E+00  -1.8794024E+00   6.1243827E+00
   3.8000000E-04   1.5172761E+00  -1.0937545E-01   6.1243827E+00
   2.0670000E-03  -5.2657404E-01  -1.0937545E-01   6.1243827E+00
   7.1080000E-03  -1.5485001E+00  -1.8794024E+00   6.1243827E+00
   7.2340000E-03  -5.2657404E-01  -3.6494294E+00   6.1243827E+00
   2.7370000E-03   1.5172761E+00  -3.6494294E+00   6.1243827E+00
   1.4885000E-02  -1.4484674E+00  -5.2461930E+00   5.1849281E+00
   7.2760000E-03   4.9535198E-01  -5.7670374E+00   5.1849281E+00
   2.9330000E-03   2.4391695E+00  -5.2461930E+00   5.1849281E+00
   3.8600000E-04   3.8621426E+00  -3.8232199E+00   5.1849281E+00
   1.9157000E-02  -1.5523381E+00  -6.8229634E+00   3.7216925E+00
   9.0770000E-03   4.9535198E-01  -7.2302730E+00   3.7216925E+00
   4.3390000E-03   2.5430402E+00  -6.8229634E+00   3.7216925E+00
   1.4990000E-03   4.2789878E+00  -5.6630401E+00   3.7216925E+00
   2.2162000E-02  -2.0314441E+00  -7.6399165E+00   1.8779076E+00
   1.0973000E-02  -2.4099676E-02  -8.1482452E+00   1.8779076E+00
   5.8540000E-03   2.0395359E+00  -7.9772458E+00   1.8779076E+00
   3.2210000E-03   3.9358344E+00  -7.1454527E+00   1.8779076E+00
   1.1681000E-02  -9.7641197E-01  -8.3276161E+00  -1.6594440E-01
   6.6640000E-03   9.8961926E-01  -8.4749486E+00  -1.6594440E-01
   4.0940000E-03   2.9117314E+00  -8.0362393E+00  -1.6594440E-01
   2.2090000E-03   4.6191385E+00  -7.0504675E+00  -1.6594440E-01
   8.3780000E-03  -2.0314441E+00  -7.6399165E+00  -2.2097945E+00
   5.2230000E-03  -2.4099676E-02  -8.1482452E+00  -2.2097945E+00
   2.9970000E-03   2.0395359E+00  -7.9772458E+00  -2.2097945E+00
   1.6080000E-03   3.9358344E+00  -7.1454527E+00  -2.2097945E+00
  -1.3870000E-03  -3.2882857E+00  -5.6630401E+00  -4.0535794E+00
   1.6340000E-03  -1.5523381E+00  -6.8229634E+00  -4.0535794E+00
   8.8900000E-04   4.9535198E-01  -7.2302730E+00  -4.0535794E+00
  -3.2000000E-05   2.5430402E+00  -6.8229634E+00  -4.0535794E+00
  -1.1190000E-03   4.2789878E+00  -5.6630401E+00  -4.0535794E+00
  -5.0350000E-03   2.4391695E+00   1.4873882E+00  -5.5168150E+00
  -6.7380000E-03   4.9535198E-01   2.0082326E+00  -5.5168150E+00
  -7.7080000E-03  -3.3922849E+00  -1.8794024E+00  -5.5168150E+00
  -5.5270000E-03  -2.8714405E+00  -3.8232199E+00  -5.5168150E+00
  -2.9360000E-03  -1.4484674E+00  -5.2461930E+00  -5.5168150E+00
  -2.4550000E-03   4.9535198E-01  -5.7670374E+00  -5.5168150E+00
  -2.7040000E-03   2.4391695E+00  -5.2461930E+00  -5.5168150E+00
  -3.4200000E-03   3.8621426E+00  -3.8232199E+00  -5.5168150E+00
  -5.0070000E-03   2.5392021E+00  -1.8794024E+00  -6.4562715E+00
  -5.8130000E-03   1.5172761E+00  -1.0937545E-01  -6.4562715E+00
  -7.3390000E-03  -5.2657404E-01  -1.0937545E-01  -6.4562715E+00
  -6.8300000E-03  -1.5485001E+00  -1.8794024E+00  -6.4562715E+00
  -5.2600000E-03  -5.2657404E-01  -3.6494294E+00  -6.4562715E+00
  -4.7420000E-03   1.5172761E+00  -3.6494294E+00  -6.4562715E+00
  -6.1370000E-03   4.9535198E-01  -1.8794024E+00  -6.7799854E+00
   1.3785000E-02  -9.2163335E+00  -2.6907468E+00   4.4996398E+00
  -4.4370000E-03  -9.5705759E+00  -1.0954742E-02   3.2411786E+00
   9.1300000E-03  -1.0650762E+01  -1.6917602E+00   3.2411786E+00
   1.6992000E-02  -1.0650762E+01  -3.6897353E+00   3.2411786E+00
   2.1380000E-02  -9.5705759E+00  -5.3705408E+00   3.2411786E+00
   1.0740000E-03  -1.1232274E+01  -7.7227432E-01   1.4226462E+00
   1.2305000E-02  -1.1670154E+01  -2.6907468E+00   1.4226462E+00
   1.7936000E-02  -1.1232274E+01  -4.6092212E+00   1.4226462E+00
   2.0813000E-02  -1.0005364E+01  -6.1477189E+00   1.4226462E+00
  -3.3900000E-03  -1.1232274E+01  -7.7227432E-01  -5.9577013E-01
   9.1780000E-03  -1.1670154E+01  -2.6907468E+00  -5.9577013E-01
   1.4836000E-02  -1.1232274E+01  -4.6092212E+00  -5.9577013E-01
   1.6912000E-02  -1.0005364E+01  -6.1477189E+00  -5.9577013E-01
  -1.6360000E-03  -1.0650762E+01  -1.6917602E+00  -2.4143007E+00
   7.5910000E-03  -1.0650762E+01  -3.6897353E+00  -2.4143007E+00
   9.8700000E-03  -9.5705759E+00  -5.3705408E+00  -2.4143007E+00
   2.2672000E-02  -5.2321618E+00  -5.4402660E+00   5.1591466E+00
   2.2164000E-02  -3.2643505E+00  -5.4402660E+00   5.1591466E+00
   2.5018000E-02  -4.7528876E+00  -7.2458727E+00   3.9006836E+00
   2.3801000E-02  -2.7752478E+00  -6.9615313E+00   3.9006836E+00
   2.4314000E-02  -5.2321618E+00  -8.0468633E+00   2.0821530E+00
   2.3647000E-02  -3.2643505E+00  -8.0468633E+00   2.0821530E+00
   1.9802000E-02  -3.2643505E+00  -8.0468633E+00   6.3734788E-02
   2.0570000E-03  -2.8594464E+00   6.2381669E+00   4.3429626E+00
   1.1223000E-02  -4.0253242E-01   7.7594322E+00   3.0844996E+00
   6.1140000E-03  -2.3801704E+00   8.0437736E+00   3.0844996E+00
  -1.7140000E-03  -4.1975935E+00   7.2137852E+00   3.0844996E+00
   1.1008000E-02  -8.9163508E-01   8.8447642E+00   1.2659690E+00
   5.2430000E-03  -2.8594464E+00   8.8447642E+00   1.2659690E+00
  -3.6140000E-03  -4.6323836E+00   7.9909633E+00   1.2659690E+00
   9.8510000E-03  -8.9163508E-01   8.8447642E+00  -7.5244920E-01
   3.7450000E-03  -2.8594464E+00   8.8447642E+00  -7.5244920E-01
  -6.1250000E-03  -4.6323836E+00   7.9909633E+00  -7.5244920E-01
   1.8720000E-03  -2.3801704E+00   8.0437736E+00  -2.5709798E+00
  -8.8720000E-03  -4.1975935E+00   7.2137852E+00  -2.5709798E+00
   9.7460000E-03   4.1316270E+00   6.1537207E+00   4.3837788E+00
   1.0773000E-02   6.1307001E+00   6.3665889E+00   3.1253158E+00
   1.2696000E-02   4.6207315E+00   7.6749860E+00   3.1253158E+00
   1.3290000E-02   2.6430917E+00   7.9593274E+00   3.1253158E+00
   1.0718000E-02   7.1314744E+00   6.3680194E+00   1.3067852E+00
   1.3180000E-02   5.9045641E+00   7.9065172E+00   1.3067852E+00
   1.4192000E-02   4.1316270E+00   8.7603180E+00   1.3067852E+00
   1.4846000E-02   2.1638156E+00   8.7603180E+00   1.3067852E+00
   1.0156000E-02   7.1314744E+00   6.3680194E+00  -7.1163301E-01
   1.2645000E-02   5.9045641E+00   7.9065172E+00  -7.1163301E-01
   1.3600000E-02   4.1316270E+00   8.7603180E+00  -7.1163301E-01
   1.4105000E-02   2.1638156E+00   8.7603180E+00  -7.1163301E-01
   9.1410000E-03   6.1307001E+00   6.3665889E+00  -2.5301636E+00
   1.1003000E-02   4.6207315E+00   7.6749860E+00  -2.5301636E+00
   1.1218000E-02   2.6430917E+00   7.9593274E+00  -2.5301636E+00
