  894     7      5382057.5520746531     1157.3597820806
  -2.44619  -1.03615   2.11459    97.05438    98.61718    -1.56279
  -2.97119  -0.12683   1.83324    91.14073    90.36389     0.77684
  -3.49619  -1.03615   1.83324    87.28218    90.81700    -3.53482
  -3.63716   0.33829   1.06459   102.59843    98.79388     3.80455
  -4.19118  -0.52378   1.06459    92.88145    95.08857    -2.20712
  -4.19118  -1.54853   1.06459    94.22808    96.08071    -1.85263
  -2.70501  -2.83630  -1.03541    92.23574    94.33822    -2.10248
  -1.69070  -2.69046  -1.03541    91.48335    94.46540    -2.98205
  -1.92119  -1.94548  -1.80407    84.87631    87.94124    -3.06493
  -2.44619  -1.03615  -2.08541    95.01561    93.45031     1.56529
  -1.63595   0.03945   2.06894    98.13684    98.19908    -0.06224
  -2.16095   0.94878   1.78759    97.16545    93.38593     3.77952
  -0.58595   0.03945  -1.84971    99.58890    98.79012     0.79878
  -1.11095  -0.86988  -1.84971    98.46942    94.33395     4.13546
  -1.63595   0.03945  -2.13106    97.00481    92.54753     4.45728
  -2.17825   1.20163   1.65495    95.25469    92.63741     2.61728
  -2.70325   2.11095   1.37361    85.42161    88.65453    -3.23291
  -3.22825   1.20163   1.37361    95.95624    94.13356     1.82268
  -2.43707   3.00177   0.60495    90.84016    93.74304    -2.90289
  -2.92292   3.16516  -0.44505   101.79208   101.12772     0.66436
  -1.12825   1.20163  -2.26370    97.95612    99.24260    -1.28649
  -2.70325   2.11095  -2.26370    94.40316    96.12692    -1.72376
  -3.22825   1.20163  -2.26370    91.86174    94.40414    -2.54240
  -2.70325   0.29230  -2.26370    91.88433    91.70189     0.18244
  -1.65325   0.29230  -2.26370    92.80928    91.05429     1.75500
  -2.17825   1.20163  -2.54505    86.60698    89.92512    -3.31814
  -1.33330   3.52763  -0.28576   102.93603   102.83541     0.10062
  -2.40963   3.33784  -0.28576   101.06919   101.31691    -0.24772
  -0.38678   2.98116  -1.32406   106.17461   106.32533    -0.15072
  -1.33330   3.52763  -1.32406   101.71427   101.15292     0.56135
  -2.40963   3.33784  -1.32406   101.60006   100.82059     0.77947
  -0.62327   1.95413  -2.16406   103.15252   103.65650    -0.50398
  -1.30560   2.89328  -2.16406   100.14110   100.20439    -0.06328
  -2.40963   2.53456  -2.16406    98.77125    99.52896    -0.75771
  -1.61075   1.95413  -2.48491    96.22168    98.28295    -2.06128
  -3.97747   1.92198   0.93179    97.33425    97.30900     0.02526
  -3.97747   0.76113   0.93179   105.45611   102.49444     2.96167
  -3.97747   2.72527   0.09180    97.95612    97.64445     0.31167
  -4.68000   1.88803   0.09180   100.87090    99.25084     1.62005
  -4.68000   0.79509   0.09180   108.99526   106.32273     2.67253
  -3.97747   2.72527  -0.94650   100.20134    99.11845     1.08289
  -4.68000   1.88803  -0.94650   101.40867    99.82153     1.58714
  -4.68000   0.79509  -0.94650   109.78467   107.38140     2.40327
  -3.97747   1.92198  -1.78650    99.51924    99.45570     0.06355
  -3.97747   0.76113  -1.78650   105.40340   104.90218     0.50122
  -1.40235  -0.04484   2.13586    95.83200    98.28196    -2.44997
  -0.87735  -0.95416   2.13586    98.10986   101.86476    -3.75490
  -0.35235  -0.04484  -1.78279    97.32923    98.66161    -1.33237
  -0.65384  -1.32562  -1.46667   100.12479    97.77112     2.35367
   0.46380  -2.60356  -1.57387    83.59242    84.91296    -1.32054
   0.95414   3.23760  -0.17744    85.46428    87.55715    -2.09286
   3.22876   2.25731  -1.22744    68.87419    70.36502    -1.49083
   1.21741   2.78624   1.76351    83.76248    82.41365     1.34883
  -4.81943  -0.50334   0.02341   105.11976   104.20676     0.91300
  -4.81943  -1.59628   0.02341    99.91018    99.35378     0.55640
  -4.11690  -2.43352   0.02341   103.23473   101.95422     1.28050
  -4.81943  -0.50334  -1.01488   107.53881   105.14911     2.38971
  -4.81943  -1.59628  -1.01488   100.70461    99.07790     1.62671
  -4.11690  -2.43352  -1.01488    98.95699    98.18489     0.77211
  -4.11690  -0.46939  -1.85488   106.97343   104.39868     2.57475
  -4.11690  -1.63024  -1.85488    99.34228    98.16732     1.17497
  -3.01286  -1.98896  -1.85488    93.89676    95.66481    -1.76805
  -3.31801  -1.04981  -2.17574   100.03129    98.73781     1.29348
  -2.23805  -1.83155   2.27974   100.34002   101.45992    -1.11989
  -1.25057  -1.83155   1.95889   108.50643   110.00440    -1.49797
  -3.03693  -2.41197   1.95889    97.86575    98.67895    -0.81320
  -1.93290  -2.77069   1.95889   102.71578   102.89490    -0.17913
  -3.73946  -2.37802   1.11889   100.34504   100.54274    -0.19770
  -3.03693  -3.21526   1.11889    99.91708    99.43506     0.48202
  -1.96059  -3.40505   1.11889   102.78919   102.45997     0.32923
  -3.03693  -3.21526   0.08059   101.21352   100.80196     0.41156
  -1.96059  -3.40505   0.08059   101.86111   102.11254    -0.25143
  -1.04627  -3.51281   0.51082    97.00732    96.55734     0.44998
   0.03007  -3.70260   0.51082    85.25972    85.09974     0.15997
  -1.04627  -3.51281  -0.52747    90.88848    89.67383     1.21465
   0.03007  -3.70260  -0.52747    83.32510    82.06345     1.26165
  -1.04627  -2.70952  -1.36747    89.12894    89.43193    -0.30299
   0.05776  -3.06824  -1.36747    83.68906    83.52067     0.16838
  -0.24739  -2.12910  -1.68832    89.09380    89.49533    -0.40154
   0.66028  -1.53472   3.07616    81.74566    80.31137     1.43429
   1.64776  -1.53472   2.75531    80.16748    78.26878     1.89870
   0.96542  -0.59557   2.75531    88.32322    86.62329     1.69993
  -0.13861  -0.95429   2.75531    88.80954    89.74240    -0.93286
  -0.13861  -2.11514   2.75531    84.94157    85.45161    -0.51004
   0.96542  -2.47387   2.75531    78.71918    77.27448     1.44470
   2.25805  -1.53472   1.91531    82.45789    81.77122     0.68667
  -0.84114  -2.08119   1.91531   102.93101   105.99678    -3.06577
  -0.13861  -2.91843   1.91531    87.60597    90.19137    -2.58540
   0.93773  -3.10822   1.91531    80.20199    80.08083     0.12116
   1.88424  -2.56175   1.91531    79.03168    77.73682     1.29487
   0.54818   0.21967  -2.09447    89.07372    90.67727    -1.60355
  -0.15435  -0.61758  -2.09447    91.18968    91.15736     0.03232
  -0.15435  -1.71052  -2.09447    86.24993    86.17974     0.07018
   0.54818  -2.54776  -2.09447    77.27905    78.56973    -1.29068
   1.62452  -2.73755  -2.09447    69.63473    72.39661    -2.76188
   2.33455  -1.16405  -2.93447    68.16824    68.26735    -0.09911
   1.65222  -0.22490  -2.93447    74.34733    73.88845     0.45887
   0.54818  -0.58362  -2.93447    79.12330    77.96136     1.16194
   0.54818  -1.74447  -2.93447    74.87255    73.89642     0.97613
   1.65222  -2.10320  -2.93447    67.85637    68.14359    -0.28722
   1.34707  -1.16405  -3.25532    71.18593    69.86678     1.31915
   3.20444  -2.16270   0.94705    72.59406    72.31092     0.28314
   2.52211  -3.10185   0.94705    73.55604    71.21687     2.33916
   3.81473  -2.16270   0.10705    67.82687    67.10642     0.72045
   1.41807  -3.54642   0.10705    79.16158    77.11901     2.04257
   2.49441  -3.73621   0.10705    69.95978    66.37346     3.58632
   3.44092  -3.18973   0.10705    66.84482    63.40554     3.43928
   3.81473  -2.16270  -0.93124    66.47020    65.58363     0.88656
   1.41807  -3.54642  -0.93124    74.34356    73.77525     0.56831
   2.49441  -3.73621  -0.93124    67.38825    64.62476     2.76348
   3.44092  -3.18973  -0.93124    64.99555    62.05496     2.94059
   3.20444  -2.16270  -1.77124    66.74442    67.37864    -0.63422
   2.52211  -3.10185  -1.77124    65.95313    66.06549    -0.11236
   4.96796   0.05695  -0.32583    60.23903    61.40262    -1.16360
   4.59415   1.08398  -0.32583    62.85135    63.96053    -1.10917
   4.59415  -0.97008  -0.32583    62.32424    64.19347    -1.86922
   4.96796   0.05695  -1.36413    60.85524    59.06409     1.79115
   4.59415   1.08398  -1.36413    62.60223    61.35681     1.24542
   3.64764   1.63046  -1.36413    68.52843    69.04583    -0.51740
   3.64764  -1.51655  -1.36413    69.34670    69.40100    -0.05429
   4.59415  -0.97008  -1.36413    62.35687    61.45744     0.89944
   4.35767   0.05695  -2.20413    63.00258    60.78381     2.21877
   3.67533   0.99610  -2.20413    66.23175    65.58940     0.64234
   2.57130   0.63738  -2.20413    74.82863    76.01404    -1.18541
   3.67533  -0.88219  -2.20413    66.21355    65.67814     0.53541
   3.37019   0.05695  -2.52498    67.23325    66.76859     0.46466
   2.94952  -0.16298   2.52876    73.47258    72.34129     1.13129
   3.93700  -0.16298   2.20791    65.85775    65.14540     0.71235
   3.25467   0.77617   2.20791    71.74002    71.31000     0.43002
   2.15064  -0.74341   2.20791    83.94885    83.22489     0.72396
   3.25467  -1.10213   2.20791    70.89728    70.12521     0.77207
   4.54730  -0.16298   1.36791    61.83353    63.29996    -1.46642
   4.17349   0.86405   1.36791    64.85750    66.37985    -1.52235
   3.22697  -1.73648   1.36791    72.62983    73.10761    -0.47778
   4.17349  -1.19001   1.36791    64.32725    65.25571    -0.92846
   2.61371   2.53639  -1.72381    68.51964    71.28054    -2.76089
   1.66719   3.08286  -1.72381    72.11904    74.77434    -2.65530
   0.59085   2.89307  -1.72381    85.35008    86.79870    -1.44862
  -0.11168   2.05583  -1.72381   106.02589   106.21289    -0.18700
  -0.11168   0.96289  -1.72381   101.95523   102.93917    -0.98393
   2.37722   1.50936  -2.56381    70.66447    71.29030    -0.62583
   1.69489   2.44850  -2.56381    71.68669    71.94245    -0.25577
   0.59085   2.08978  -2.56381    82.63484    82.11404     0.52081
   0.59085   0.92893  -2.56381    84.49729    84.55014    -0.05285
   1.69489   0.57021  -2.56381    77.69321    78.16526    -0.47205
   1.38974   1.50936  -2.88466    75.21643    74.60972     0.60670
   2.29134   2.12186   1.86312    79.66170    78.03075     1.63095
   3.27881   2.12186   1.54227    70.98576    69.48532     1.50044
   2.59648   3.06101   1.54227    71.91886    68.91802     3.00085
   3.88911   2.12186   0.70227    67.48488    66.25274     1.23215
   3.51530   3.14889   0.70227    66.65845    63.15807     3.50038
   2.56879   3.69536   0.70227    69.58265    66.43398     3.14867
   1.49245   3.50558   0.70227    78.35962    77.25624     1.10338
   3.88911   2.12186  -0.33603    67.29600    66.90588     0.39012
   3.51530   3.14889  -0.33603    65.57537    63.60681     1.96856
   2.56879   3.69536  -0.33603    68.14377    67.00006     1.14371
   1.49245   3.50558  -0.33603    76.44070    78.18227    -1.74158
   2.59648   3.06101  -1.17603    68.21342    70.47908    -2.26566
   0.14075   2.96395   2.07112    81.85548    82.44998    -0.59450
  -0.96329   2.60523   2.07112    84.54059    85.62566    -1.08507
   0.11305   3.59830   1.23112    83.13936    82.10431     1.03505
  -0.96329   3.40852   1.23112    87.56330    86.60474     0.95856
  -1.66582   2.57127   1.23112    91.26498    93.30390    -2.03892
   0.11305   3.59830   0.19283    89.10133    88.64452     0.45680
  -0.96329   3.40852   0.19283   100.99703   100.03700     0.96003
   0.14075   2.96395  -0.64717   100.33814   102.00851    -1.67037
   0.76725   0.95951   3.43381    78.22408    76.44271     1.78137
   1.75473   0.95951   3.11296    77.87769    75.52151     2.35618
   1.07240   1.89866   3.11296    76.70300    75.49550     1.20750
  -0.03164   1.53994   3.11296    79.62970    80.35797    -0.72827
  -0.03164   0.37909   3.11296    83.80452    83.87844    -0.07391
   1.07240   0.02036   3.11296    83.00696    80.98939     2.01756
   2.36503   0.95951   2.27295    81.41057    80.21945     1.19112
   1.99122   1.98654   2.27295    79.91584    78.37979     1.53605
   1.04470   2.53301   2.27295    81.57812    81.22128     0.35683
   1.99122  -0.06752   2.27295    86.93642    85.65686     1.27956
  -2.44619  -1.03615   2.41459    91.03029    92.35718    -1.32688
  -2.96685  -0.13434   2.17691    87.02302    86.92446     0.09856
  -3.48751  -1.03615   2.17691    83.94383    86.26058    -2.31675
  -3.67497   0.38193   1.51096    92.23072    90.69815     1.53257
  -4.24658  -0.50751   1.51096    85.41848    87.06801    -1.64953
  -4.24658  -1.56480   1.51096    85.97508    87.76741    -1.79233
  -3.90505  -2.86550   0.54864    94.58262    94.00135     0.58128
  -2.96685  -3.31732  -0.51946    91.47582    91.93335    -0.45752
  -2.71323  -2.89345  -1.48179    84.97106    86.83853    -1.86746
  -1.66671  -2.74298  -1.48179    84.78657    87.01924    -2.23266
  -1.92553  -1.93796  -2.14774    82.89714    84.51523    -1.61808
  -2.44619  -1.03615  -2.38541    89.63471    88.56522     1.06949
  -1.63595   0.03945   2.36894    91.76762    92.69069    -0.92307
  -2.15661   0.94126   2.13127    90.45863    88.95387     1.50476
  -0.59463   0.03945  -2.19338    93.42612    92.83434     0.59178
  -1.11529  -0.86236  -2.19338    91.59003    89.31449     2.27554
  -2.69891   2.10344   1.71728    82.72395    84.61992    -1.89597
  -3.21957   1.20163   1.71728    89.28582    88.16495     1.12087
  -2.44529   3.05892   1.05133    84.08188    86.50580    -2.42392
  -3.40702   2.61971   1.05133    86.72307    88.45687    -1.73380
  -2.69891   3.48279   0.08900    90.03067    90.84246    -0.81179
  -3.40702   2.61971  -1.94142    92.57397    92.51596     0.05801
  -1.13693   1.20163  -2.60737    90.36890    91.59107    -1.22218
  -2.69891   2.10344  -2.60737    86.84104    88.44036    -1.59932
  -3.21957   1.20163  -2.60737    85.71090    87.45188    -1.74098
  -2.69891   0.29981  -2.60737    86.83351    87.05056    -0.21705
  -1.65759   0.29981  -2.60737    87.37129    86.91611     0.45517
  -2.17825   1.20163  -2.84505    83.25733    85.40273    -2.14539
  -2.12457   3.53552   0.15509    92.40956    93.42662    -1.01706
  -0.65075   3.61690  -0.80491    96.37793    96.33217     0.04576
  -1.61075   3.87413  -0.80491    92.78355    92.62448     0.15908
  -2.57075   3.61690  -0.80491    93.85032    93.53357     0.31675
  -0.26554   2.93148  -1.76491    96.60885    97.08148    -0.47263
  -1.09692   3.53552  -1.76491    92.81179    92.66852     0.14328
  -2.12457   3.53552  -1.76491    91.83915    91.57875     0.26041
  -0.65075   1.95413  -2.46768    94.35170    95.03689    -0.68519
  -1.13075   2.78552  -2.46768    91.79083    92.20469    -0.41386
  -2.09075   2.78552  -2.46768    90.49314    91.13879    -0.64565
  -1.61075   1.95413  -2.72491    89.56882    91.24252    -1.67370
  -3.65859   2.17294   1.23541    88.42362    89.44737    -1.02375
  -4.13859   1.34156   1.23541    92.92035    91.98347     0.93688
  -3.69241   2.92294   0.53265    89.22495    89.93860    -0.71365
  -4.52380   2.31891   0.53265    90.19633    89.64351     0.55282
  -4.84136   1.34156   0.53265    94.54999    93.08857     1.46143
  -4.52380   0.36421   0.53265   103.58237   101.69414     1.88822
  -4.13859   3.00433  -0.42735    90.84079    90.25687     0.58391
  -4.84136   2.30156  -0.42735    91.29071    90.16513     1.12558
  -5.09859   1.34156  -0.42735    95.53079    93.84570     1.68509
  -4.84136   0.38156  -0.42735   106.66469   104.28728     2.37741
  -3.69241   2.92294  -1.38735    93.67148    92.97750     0.69398
  -4.52380   2.31891  -1.38735    91.46892    90.67806     0.79086
  -4.84136   1.34156  -1.38735    95.07334    93.86491     1.20843
  -4.52380   0.36421  -1.38735   106.69795   104.51603     2.18192
  -3.65859   2.17294  -2.09012    92.04435    92.45473    -0.41038
  -4.13859   1.34156  -2.09012    93.05401    93.18150    -0.12749
  -1.39367  -0.04484   2.47953    89.95725    92.03772    -2.08046
  -0.87301  -0.94665   2.47953    92.22570    95.04693    -2.82123
  -0.35235  -0.04484  -2.08279    93.24603    93.72777    -0.48174
  -0.83261  -2.74370   1.84836    95.87090    98.55900    -2.68810
   0.91682  -3.60678   0.88603    79.31908    79.08472     0.23436
  -0.64516  -1.32562  -1.81034    93.41985    92.45362     0.96623
   1.38773  -3.08641  -2.02025    68.79198    70.82941    -2.03742
   4.86452  -0.02034   0.37969    59.11516    62.21251    -3.09735
   4.63281   0.99487   0.37969    60.89478    63.29154    -2.39676
   3.98355  -1.84969   0.37969    65.78119    66.76968    -0.98848
   4.63281  -1.03556   0.37969    60.37645    63.09366    -2.71721
   1.17815   3.55523  -0.71149    76.46705    79.00053    -2.53348
   3.27733   2.28852  -1.67382    65.10788    66.77492    -1.66705
   1.24139   2.83877   2.20989    77.15982    76.67690     0.48293
  -1.33848   1.66058   2.20989    87.25206    88.84299    -1.59094
  -4.66322  -0.07246   0.46427   100.75042    99.95779     0.79262
  -4.98078  -1.04981   0.46427    92.44093    92.62100    -0.18007
  -4.66322  -2.02716   0.46427    92.47482    92.41680     0.05802
  -4.98078  -0.08981  -0.49573   102.73272   100.84499     1.88773
  -5.23801  -1.04981  -0.49573    93.76372    92.64611     1.11762
  -4.98078  -2.00981  -0.49573    91.21102    90.36030     0.85072
  -4.27801  -2.71258  -0.49573    92.51749    91.81823     0.69926
  -4.66322  -0.07246  -1.45574   103.13370   100.91754     2.21616
  -4.98078  -1.04981  -1.45574    94.12015    92.52036     1.59979
  -4.66322  -2.02716  -1.45574    90.62367    89.64861     0.97506
  -3.83184  -2.63120  -1.45574    89.77214    89.81969    -0.04755
  -3.79801  -0.21843  -2.15850    99.52238    97.62364     1.89874
  -4.27801  -1.04981  -2.15850    93.55978    92.14947     1.41032
  -3.79801  -1.88120  -2.15850    89.73072    89.45661     0.27411
  -3.31801  -1.04981  -2.41573    92.58840    91.61724     0.97116
  -2.23805  -1.83155   2.51974    92.76096    93.86023    -1.09927
  -1.27805  -1.83155   2.26251    99.43892   101.07728    -1.63836
  -3.19804  -1.83155   2.26251    88.98210    90.71416    -1.73206
  -2.71805  -2.66293   2.26251    90.86777    91.39283    -0.52506
  -1.75804  -2.66293   2.26251    94.75017    95.44204    -0.69187
  -3.58325  -2.80890   1.55974    90.60798    90.90722    -0.29924
  -2.75187  -3.41293   1.55974    91.34154    91.20539     0.13614
  -1.72422  -3.41293   1.55974    94.70938    94.93226    -0.22288
  -3.19804  -3.49431   0.59974    92.04560    91.72660     0.31900
  -2.23805  -3.75155   0.59974    92.80489    92.71077     0.09412
  -2.75187  -3.41293  -0.36026    92.53945    93.03777    -0.49832
  -1.72422  -3.41293  -0.36026    94.82986    95.29285    -0.46299
  -0.76121  -3.71048   0.95168    87.76285    88.37117    -0.60832
   0.26644  -3.71048   0.95168    81.26750    81.93662    -0.66912
  -1.20739  -3.79186  -0.00833    88.80263    88.35184     0.45080
  -0.24739  -4.04910  -0.00833    80.00119    79.43237     0.56882
   0.71261  -3.79186  -0.00833    79.05992    78.33012     0.72980
  -1.59259  -3.10645  -0.96832    89.87881    91.08044    -1.20162
  -0.76121  -3.71048  -0.96832    81.49654    80.89628     0.60026
   0.26644  -3.71048  -0.96832    77.86075    77.45525     0.40550
  -0.72739  -2.96048  -1.67109    82.12531    82.35015    -0.22484
   0.23261  -2.96048  -1.67109    79.57824    80.37866    -0.80042
   0.66028  -1.53472   3.31616    77.10209    76.30709     0.79500
   1.62028  -1.53472   3.05893    75.46806    74.19714     1.27092
   1.14028  -0.70333   3.05893    81.33339    80.13983     1.19356
   0.18028  -0.70333   3.05893    83.87668    84.03093    -0.15425
  -0.29972  -1.53472   3.05893    82.44408    83.18574    -0.74166
   0.18028  -2.36610   3.05893    77.42338    77.42958    -0.00621
   1.14028  -2.36610   3.05893    73.84908    72.81566     1.03342
   2.32305  -1.53472   2.35616    76.83164    76.13792     0.69372
  -1.00249  -1.53472   2.35616    96.01397    98.20070    -2.18672
  -0.68493  -2.51207   2.35616    88.79636    90.85470    -2.05834
   0.14645  -3.11611   2.35616    78.82021    79.80800    -0.98778
   1.17410  -3.11611   2.35616    74.14276    73.70785     0.43490
   2.00548  -2.51207   2.35616    73.65518    72.67229     0.98289
   1.62028  -3.19749   1.39616    77.41898    76.57962     0.83936
   3.00984  -1.16405  -2.53532    66.36478    67.28893    -0.92415
   0.00186  -0.18670  -2.53532    85.34443    85.55686    -0.21243
  -0.31570  -1.16405  -2.53532    83.37468    82.87788     0.49679
   0.00186  -2.14140  -2.53532    77.04813    77.29274    -0.24461
   0.83324  -2.74544  -2.53532    69.86754    70.97539    -1.10785
   1.86089  -2.74544  -2.53532    64.93908    66.70977    -1.77069
   2.69228  -2.14140  -2.53532    63.81144    65.42884    -1.61740
   2.30707  -1.16405  -3.23809    64.97171    65.13568    -0.16397
   1.82707  -0.33266  -3.23809    69.31031    69.18468     0.12562
   0.86707  -0.33266  -3.23809    73.86226    73.36796     0.49430
   0.38707  -1.16405  -3.23809    73.54976    72.79367     0.75609
   0.86707  -1.99543  -3.23809    68.43807    68.19797     0.24010
   1.82707  -1.99543  -3.23809    64.32474    64.63118    -0.30644
   1.34707  -1.16405  -3.49532    67.63046    67.00155     0.62892
   3.17696  -2.16270   1.25067    71.02592    71.08095    -0.05503
   2.69696  -2.99409   1.25067    70.45677    69.15772     1.29905
   3.87973  -2.16270   0.54790    65.59671    65.67218    -0.07547
   1.70313  -3.74409   0.54790    73.42049    71.77442     1.64607
   2.73078  -3.74409   0.54790    66.28822    63.89391     2.39431
   3.56217  -3.14006   0.54790    63.98150    62.03471     1.94678
   4.13696  -2.16270  -0.41210    63.39666    63.13000     0.26666
   1.25696  -3.82547  -0.41210    74.16723    73.18332     0.98391
   2.21696  -4.08270  -0.41210    66.14076    64.05910     2.08165
   3.17696  -3.82547  -0.41210    62.51814    59.90550     2.61264
   3.87973  -3.12271  -0.41210    61.55115    59.55098     2.00017
   3.87973  -2.16270  -1.37210    63.16950    62.98349     0.18601
   1.70313  -3.74409  -1.37210    67.34934    67.23040     0.11894
   2.73078  -3.74409  -1.37210    62.47359    61.10682     1.36677
   3.56217  -3.14006  -1.37210    61.01840    59.70109     1.31731
   2.69696  -2.99409  -2.07486    62.74216    63.47312    -0.73095
   5.03296   0.05695   0.11502    58.08228    60.37199    -2.28971
   4.71539   1.03430   0.11502    60.49254    62.46547    -1.97293
   5.29019   0.05695  -0.84498    56.86177    56.77249     0.08928
   5.03296   1.01695  -0.84498    58.22096    58.19588     0.02508
   4.33019   1.71972  -0.84498    62.64804    63.03195    -0.38391
   4.33019  -1.60581  -0.84498    62.70451    63.24797    -0.54346
   5.03296  -0.90305  -0.84498    58.00133    58.29697    -0.29564
   5.03296   0.05695  -1.80498    57.63800    56.32319     1.31481
   4.71539   1.03430  -1.80498    59.04049    58.06993     0.97056
   3.88401   1.63834  -1.80498    63.48388    63.75072    -0.26684
   3.88401  -1.52443  -1.80498    63.77505    63.93602    -0.16097
   4.71539  -0.92040  -1.80498    58.94071    58.12572     0.81500
   4.33019   0.05695  -2.50775    59.89264    58.69198     1.20067
   3.85019   0.88834  -2.50775    62.22259    61.75186     0.47073
   2.89019   0.88834  -2.50775    68.63009    69.51338    -0.88329
   3.85019  -0.77443  -2.50775    62.19309    61.78460     0.40849
   3.37019   0.05695  -2.76498    64.35173    64.29552     0.05620
   2.94952  -0.16298   2.76876    70.35448    69.62208     0.73240
   3.90952  -0.16298   2.51153    63.29437    62.90008     0.39429
   3.42952   0.66840   2.51153    67.21631    66.87572     0.34058
   2.46952  -0.99437   2.51153    75.84645    75.25645     0.59000
   3.42952  -0.99437   2.51153    66.50220    66.00190     0.50030
   4.61229  -0.16298   1.80876    59.48790    60.23247    -0.74457
   4.29473   0.81437   1.80876    61.82537    62.60826    -0.78288
   3.46335   1.41841   1.80876    69.20426    69.51269    -0.30843
   3.46335  -1.74437   1.80876    67.39954    67.56137    -0.16183
   4.29473  -1.14033   1.80876    61.27066    61.72651    -0.45586
   4.86952  -0.16298   0.84876    58.49895    61.06790    -2.56895
   4.61229   0.79702   0.84876    60.62871    63.11327    -2.48456
   3.90952  -1.82575   0.84876    65.68707    66.73883    -1.05177
   4.61229  -1.12298   0.84876    60.01564    62.07922    -2.06359
   1.38974   3.42936  -1.20466    73.58239    76.59766    -3.01527
   0.42974   3.17213  -1.20466    87.68316    89.79934    -2.11618
   3.05251   1.50936  -2.16466    68.11867    69.38964    -1.27097
   2.73495   2.48671  -2.16466    65.16623    66.96758    -1.80135
   1.90356   3.09074  -2.16466    67.43468    69.16990    -1.73522
   0.87592   3.09074  -2.16466    75.79813    76.93540    -1.13727
   0.04453   2.48671  -2.16466    90.56405    91.03334    -0.46929
  -0.27303   1.50936  -2.16466    98.04083    98.45027    -0.40944
   0.04453   0.53201  -2.16466    91.33338    92.72620    -1.39282
   2.34974   1.50936  -2.86743    67.61917    68.21791    -0.59874
   1.86974   2.34074  -2.86743    67.64615    68.11023    -0.46408
   0.90974   2.34074  -2.86743    74.28206    74.31277    -0.03070
   0.42974   1.50936  -2.86743    80.41722    80.39621     0.02101
   0.90974   0.67797  -2.86743    78.25420    78.52281    -0.26861
   1.86974   0.67797  -2.86743    72.60473    73.12549    -0.52075
   1.38974   1.50936  -3.12466    71.62707    71.55214     0.07493
   2.29134   2.12186   2.10312    76.86803    75.64437     1.22366
   3.25133   2.12186   1.84589    68.60373    67.67832     0.92541
   2.77134   2.95324   1.84589    68.23789    66.31972     1.91817
   1.81133   2.95324   1.84589    75.88159    74.42052     1.46106
   3.95410   2.12186   1.14312    64.64226    63.98142     0.66084
   3.63654   3.09921   1.14312    63.30692    61.04010     2.26682
   2.80516   3.70325   1.14312    65.43669    63.05334     2.38335
   1.77751   3.70325   1.14312    71.93894    70.53621     1.40273
   4.21134   2.12186   0.18312    63.46506    63.24544     0.21961
   3.95410   3.08186   0.18312    61.73564    60.01556     1.72008
   3.25133   3.78463   0.18312    62.73024    60.73786     1.99238
   2.29134   4.04186   0.18312    66.55366    65.43958     1.11408
   1.33133   3.78463   0.18312    75.21078    75.55981    -0.34904
   3.95410   2.12186  -0.77688    64.72572    65.07744    -0.35172
   3.63654   3.09921  -0.77688    62.17239    61.80640     0.36599
   2.80516   3.70325  -0.77688    63.87733    63.95674    -0.07941
   1.77751   3.70325  -0.77688    70.12983    71.98266    -1.85283
  -0.64440   2.85619   2.37474    78.29373    79.42073    -1.12699
  -1.12440   2.02480   2.37474    83.24102    85.21787    -1.97685
   0.34942   3.60619   1.67198    77.18430    76.86907     0.31522
  -0.67822   3.60619   1.67198    78.94634    78.68713     0.25921
  -1.50961   3.00215   1.67198    83.21341    84.05214    -0.83874
   0.79560   3.68757   0.71198    79.95224    79.72228     0.22996
  -0.16440   3.94480   0.71198    81.37041    80.77064     0.59977
  -1.12440   3.68757   0.71198    87.57397    87.23605     0.33792
   0.34942   3.60619  -0.24802    85.97633    86.83651    -0.86018
  -0.67822   3.60619  -0.24802    96.77389    96.41993     0.35396
   0.76725   0.95951   3.67381    73.56294    72.51704     1.04590
   1.72725   0.95951   3.41658    72.89966    71.32253     1.57713
   1.24725   1.79090   3.41658    71.84921    70.84122     1.00799
   0.28725   1.79090   3.41658    73.68781    73.85707    -0.16926
  -0.19275   0.95951   3.41658    77.04248    77.52269    -0.48021
   0.28725   0.12813   3.41658    78.92940    78.55129     0.37811
   1.24725   0.12813   3.41658    76.59255    75.15666     1.43589
   2.43002   0.95951   2.71381    75.14928    74.07663     1.07266
   2.11246   1.93686   2.71381    73.55039    72.41239     1.13800
   1.28108   2.54090   2.71381    74.30465    73.88370     0.42096
   0.25343   2.54090   2.71381    76.89941    78.14248    -1.24307
  -0.89552   0.95951   2.71381    84.83113    86.96745    -2.13633
  -0.57796  -0.01784   2.71381    87.39639    89.97958    -2.58320
   2.11246  -0.01784   2.71381    79.40882    78.32211     1.08671
  -2.44619  -1.03615   2.71459    85.48562    86.57520    -1.08958
  -2.96282  -0.14134   2.50906    82.77603    82.96234    -0.18631
  -3.47944  -1.03615   2.50906    80.10473    81.63042    -1.52569
  -3.69645   0.40671   1.92377    85.13045    84.49286     0.63759
  -4.27805  -0.49827   1.92377    80.06456    81.20882    -1.14425
  -4.27805  -1.57403   1.92377    80.09155    81.50922    -1.41767
  -4.69364   0.04616   1.04783    89.42889    89.18212     0.24677
  -4.94067  -1.03615   1.04783    84.35045    85.07808    -0.72762
  -4.69364  -2.11847   1.04783    83.63070    84.06346    -0.43276
  -4.35538  -2.94534   0.01459    86.50658    86.03321     0.47337
  -3.47944  -3.53063   0.01459    86.59819    86.40205     0.19614
  -3.00127  -3.46809  -1.01866    82.48801    83.16012    -0.67211
  -1.89112  -3.46809  -1.01866    84.02478    85.02256    -0.99778
  -2.71790  -2.92591  -1.89460    79.58075    80.92068    -1.33993
  -1.65309  -2.77281  -1.89460    79.96354    81.46984    -1.50630
  -2.96282  -1.93097  -2.47989    82.65555    83.22186    -0.56631
  -1.92957  -1.93097  -2.47989    79.90141    80.69814    -0.79673
  -2.44619  -1.03615  -2.68541    84.55879    83.80409     0.75470
  -2.15257   0.93427   2.46342    84.95600    84.55714     0.39886
  -0.60271   0.03945  -2.52553    87.98938    87.60170     0.38769
  -1.11933  -0.85537  -2.52553    86.09368    84.76508     1.32860
  -2.69487   2.09644   2.04943    79.64539    80.77607    -1.13068
  -3.21149   1.20163   2.04943    84.04046    83.37434     0.66612
  -2.44995   3.09138   1.46414    79.30653    81.05498    -1.74844
  -3.42850   2.64449   1.46414    80.21579    81.47838    -1.26258
  -4.01010   0.66374   1.46414    90.82573    89.56776     1.25797
  -1.62317   3.63356   0.58820    87.88208    88.47917    -0.59709
  -2.73332   3.63356   0.58820    81.73499    82.78238    -1.04738
  -3.21149   3.69610  -0.44505    85.12041    85.05955     0.06086
  -3.73353   3.15188  -1.47829    87.01925    86.54282     0.47644
  -3.42850   2.64449  -2.35423    83.93818    84.22586    -0.28768
  -4.01010   0.66374  -2.35423    90.00181    89.81080     0.19101
  -1.14500   1.20163  -2.93952    84.25633    85.18920    -0.93287
  -2.69487   2.09644  -2.93952    80.81569    82.04290    -1.22721
  -3.21149   1.20163  -2.93952    80.53582    81.66975    -1.13393
  -2.69487   0.30681  -2.93952    82.08075    82.31216    -0.23141
  -1.66162   0.30681  -2.93952    82.63861    82.58092     0.05769
  -2.17825   1.20163  -3.14505    79.41446    80.78618    -1.37172
  -1.87696   3.80571   0.27509    86.84857    87.46671    -0.61814
  -0.38373   3.73178  -0.80491    90.17186    90.44481    -0.27295
  -1.35039   4.09838  -0.80491    86.32962    86.27890     0.05072
  -2.37669   3.97377  -0.80491    86.07924    85.99617     0.08307
  -0.83366   3.65570  -1.88491    86.24993    86.35545    -0.10552
  -1.87696   3.80571  -1.88491    84.75143    84.65505     0.09639
  -0.53075   1.95413  -2.67552    88.43868    89.04336    -0.60468
  -1.07075   2.88944  -2.67552    85.18065    85.61722    -0.43657
  -2.15075   2.88944  -2.67552    84.22872    84.80508    -0.57637
  -4.25859   1.34156   1.44326    86.86740    86.19005     0.67734
  -4.40358   2.75527   0.65265    82.97056    82.89516     0.07540
  -4.97343   1.86857   0.65265    85.18755    84.35739     0.83016
  -4.97343   0.81455   0.65265    91.08426    89.79748     1.28678
  -3.94453   3.36119  -0.42735    85.00432    84.70084     0.30348
  -4.79537   2.77390  -0.42735    83.64137    82.95719     0.68418
  -5.27582   1.85848  -0.42735    85.79435    84.67597     1.11838
  -5.27582   0.82464  -0.42735    92.15793    90.60301     1.55492
  -4.40358   2.75527  -1.50735    84.61903    84.10141     0.51762
  -4.97343   1.86857  -1.50735    85.71780    84.92029     0.79751
  -4.97343   0.81455  -1.50735    92.01611    90.74704     1.26907
  -4.25859   1.34156  -2.29797    86.91822    86.94938    -0.03115
  -1.38559  -0.04484   2.81168    84.91270    86.51053    -1.59783
  -0.86897  -0.93965   2.81168    86.81719    88.78383    -1.96664
   0.95124  -3.75755   1.38523    74.26700    74.34479    -0.07778
   1.09969  -3.66104  -1.55712    69.23375    69.87994    -0.64619
   2.44787  -2.96577  -2.43306    61.44071    62.62793    -1.18722
   3.26088  -2.26130  -2.43306    60.47497    61.34576    -0.87079
   4.77214   1.06197   0.87888    58.61001    60.33323    -1.72322
   4.43388   1.88885  -0.15436    61.49781    61.99957    -0.50176
   4.43388  -1.92953  -0.15436    60.76112    61.38777    -0.62665
   3.94625   2.35638  -1.21069    61.66222    62.20664    -0.54442
   1.14374   3.70600  -1.21069    72.90029    74.97931    -2.07902
   3.30492   2.30625  -2.08663    62.38888    63.69223    -1.30336
   0.19020   3.02169   2.62270    73.53784    74.29901    -0.76117
  -1.36994   1.66982   2.62270    81.17149    82.63946    -1.46797
   1.01698   3.56387   1.74676    73.89364    73.42706     0.46657
  -5.11285  -0.52280   0.58427    88.80954    88.69964     0.10990
  -5.11285  -1.57683   0.58427    85.23964    85.37322    -0.13358
  -5.41525  -0.53289  -0.49573    89.72696    88.59859     1.12837
  -5.41525  -1.56673  -0.49573    84.99679    84.23583     0.76096
  -4.93480  -2.48216  -0.49573    84.36614    83.77833     0.58782
  -5.11285  -0.52280  -1.57574    90.03946    88.56064     1.47881
  -5.11285  -1.57683  -1.57574    84.87129    83.82886     1.04242
  -4.54300  -2.46353  -1.57574    83.27867    82.77430     0.50436
  -3.58423  -2.90139  -1.57574    83.78130    84.21341    -0.43211
  -3.85801  -0.11450  -2.36635    92.95675    91.68040     1.27635
  -4.39801  -1.04981  -2.36635    86.63396    85.54504     1.08892
  -3.85801  -1.98512  -2.36635    83.36652    83.16029     0.20622
  -3.31801  -1.04981  -2.65573    86.62643    85.88203     0.74440
  -2.23805  -1.83155   2.75974    86.70111    87.71547    -1.01436
  -3.31805  -1.83155   2.47036    83.39288    84.79655    -1.40368
  -2.77804  -2.76685   2.47036    84.17663    84.71514    -0.53851
  -1.69805  -2.76685   2.47036    87.99377    88.76146    -0.76768
  -3.46304  -3.24526   1.67974    83.84531    83.97605    -0.13074
  -2.50426  -3.68312   1.67974    84.85183    84.87109    -0.01925
  -1.46096  -3.53312   1.67974    88.65329    89.21206    -0.55878
  -3.00399  -3.85118   0.59974    84.94157    84.82505     0.11652
  -1.97769  -3.97580   0.59974    86.72621    86.73860    -0.01239
  -0.51360  -3.98067   1.07168    80.31620    80.90820    -0.59201
  -1.01333  -4.14873  -0.00833    80.51763    80.25254     0.26509
   0.01297  -4.27335  -0.00833    74.78470    74.43375     0.35095
  -1.47238  -3.54281  -1.08832    82.54699    82.96774    -0.42074
  -0.51360  -3.98067  -1.08832    75.59168    75.26971     0.32197
   0.52969  -3.83067  -1.08832    73.76123    73.67980     0.08143
  -0.78739  -3.06440  -1.87894    78.29813    78.71083    -0.41270
   0.66028  -1.53472   3.55616    73.22534    72.73411     0.49123
   1.74028  -1.53472   3.26678    71.53420    70.61828     0.91592
   1.20028  -0.59941   3.26678    77.73274    76.74665     0.98609
   0.12028  -0.59941   3.26678    80.50194    80.74013    -0.23819
  -0.41972  -1.53472   3.26678    79.03545    79.77834    -0.74289
   0.12028  -2.47003   3.26678    73.67777    73.82865    -0.15088
   1.20028  -2.47003   3.26678    69.84871    69.16589     0.68282
   2.53089  -1.53472   2.47616    73.18581    72.67521     0.51059
  -1.13457  -2.06173   2.47616    92.27966    93.94416    -1.66449
  -0.56471  -2.94843   2.47616    81.70550    83.14744    -1.44194
   0.39406  -3.38629   2.47616    73.39351    73.90143    -0.50792
   1.43736  -3.23629   2.47616    69.89013    69.45571     0.43442
   2.23394  -2.54605   2.47616    69.87946    69.16395     0.71551
   0.12208   0.24967  -2.65532    83.83339    84.37007    -0.53668
  -0.44777  -0.63704  -2.65532    83.85472    83.35769     0.49703
  -0.44777  -1.69106  -2.65532    78.91936    78.84102     0.07834
   0.12208  -2.57776  -2.65532    72.12531    72.64133    -0.51602
   1.08085  -3.01562  -2.65532    65.76049    66.84021    -1.07973
   2.12415  -2.86562  -2.65532    62.03873    63.38818    -1.34946
   2.42707  -1.16405  -3.44594    62.14101    62.38843    -0.24742
   1.88707  -0.22874  -3.44594    66.56809    66.62587    -0.05778
   0.80707  -0.22874  -3.44594    71.34846    71.12679     0.22167
   0.26707  -1.16405  -3.44594    70.96128    70.52488     0.43640
   0.80707  -2.09936  -3.44594    65.65318    65.62556     0.02762
   1.88707  -2.09936  -3.44594    61.51036    61.87771    -0.36735
   1.34707  -1.16405  -3.73532    64.70752    64.39717     0.31035
   2.75696  -3.09801   1.45852    67.64113    66.65918     0.98195
   4.08757  -2.16270   0.66790    62.79237    63.11920    -0.32683
   1.95074  -4.01428   0.66790    67.89653    66.50117     1.39535
   2.99404  -3.86428   0.66790    62.36189    60.57998     1.78192
   3.79062  -3.17404   0.66790    60.80316    59.51566     1.28750
   4.37696  -2.16270  -0.41210    60.52768    60.55372    -0.02604
   1.45101  -4.18234  -0.41210    68.36151    67.41549     0.94602
   2.47732  -4.30696  -0.41210    61.85800    60.19035     1.66766
   3.44398  -3.94035  -0.41210    58.90118    57.01645     1.88473
   4.12954  -3.16651  -0.41210    58.38474    57.05951     1.32523
   4.08757  -2.16270  -1.49210    60.46682    60.40550     0.06132
   1.95074  -4.01428  -1.49210    62.89967    62.56517     0.33450
   2.99404  -3.86428  -1.49210    58.94259    57.93504     1.00755
   3.79062  -3.17404  -1.49210    58.02455    57.18499     0.83956
   2.75696  -3.09801  -2.28271    60.23966    60.88429    -0.64463
   5.24080   0.05695   0.23502    55.89039    57.76507    -1.87468
   5.53019   0.05695  -0.84498    54.10136    54.20514    -0.10378
   5.28277   1.06076  -0.84498    55.32438    55.43613    -0.11176
   4.59721   1.83460  -0.84498    59.29275    59.59138    -0.29864
   4.59721  -1.72069  -0.84498    59.35424    59.76428    -0.41004
   5.28277  -0.94685  -0.84498    55.19072    55.51911    -0.32839
   5.24080   0.05695  -1.92498    54.62909    53.79586     0.83324
   4.94385   1.06828  -1.92498    55.88851    55.26461     0.62390
   4.14727   1.75853  -1.92498    59.86754    60.03691    -0.16936
   4.14727  -1.64462  -1.92498    60.09784    60.15760    -0.05976
   4.94385  -0.95438  -1.92498    55.84019    55.30262     0.53757
   4.45019   0.05695  -2.71560    56.99292    56.23740     0.75552
   3.91019   0.99226  -2.71560    59.59207    59.40400     0.18807
   3.91019  -0.87835  -2.71560    59.57199    59.40995     0.16204
   3.37019   0.05695  -3.00498    61.96531    62.04680    -0.08149
   2.94952  -0.16298   3.00876    67.69070    67.09840     0.59230
   4.02952  -0.16298   2.71938    60.38649    60.18497     0.20152
   3.48952   0.77232   2.71938    64.51488    64.24613     0.26875
   2.40952  -1.09829   2.71938    73.69032    73.07684     0.61348
   3.48952  -1.09829   2.71938    63.71292    63.37801     0.33491
   4.82014  -0.16298   1.92876    56.74757    57.45401    -0.70645
   4.52318   0.84835   1.92876    58.78886    59.46629    -0.67743
   3.72660   1.53859   1.92876    65.07650    65.25285    -0.17635
   3.72660  -1.86455   1.92876    63.35963    63.50207    -0.14244
   4.52318  -1.17431   1.92876    58.19774    58.67547    -0.47773
   5.10952  -0.16298   0.84876    56.18846    58.21672    -2.02826
   4.17654  -1.94063   0.84876    62.21506    63.03093    -0.81587
   4.86211  -1.16678   0.84876    57.40708    59.07102    -1.66395
   0.62379   3.52899  -1.20466    80.06519    81.95365    -1.88846
   2.96340   2.52069  -2.28466    62.52505    63.95749    -1.43244
   2.16682   3.21093  -2.28466    63.86415    65.36615    -1.50199
   1.12352   3.36093  -2.28466    70.09030    71.27404    -1.18374
   0.16475   2.92307  -2.28466    82.59280    83.25324    -0.66044
   2.46974   1.50936  -3.07528    64.71568    65.30588    -0.59020
   1.92974   2.44466  -3.07528    64.61654    65.16577    -0.54923
   0.84974   2.44466  -3.07528    71.30077    71.54008    -0.23931
   0.30974   1.50936  -3.07528    77.74529    77.92179    -0.17650
   0.84974   0.57405  -3.07528    75.76110    76.02117    -0.26007
   1.92974   0.57405  -3.07528    69.92150    70.40659    -0.48509
   1.38974   1.50936  -3.36466    68.60812    68.73264    -0.12452
   3.37134   2.12186   2.05374    65.73790    65.06921     0.66868
   2.83133   3.05717   2.05374    65.11290    63.68349     1.42941
   4.16195   2.12186   1.26312    61.64591    61.33563     0.31027
   3.86500   3.13319   1.26312    59.97485    58.42444     1.55040
   3.06842   3.82343   1.26312    61.45640    59.66659     1.78980
   2.02512   3.97344   1.26312    66.53985    65.30221     1.23764
   4.45133   2.12186   0.18312    60.53647    60.60411    -0.06764
   4.20392   3.12566   0.18312    58.54977    57.44275     1.10702
   3.51836   3.89951   0.18312    59.13712    57.72646     1.41067
   2.55169   4.26611   0.18312    62.29350    61.35688     0.93661
   1.52539   4.14150   0.18312    69.35800    69.38327    -0.02527
   4.16195   2.12186  -0.89688    62.09018    62.45947    -0.36928
   3.86500   3.13319  -0.89688    59.30404    59.19566     0.10838
   3.06842   3.82343  -0.89688    60.45238    60.53484    -0.08246
   2.02512   3.97344  -0.89688    65.52203    66.64933    -1.12730
  -0.70440   2.96011   2.58259    74.51111    75.49932    -0.98821
   0.61268   3.72637   1.79198    73.26550    73.02338     0.24212
  -0.43062   3.87638   1.79198    73.81771    73.71914     0.09856
  -1.38939   3.43852   1.79198    77.57900    78.05879    -0.47979
   0.09596   4.16905   0.71198    76.11063    75.85303     0.25760
  -0.93035   4.04444   0.71198    80.76236    80.53230     0.23005
  -0.43062   3.87638  -0.36802    87.77352    87.81527    -0.04175
   0.76725   0.95951   3.91381    69.73513    69.06241     0.67272
   1.84725   0.95951   3.62442    68.93945    67.81027     1.12918
   1.30725   1.89482   3.62442    67.98501    67.29070     0.69431
   0.22725   1.89482   3.62442    70.12419    70.36734    -0.24315
  -0.31275   0.95951   3.62442    73.71793    74.24264    -0.52470
   0.22725   0.02421   3.62442    75.49379    75.36175     0.13203
   1.30725   0.02421   3.62442    72.79549    71.76987     1.02562
   2.63787   0.95951   2.83381    71.38046    70.60321     0.77725
   2.34091   1.97084   2.83381    69.75458    68.86037     0.89421
   1.54433   2.66108   2.83381    70.28608    69.75995     0.52614
   0.50104   2.81109   2.83381    72.58716    73.17051    -0.58335
  -2.44619  -1.03615   3.01459    80.43354    81.34795    -0.91441
  -2.95922  -0.14756   2.83366    78.57486    78.90775    -0.33290
  -3.47225  -1.03615   2.83366    76.14200    77.20887    -1.06686
  -3.70900   0.42121   2.31272    79.55063    79.34252     0.20811
  -4.29645  -0.49287   2.31272    75.54461    76.35963    -0.81502
  -4.29645  -1.57944   2.31272    75.22709    76.30370    -1.07661
  -4.54808   0.49096   1.51459    84.04548    83.56502     0.48047
  -4.98750  -0.49598   1.51459    78.46504    78.92436    -0.45932
  -4.98750  -1.57632   1.51459    76.56996    77.23373    -0.66377
  -4.54808  -2.56327   1.51459    77.50558    77.90741    -0.40183
  -4.95810  -2.59146   0.53553    79.26512    79.15009     0.11503
  -4.22663  -3.39384   0.53553    79.44396    79.25492     0.18904
  -4.22663  -3.39384  -0.50636    79.11577    78.89049     0.22528
  -3.25471  -3.87779  -0.50636    78.67840    78.83590    -0.15751
  -2.17359  -3.97797  -0.50636    80.94684    81.31750    -0.37066
  -3.74523  -3.28615  -1.48541    77.71705    77.93189    -0.21483
  -2.71777  -3.62000  -1.48541    76.02780    76.78039    -0.75259
  -1.64334  -3.50707  -1.48541    78.17137    78.92345    -0.75208
  -2.72063  -2.94489  -2.28355    75.02315    75.92003    -0.89687
  -1.64512  -2.79026  -2.28355    75.82825    76.81702    -0.98878
  -2.95922  -1.92475  -2.80449    77.66811    77.91676    -0.24866
  -1.93316  -1.92475  -2.80449    76.47082    76.85384    -0.38302
  -2.44619  -1.03615  -2.98541    79.85372    79.33624     0.51748
  -2.14898   0.92804   2.78802    80.20324    80.33677    -0.13353
  -0.60989   0.03945  -2.85014    83.06594    82.83613     0.22981
  -1.12292  -0.84915  -2.85014    81.31645    80.52213     0.79432
  -2.69128   2.09022   2.37403    76.35536    77.11260    -0.75724
  -3.20431   1.20163   2.37403    79.51361    79.18891     0.32470
  -2.45268   3.11036   1.85309    75.29612    76.54965    -1.25353
  -3.44106   2.65898   1.85309    75.30993    76.19352    -0.88360
  -4.02850   1.74491   1.85309    79.30528    79.27401     0.03127
  -2.44982   3.78547   1.05495    76.53106    77.46870    -0.93765
  -3.47728   3.45163   1.05495    75.84519    76.63097    -0.78578
  -2.98676   4.04326   0.07590    77.82624    78.16363    -0.33739
  -3.95868   3.55931   0.07590    78.94446    78.98921    -0.04475
  -2.98676   4.04326  -0.96599    79.77779    79.64413     0.13367
  -3.95868   3.55931  -0.96599    80.11288    79.77624     0.33665
  -3.47728   3.45163  -1.94505    79.18605    79.02008     0.16597
  -2.45268   3.11036  -2.74318    79.23751    79.62309    -0.38558
  -3.44106   2.65898  -2.74318    77.30729    77.67620    -0.36892
  -4.02850   1.74491  -2.74318    78.80390    79.13640    -0.33250
  -4.02850   0.65834  -2.74318    82.14601    82.05440     0.09162
  -1.15219   1.20163  -3.26412    78.99341    79.68744    -0.69403
  -1.66522   2.09022  -3.26412    78.27805    79.21034    -0.93230
  -2.69128   2.09022  -3.26412    75.70463    76.61142    -0.90679
  -3.20431   1.20163  -3.26412    75.88723    76.63650    -0.74927
  -2.69128   0.31303  -3.26412    77.56331    77.75885    -0.19554
  -1.66522   0.31303  -3.26412    78.21341    78.29174    -0.07833
  -2.17825   1.20163  -3.44505    75.46178    76.36799    -0.90621
  -1.09009   4.23529  -0.27086    82.22194    82.24403    -0.02209
  -2.13141   4.23529  -0.27086    80.54775    80.73621    -0.18847
  -0.15189   3.78348  -1.33896    83.45751    84.05394    -0.59643
  -1.09009   4.23529  -1.33896    80.27792    80.32592    -0.04800
  -2.13141   4.23529  -1.33896    79.55126    79.47474     0.07652
  -0.83126   3.66096  -2.30129    80.05515    80.28705    -0.23189
  -1.87779   3.81143  -2.30129    78.84657    78.91543    -0.06886
  -0.56943   1.95413  -2.96724    82.65743    83.23904    -0.58160
  -1.09009   2.85594  -2.96724    79.61966    80.10681    -0.48715
  -2.13141   2.85594  -2.96724    78.92061    79.51733    -0.59671
  -4.40737   2.75964   1.06902    77.73462    77.84003    -0.10540
  -4.97898   1.87020   1.06902    79.60146    79.06898     0.53249
  -4.97898   0.81292   1.06902    84.67550    83.83938     0.83612
  -4.63744   3.17091   0.10670    77.69070    77.42444     0.26626
  -5.28670   2.35677   0.10670    78.48512    77.80454     0.68058
  -5.51841   1.34156   0.10670    82.08828    81.06131     1.02697
  -5.28670   0.32635   0.10670    90.24528    89.02304     1.22224
  -4.63744   3.17091  -0.96140    78.37029    77.90361     0.46668
  -5.28670   2.35677  -0.96140    78.74805    78.02009     0.72796
  -5.51841   1.34156  -0.96140    82.29850    81.25973     1.03877
  -5.28670   0.32635  -0.96140    91.18215    89.68527     1.49688
  -4.40737   2.75964  -1.92373    79.29210    79.00717     0.28493
  -4.97898   1.87020  -1.92373    80.05201    79.54384     0.50817
  -4.97898   0.81292  -1.92373    85.42287    84.53865     0.88422
  -1.37841  -0.04484   3.13629    80.25219    81.47176    -1.21957
  -0.90287  -3.57562   1.85198    82.76286    83.84787    -1.08502
   0.12459  -3.90946   1.85198    73.29876    74.03567    -0.73691
   0.66876  -4.26744   0.87293    70.96066    70.86935     0.09131
   0.84625  -4.07075  -1.04482    69.59394    69.45743     0.13651
   0.35573  -3.47911  -2.02387    70.15242    70.76855    -0.61612
   1.38319  -3.81295  -2.02387    63.38222    63.96633    -0.58411
   4.02823  -2.28584  -2.02387    57.66310    57.76403    -0.10093
   2.45584  -2.98321  -2.82201    58.74367    59.61092    -0.86725
   3.27701  -2.27166  -2.82201    57.79802    58.45750    -0.65949
   5.47912  -0.02034   0.36658    53.61818    55.07092    -1.45275
   5.27961   1.04692   0.36658    54.70126    55.88496    -1.18370
   4.70804   1.97004   0.36658    58.14252    58.52709    -0.38457
   4.70804  -2.01073   0.36658    57.37821    58.01993    -0.64172
   5.27961  -1.08760   0.36658    54.34546    55.68436    -1.33890
   4.70804  -2.01073  -0.67530    57.40959    57.65070    -0.24111
   0.89029   4.11571  -0.69839    72.20877    73.30248    -1.09371
   4.07227   2.33080  -1.67744    58.71418    59.23075    -0.51657
   3.43726   3.20481  -1.67744    58.63888    59.48111    -0.84223
   2.50166   3.74499  -1.67744    61.08366    62.36693    -1.28327
   3.32105   2.31662  -2.47557    59.97171    60.92560    -0.95389
   0.18748   3.04067   3.01165    69.03922    69.59943    -0.56020
  -0.80090   2.58930   3.01165    72.05064    73.17540    -1.12476
  -1.38834   1.67522   3.01165    76.10247    77.26650    -1.16403
   1.26476   3.60285   2.21351    68.39728    67.97523     0.42205
  -5.42612  -0.03460   0.03831    87.53193    86.56747     0.96446
  -5.65784  -1.04981   0.03831    80.82322    80.34581     0.47741
  -5.42612  -2.06502   0.03831    78.97019    78.63613     0.33406
  -5.42612  -0.03460  -1.02979    87.72457    86.39704     1.32753
  -5.65784  -1.04981  -1.02979    80.86276    79.93647     0.92629
  -5.42612  -2.06502  -1.02979    78.28432    77.62010     0.66422
  -4.77687  -2.87916  -1.02979    78.32260    77.92275     0.39985
  -5.11840  -0.52117  -1.99211    83.61376    82.45309     1.16067
  -5.11840  -1.57845  -1.99211    79.07749    78.24593     0.83157
  -4.54679  -2.46790  -1.99211    77.59971    77.23467     0.36504
  -3.83867  -0.14800  -2.65806    86.30515    85.44512     0.86002
  -4.35933  -1.04981  -2.65806    80.94308    80.12946     0.81362
  -3.83867  -1.95162  -2.65806    78.38347    78.19123     0.19224
  -3.31801  -1.04981  -2.89574    81.64338    81.07405     0.56933
  -2.23805  -1.83155   2.99974    81.64652    82.55954    -0.91303
  -2.75870  -2.73336   2.76207    78.90493    79.48438    -0.57946
  -1.71738  -2.73336   2.76207    82.26963    83.02707    -0.75744
  -3.46682  -3.24963   2.09612    78.01951    78.30229    -0.28278
  -2.50508  -3.68884   2.09612    79.04674    79.23059    -0.18385
  -1.45856  -3.53838   2.09612    82.53632    83.16167    -0.62534
  -3.69690  -3.66090   1.13379    79.05239    78.99902     0.05337
  -2.75870  -4.11271   1.13379    78.94383    78.92450     0.01933
  -1.71738  -4.11271   1.13379    81.52854    81.67447    -0.14592
  -2.75870  -4.11271   0.06569    79.89953    79.98876    -0.08923
  -1.71738  -4.11271   0.06569    82.37066    82.41403    -0.04337
  -0.51443  -3.98639   1.48805    77.58339    78.36027    -0.77688
  -0.76805  -4.41026   0.52573    75.43041    75.44934    -0.01893
   0.27327  -4.41026   0.52573    71.51349    71.40748     0.10602
  -1.70624  -3.95845  -0.54237    81.49340    81.69485    -0.20145
  -0.76805  -4.41026  -0.54237    73.21655    72.99083     0.22572
   0.27327  -4.41026  -0.54237    70.13862    69.81043     0.32819
  -1.47616  -3.54718  -1.50470    77.61540    78.19082    -0.57542
  -0.51443  -3.98639  -1.50470    71.88874    71.86724     0.02151
   0.53210  -3.83593  -1.50470    70.39276    70.63931    -0.24655
  -0.76805  -3.03091  -2.17065    75.14238    75.63014    -0.48776
   0.66028  -1.53472   3.79616    69.82612    69.49759     0.32853
   1.70160  -1.53472   3.55849    68.13875    67.43877     0.69997
   1.18094  -0.63291   3.55849    73.36276    72.61474     0.74802
   0.13962  -0.63291   3.55849    75.99328    76.11502    -0.12174
  -0.38104  -1.53472   3.55849    74.65732    75.17349    -0.51617
   0.13962  -2.43653   3.55849    70.01688    70.11976    -0.10287
   1.18094  -2.43653   3.55849    66.67477    66.19157     0.48320
   2.53667  -1.53472   2.89254    68.97710    68.42303     0.55406
  -1.14011  -2.06336   2.89254    83.84468    85.06041    -1.21573
  -0.56850  -2.95280   2.89254    76.05980    76.95925    -0.89946
   0.39324  -3.39202   2.89254    69.29399    69.55869    -0.26470
   1.43976  -3.24155   2.89254    66.15331    65.78275     0.37056
   2.23880  -2.54917   2.89254    66.10185    65.49507     0.60678
   1.18094  -3.81588   1.93021    69.04362    68.96033     0.08328
   2.11914  -3.36407   1.93021    67.74844    67.10115     0.64728
   2.76839  -2.54993   1.93021    68.75873    68.31161     0.44712
   0.11829   0.25404  -3.07170    78.34644    78.54487    -0.19842
  -0.45332  -0.63541  -3.07170    78.15066    77.79540     0.35526
  -0.45332  -1.69269  -3.07170    73.89426    73.79536     0.09890
   0.11829  -2.58213  -3.07170    67.91222    68.22405    -0.31184
   1.08003  -3.02135  -3.07170    62.47234    63.13226    -0.65993
   2.12655  -2.87088  -3.07170    59.19548    60.02876    -0.83328
   2.92559  -2.17850  -3.07170    58.50146    59.24735    -0.74589
   2.38839  -1.16405  -3.73765    59.75020    59.93274    -0.18254
   1.86773  -0.26224  -3.73765    63.62256    63.68315    -0.06059
   0.82641  -0.26224  -3.73765    67.80240    67.67006     0.13234
   0.30575  -1.16405  -3.73765    67.45413    67.18768     0.26645
   0.82641  -2.06586  -3.73765    62.86139    62.86341    -0.00202
   1.86773  -2.06586  -3.73765    59.26764    59.51740    -0.24975
   1.34707  -1.16405  -3.97532    62.14980    62.00133     0.14846
   2.73762  -3.06452   1.75023    66.35034    65.63410     0.71624
   1.94992  -4.02000   1.08428    66.43506    65.45494     0.98012
   2.99644  -3.86954   1.08428    60.86403    59.62984     1.23419
   3.79548  -3.17716   1.08428    59.36993    58.53783     0.83210
   1.69630  -4.44387   0.12195    64.69811    63.68922     1.00890
   2.73762  -4.44387   0.12195    59.17603    57.74812     1.42791
   3.67582  -3.99206   0.12195    56.68607    55.24807     1.43800
   4.32507  -3.17792   0.12195    56.45138    55.55640     0.89498
   4.55678  -2.16270  -0.94615    57.84634    57.82909     0.01724
   1.69630  -4.44387  -0.94615    62.45979    61.81689     0.64289
   2.73762  -4.44387  -0.94615    57.64679    56.51831     1.12848
   3.67582  -3.99206  -0.94615    55.48125    54.26137     1.21988
   4.32507  -3.17792  -0.94615    55.41976    54.60407     0.81569
   1.94992  -4.02000  -1.90847    60.31245    60.39650    -0.08406
   2.99644  -3.86954  -1.90847    56.58065    56.17006     0.41059
   3.79548  -3.17716  -1.90847    55.81195    55.47203     0.33992
   5.71001   0.05695  -0.31093    52.27656    52.97031    -0.69375
   5.47830   1.07217  -0.31093    53.45942    54.06279    -0.60338
   5.47830  -0.95826  -0.31093    53.34396    54.16098    -0.81702
   5.71001   0.05695  -1.37903    51.63650    51.40567     0.23084
   5.47830   1.07217  -1.37903    52.60475    52.41743     0.18732
   4.82904   1.88630  -1.37903    55.67202    55.73368    -0.06167
   4.82904  -1.77240  -1.37903    55.80191    55.83827    -0.03636
   5.47830  -0.95826  -1.37903    52.55706    52.46216     0.09490
   5.24658   0.05695  -2.34136    52.56333    51.94919     0.61415
   4.94871   1.07141  -2.34136    53.75560    53.31571     0.43989
   4.14967   1.76378  -2.34136    57.49870    57.67256    -0.17387
   4.14967  -1.64988  -2.34136    57.63047    57.71113    -0.08066
   4.94871  -0.95750  -2.34136    53.74117    53.32756     0.41361
   4.41151   0.05695  -3.00731    55.07023    54.63938     0.43085
   3.89085   0.95876  -3.00731    57.54262    57.50038     0.04224
   3.89085  -0.84486  -3.00731    57.51438    57.47402     0.04036
   3.37019   0.05695  -3.24498    59.84244    59.96814    -0.12569
   2.94952  -0.16298   3.24876    65.25660    64.72664     0.52996
   3.99084  -0.16298   3.01109    58.62570    58.42863     0.19707
   3.47018   0.73883   3.01109    62.38135    62.06414     0.31721
   2.42886  -1.06479   3.01109    70.38398    69.77624     0.60773
   3.47018  -1.06479   3.01109    61.63210    61.31788     0.31422
   4.82592  -0.16298   2.34514    55.03133    55.39131    -0.35998
   4.52805   0.85147   2.34514    56.92892    57.23617    -0.30725
   3.72901   1.54385   2.34514    62.54826    62.47664     0.07163
   3.72901  -1.86981   2.34514    61.04036    60.99502     0.04534
   4.52805  -1.17744   2.34514    56.33969    56.54737    -0.20769
   5.28935  -0.16298   1.38281    53.75686    54.92577    -1.16891
   5.05763   0.85223   1.38281    55.28296    56.39012    -1.10716
   4.40838  -1.99233   1.38281    58.35023    58.82983    -0.47961
   5.05763  -1.17819   1.38281    54.70753    55.65734    -0.94981
   0.86908   3.79052  -1.73871    71.44635    72.79110    -1.34475
   2.96826   2.52381  -2.70104    59.98803    60.95819    -0.97016
   2.16922   3.21619  -2.70104    61.31584    62.32411    -1.00828
   1.12270   3.36665  -2.70104    66.73877    67.54454    -0.80577
   0.16096   2.92744  -2.70104    76.78897    77.29541    -0.50645
   2.43106   1.50936  -3.36699    62.36942    62.83414    -0.46471
   1.91040   2.41117  -3.36699    62.32362    62.78412    -0.46050
   0.86908   2.41117  -3.36699    67.97120    68.24767    -0.27646
   0.34842   1.50936  -3.36699    73.45061    73.66611    -0.21549
   0.86908   0.60755  -3.36699    72.06068    72.25014    -0.18946
   1.91040   0.60755  -3.36699    66.92514    67.28007    -0.35493
   1.38974   1.50936  -3.60466    65.91234    66.11034    -0.19800
   3.33266   2.12186   2.34545    64.03546    63.45477     0.58069
   2.81199   3.02367   2.34545    63.28245    62.22452     1.05793
   4.16773   2.12186   1.67950    59.86503    59.61350     0.25153
   3.86986   3.13632   1.67950    58.06094    56.92996     1.13098
   3.07082   3.82869   1.67950    59.44586    58.10930     1.33656
   2.02430   3.97916   1.67950    64.35549    63.35709     0.99841
   4.63116   2.12186   0.71717    58.04651    58.13793    -0.09142
   4.39945   3.13707   0.71717    56.14202    55.23037     0.91165
   3.75019   3.95121   0.71717    56.45577    55.19506     1.26071
   2.81199   4.40302   0.71717    58.97460    57.89819     1.07641
   1.77068   4.40302   0.71717    64.53182    63.99259     0.53923
   4.63116   2.12186  -0.35093    58.42490    58.65628    -0.23138
   4.39945   3.13707  -0.35093    56.03534    55.56811     0.46723
   3.75019   3.95121  -0.35093    56.19473    55.52880     0.66593
   2.81199   4.40302  -0.35093    58.69661    58.33790     0.35872
   1.77068   4.40302  -0.35093    64.38498    64.72063    -0.33565
   3.86986   3.13632  -1.31326    57.58215    57.91236    -0.33020
   3.07082   3.82869  -1.31326    58.67214    59.23284    -0.56070
  -0.68506   2.92661   2.87430    71.36728    72.29731    -0.93003
   0.61508   3.73163   2.20835    69.53621    69.46807     0.06814
  -0.43144   3.88210   2.20835    69.72384    69.87599    -0.15215
  -1.39318   3.44289   2.20835    72.91472    73.50397    -0.58925
   0.35626   4.30596   1.24603    70.32750    70.10513     0.22237
  -0.68506   4.30596   1.24603    72.52316    72.40549     0.11767
  -1.62326   3.85415   1.24603    77.31921    77.76730    -0.44809
   0.35626   4.30596   0.17793    74.00345    74.15292    -0.14947
  -0.68506   4.30596   0.17793    78.52779    78.45356     0.07424
   0.76725   0.95951   4.15381    66.43129    65.97043     0.46087
   1.80857   0.95951   3.91613    65.46179    64.62218     0.83961
   1.28791   1.86132   3.91613    64.67740    64.15520     0.52221
   0.24659   1.86132   3.91613    66.68920    66.81094    -0.12174
  -0.27407   0.95951   3.91613    69.89640    70.23512    -0.33872
   0.24659   0.05770   3.91613    71.26249    71.15009     0.11240
   1.28791   0.05770   3.91613    68.78822    68.03563     0.75259
   2.64365   0.95951   3.25018    66.90255    66.16454     0.73801
   2.34578   1.97397   3.25018    65.46242    64.71599     0.74643
   1.54674   2.66634   3.25018    65.88034    65.45492     0.42542
   0.50021   2.81681   3.25018    67.90469    68.23618    -0.33150
  -1.03314   0.43087   3.25018    78.45061    79.69578    -1.24517
   2.34578  -0.05494   3.25018    70.27981    69.49486     0.78495
