  894     7      5382057.5520746531      858.4967286809
  -2.44619  -1.03615   2.11459    97.05438    97.24418    -0.18979
  -2.97119  -0.12683   1.83324    91.14073    89.89104     1.24970
  -3.49619  -1.03615   1.83324    87.28218    90.05774    -2.77556
  -3.63716   0.33829   1.06459   102.59843    99.24192     3.35651
  -4.19118  -0.52378   1.06459    92.88145    95.47451    -2.59306
  -4.19118  -1.54853   1.06459    94.22808    95.94435    -1.71627
  -2.70501  -2.83630  -1.03541    92.23574    93.96847    -1.73274
  -1.69070  -2.69046  -1.03541    91.48335    93.68696    -2.20361
  -1.92119  -1.94548  -1.80407    84.87631    87.92898    -3.05267
  -2.44619  -1.03615  -2.08541    95.01561    94.06887     0.94674
  -1.63595   0.03945   2.06894    98.13684    97.65205     0.48478
  -2.16095   0.94878   1.78759    97.16545    93.02044     4.14501
  -0.58595   0.03945  -1.84971    99.58890    98.15768     1.43122
  -1.11095  -0.86988  -1.84971    98.46942    94.09657     4.37285
  -1.63595   0.03945  -2.13106    97.00481    92.47980     4.52501
  -2.17825   1.20163   1.65495    95.25469    92.26830     2.98639
  -2.70325   2.11095   1.37361    85.42161    88.49696    -3.07535
  -3.22825   1.20163   1.37361    95.95624    94.32423     1.63202
  -2.43707   3.00177   0.60495    90.84016    93.33285    -2.49269
  -2.92292   3.16516  -0.44505   101.79208   101.03957     0.75251
  -1.12825   1.20163  -2.26370    97.95612    98.57157    -0.61546
  -2.70325   2.11095  -2.26370    94.40316    96.11124    -1.70809
  -3.22825   1.20163  -2.26370    91.86174    94.89628    -3.03454
  -2.70325   0.29230  -2.26370    91.88433    92.21870    -0.33437
  -1.65325   0.29230  -2.26370    92.80928    90.93451     1.87477
  -2.17825   1.20163  -2.54505    86.60698    89.85134    -3.24436
  -1.33330   3.52763  -0.28576   102.93603   101.86285     1.07319
  -2.40963   3.33784  -0.28576   101.06919   100.88290     0.18629
  -0.38678   2.98116  -1.32406   106.17461   105.13274     1.04187
  -1.33330   3.52763  -1.32406   101.71427   100.39027     1.32400
  -2.40963   3.33784  -1.32406   101.60006   100.44623     1.15383
  -0.62327   1.95413  -2.16406   103.15252   102.63000     0.52253
  -1.30560   2.89328  -2.16406   100.14110    99.50784     0.63327
  -2.40963   2.53456  -2.16406    98.77125    99.27417    -0.50292
  -1.61075   1.95413  -2.48491    96.22168    97.77020    -1.54853
  -3.97747   1.92198   0.93179    97.33425    97.77207    -0.43782
  -3.97747   0.76113   0.93179   105.45611   103.13773     2.31838
  -3.97747   2.72527   0.09180    97.95612    98.05845    -0.10233
  -4.68000   1.88803   0.09180   100.87090    99.91927     0.95163
  -4.68000   0.79509   0.09180   108.99526   107.28074     1.71452
  -3.97747   2.72527  -0.94650   100.20134    99.56146     0.63989
  -4.68000   1.88803  -0.94650   101.40867   100.54163     0.86705
  -4.68000   0.79509  -0.94650   109.78467   108.45916     1.32551
  -3.97747   1.92198  -1.78650    99.51924   100.05320    -0.53395
  -3.97747   0.76113  -1.78650   105.40340   105.90729    -0.50389
  -1.40235  -0.04484   2.13586    95.83200    97.80432    -1.97233
  -0.87735  -0.95416   2.13586    98.10986   101.28259    -3.17274
  -0.35235  -0.04484  -1.78279    97.32923    97.96336    -0.63413
  -0.65384  -1.32562  -1.46667   100.12479    97.37164     2.75314
   0.46380  -2.60356  -1.57387    83.59242    85.21321    -1.62079
   0.95414   3.23760  -0.17744    85.46428    87.22832    -1.76404
   3.22876   2.25731  -1.22744    68.87419    70.51424    -1.64005
   1.21741   2.78624   1.76351    83.76248    82.93337     0.82911
  -4.81943  -0.50334   0.02341   105.11976   105.34683    -0.22706
  -4.81943  -1.59628   0.02341    99.91018   100.16020    -0.25002
  -4.11690  -2.43352   0.02341   103.23473   102.08135     1.15337
  -4.81943  -0.50334  -1.01488   107.53881   106.48227     1.05654
  -4.81943  -1.59628  -1.01488   100.70461   100.15916     0.54544
  -4.11690  -2.43352  -1.01488    98.95699    98.86079     0.09620
  -4.11690  -0.46939  -1.85488   106.97343   105.71935     1.25408
  -4.11690  -1.63024  -1.85488    99.34228    99.25189     0.09040
  -3.01286  -1.98896  -1.85488    93.89676    96.35257    -2.45581
  -3.31801  -1.04981  -2.17574   100.03129    99.79512     0.23617
  -2.23805  -1.83155   2.27974   100.34002    99.84397     0.49606
  -1.25057  -1.83155   1.95889   108.50643   108.48916     0.01728
  -3.03693  -2.41197   1.95889    97.86575    97.10941     0.75635
  -1.93290  -2.77069   1.95889   102.71578   101.20105     1.51473
  -3.73946  -2.37802   1.11889   100.34504    99.45377     0.89127
  -3.03693  -3.21526   1.11889    99.91708    97.91090     2.00618
  -1.96059  -3.40505   1.11889   102.78919   100.80141     1.98779
  -3.03693  -3.21526   0.08059   101.21352    99.60269     1.61083
  -1.96059  -3.40505   0.08059   101.86111   100.62907     1.23204
  -1.04627  -3.51281   0.51082    97.00732    95.57219     1.43514
   0.03007  -3.70260   0.51082    85.25972    85.00334     0.25637
  -1.04627  -3.51281  -0.52747    90.88848    89.05605     1.83243
   0.03007  -3.70260  -0.52747    83.32510    82.10477     1.22034
  -1.04627  -2.70952  -1.36747    89.12894    89.02215     0.10679
   0.05776  -3.06824  -1.36747    83.68906    83.62651     0.06255
  -0.24739  -2.12910  -1.68832    89.09380    89.34681    -0.25301
   0.66028  -1.53472   3.07616    81.74566    80.52138     1.22428
   1.64776  -1.53472   2.75531    80.16748    78.53822     1.62926
   0.96542  -0.59557   2.75531    88.32322    87.23720     1.08601
  -0.13861  -0.95429   2.75531    88.80954    89.85707    -1.04753
  -0.13861  -2.11514   2.75531    84.94157    85.30530    -0.36373
   0.96542  -2.47387   2.75531    78.71918    77.45855     1.26063
   2.25805  -1.53472   1.91531    82.45789    81.88584     0.57204
  -0.84114  -2.08119   1.91531   102.93101   104.96061    -2.02960
  -0.13861  -2.91843   1.91531    87.60597    89.90166    -2.29569
   0.93773  -3.10822   1.91531    80.20199    80.34882    -0.14683
   1.88424  -2.56175   1.91531    79.03168    78.23080     0.80089
   0.54818   0.21967  -2.09447    89.07372    89.62520    -0.55148
  -0.15435  -0.61758  -2.09447    91.18968    90.67189     0.51779
  -0.15435  -1.71052  -2.09447    86.24993    85.99854     0.25138
   0.54818  -2.54776  -2.09447    77.27905    78.77153    -1.49248
   1.62452  -2.73755  -2.09447    69.63473    73.10066    -3.46593
   2.33455  -1.16405  -2.93447    68.16824    68.09220     0.07604
   1.65222  -0.22490  -2.93447    74.34733    73.29168     1.05564
   0.54818  -0.58362  -2.93447    79.12330    77.51980     1.60350
   0.54818  -1.74447  -2.93447    74.87255    73.79265     1.07991
   1.65222  -2.10320  -2.93447    67.85637    68.26614    -0.40977
   1.34707  -1.16405  -3.25532    71.18593    69.63868     1.54726
   3.20444  -2.16270   0.94705    72.59406    72.91118    -0.31712
   2.52211  -3.10185   0.94705    73.55604    72.30549     1.25054
   3.81473  -2.16270   0.10705    67.82687    67.73281     0.09407
   1.41807  -3.54642   0.10705    79.16158    78.21475     0.94683
   2.49441  -3.73621   0.10705    69.95978    67.57406     2.38572
   3.44092  -3.18973   0.10705    66.84482    64.48998     2.35484
   3.81473  -2.16270  -0.93124    66.47020    66.30339     0.16681
   1.41807  -3.54642  -0.93124    74.34356    74.86775    -0.52419
   2.49441  -3.73621  -0.93124    67.38825    65.82662     1.56162
   3.44092  -3.18973  -0.93124    64.99555    63.15975     1.83581
   3.20444  -2.16270  -1.77124    66.74442    68.16230    -1.41788
   2.52211  -3.10185  -1.77124    65.95313    67.14475    -1.19161
   4.96796   0.05695  -0.32583    60.23903    60.69210    -0.45308
   4.59415   1.08398  -0.32583    62.85135    63.43111    -0.57976
   4.59415  -0.97008  -0.32583    62.32424    63.61645    -1.29221
   4.96796   0.05695  -1.36413    60.85524    58.46011     2.39513
   4.59415   1.08398  -1.36413    62.60223    60.79161     1.81062
   3.64764   1.63046  -1.36413    68.52843    68.63305    -0.10462
   3.64764  -1.51655  -1.36413    69.34670    69.57011    -0.22341
   4.59415  -0.97008  -1.36413    62.35687    61.02707     1.32981
   4.35767   0.05695  -2.20413    63.00258    60.17670     2.82588
   3.67533   0.99610  -2.20413    66.23175    64.86302     1.36872
   2.57130   0.63738  -2.20413    74.82863    74.89770    -0.06908
   3.67533  -0.88219  -2.20413    66.21355    65.28810     0.92544
   3.37019   0.05695  -2.52498    67.23325    66.07153     1.16172
   2.94952  -0.16298   2.52876    73.47258    72.00598     1.46660
   3.93700  -0.16298   2.20791    65.85775    64.52003     1.33772
   3.25467   0.77617   2.20791    71.74002    71.09730     0.64272
   2.15064  -0.74341   2.20791    83.94885    83.16802     0.78083
   3.25467  -1.10213   2.20791    70.89728    69.66570     1.23158
   4.54730  -0.16298   1.36791    61.83353    62.50463    -0.67110
   4.17349   0.86405   1.36791    64.85750    65.84235    -0.98485
   3.22697  -1.73648   1.36791    72.62983    73.00404    -0.37421
   4.17349  -1.19001   1.36791    64.32725    64.63326    -0.30601
   2.61371   2.53639  -1.72381    68.51964    70.92507    -2.40543
   1.66719   3.08286  -1.72381    72.11904    74.18390    -2.06486
   0.59085   2.89307  -1.72381    85.35008    85.70972    -0.35964
  -0.11168   2.05583  -1.72381   106.02589   104.74158     1.28430
  -0.11168   0.96289  -1.72381   101.95523   101.60481     0.35042
   2.37722   1.50936  -2.56381    70.66447    70.31356     0.35091
   1.69489   2.44850  -2.56381    71.68669    71.03272     0.65396
   0.59085   2.08978  -2.56381    82.63484    80.97837     1.65647
   0.59085   0.92893  -2.56381    84.49729    83.40545     1.09184
   1.69489   0.57021  -2.56381    77.69321    77.06387     0.62934
   1.38974   1.50936  -2.88466    75.21643    73.54506     1.67137
   2.29134   2.12186   1.86312    79.66170    79.28294     0.37876
   3.27881   2.12186   1.54227    70.98576    70.40136     0.58440
   2.59648   3.06101   1.54227    71.91886    70.02902     1.88985
   3.88911   2.12186   0.70227    67.48488    66.95150     0.53338
   3.51530   3.14889   0.70227    66.65845    64.17548     2.48297
   2.56879   3.69536   0.70227    69.58265    67.41876     2.16388
   1.49245   3.50558   0.70227    78.35962    77.82205     0.53757
   3.88911   2.12186  -0.33603    67.29600    67.39018    -0.09418
   3.51530   3.14889  -0.33603    65.57537    64.43577     1.13960
   2.56879   3.69536  -0.33603    68.14377    67.77076     0.37301
   1.49245   3.50558  -0.33603    76.44070    78.45992    -2.01922
   2.59648   3.06101  -1.17603    68.21342    70.80920    -2.59578
   0.14075   2.96395   2.07112    81.85548    82.05246    -0.19699
  -0.96329   2.60523   2.07112    84.54059    84.87714    -0.33655
   0.11305   3.59830   1.23112    83.13936    81.36199     1.77737
  -0.96329   3.40852   1.23112    87.56330    85.57556     1.98774
  -1.66582   2.57127   1.23112    91.26498    92.28873    -1.02375
   0.11305   3.59830   0.19283    89.10133    87.66077     1.44056
  -0.96329   3.40852   0.19283   100.99703    98.75097     2.24606
   0.14075   2.96395  -0.64717   100.33814   100.60785    -0.26971
   0.76725   0.95951   3.43381    78.22408    77.23153     0.99255
   1.75473   0.95951   3.11296    77.87769    76.34946     1.52823
   1.07240   1.89866   3.11296    76.70300    76.28504     0.41796
  -0.03164   1.53994   3.11296    79.62970    80.88787    -1.25817
  -0.03164   0.37909   3.11296    83.80452    84.49559    -0.69107
   1.07240   0.02036   3.11296    83.00696    81.76460     1.24236
   2.36503   0.95951   2.27295    81.41057    80.83909     0.57148
   1.99122   1.98654   2.27295    79.91584    79.46556     0.45029
   1.04470   2.53301   2.27295    81.57812    81.82082    -0.24270
   1.99122  -0.06752   2.27295    86.93642    85.98851     0.94791
  -2.44619  -1.03615   2.41459    91.03029    91.30325    -0.27296
  -2.96685  -0.13434   2.17691    87.02302    86.46033     0.56269
  -3.48751  -1.03615   2.17691    83.94383    85.57666    -1.63283
  -3.67497   0.38193   1.51096    92.23072    90.85129     1.37943
  -4.24658  -0.50751   1.51096    85.41848    87.14486    -1.72638
  -4.24658  -1.56480   1.51096    85.97508    87.43167    -1.45659
  -3.90505  -2.86550   0.54864    94.58262    93.36993     1.21270
  -2.96685  -3.31732  -0.51946    91.47582    91.26726     0.20856
  -2.71323  -2.89345  -1.48179    84.97106    86.74925    -1.77819
  -1.66671  -2.74298  -1.48179    84.78657    86.63087    -1.84429
  -1.92553  -1.93796  -2.14774    82.89714    84.57652    -1.67937
  -2.44619  -1.03615  -2.38541    89.63471    89.03472     0.59999
  -1.63595   0.03945   2.36894    91.76762    92.25244    -0.48482
  -2.15661   0.94126   2.13127    90.45863    88.63062     1.82802
  -0.59463   0.03945  -2.19338    93.42612    92.28418     1.14194
  -1.11529  -0.86236  -2.19338    91.59003    89.13426     2.45577
  -2.69891   2.10344   1.71728    82.72395    84.43355    -1.70960
  -3.21957   1.20163   1.71728    89.28582    88.20651     1.07931
  -2.44529   3.05892   1.05133    84.08188    86.12318    -2.04130
  -3.40702   2.61971   1.05133    86.72307    88.56582    -1.84275
  -2.69891   3.48279   0.08900    90.03067    90.58004    -0.54937
  -3.40702   2.61971  -1.94142    92.57397    92.70132    -0.12736
  -1.13693   1.20163  -2.60737    90.36890    91.05234    -0.68344
  -2.69891   2.10344  -2.60737    86.84104    88.41234    -1.57130
  -3.21957   1.20163  -2.60737    85.71090    87.80366    -2.09276
  -2.69891   0.29981  -2.60737    86.83351    87.42269    -0.58918
  -1.65759   0.29981  -2.60737    87.37129    86.80491     0.56638
  -2.17825   1.20163  -2.84505    83.25733    85.33178    -2.07445
  -2.12457   3.53552   0.15509    92.40956    92.86533    -0.45577
  -0.65075   3.61690  -0.80491    96.37793    95.38392     0.99400
  -1.61075   3.87413  -0.80491    92.78355    91.99829     0.78527
  -2.57075   3.61690  -0.80491    93.85032    93.22739     0.62293
  -0.26554   2.93148  -1.76491    96.60885    96.05290     0.55596
  -1.09692   3.53552  -1.76491    92.81179    91.98674     0.82506
  -2.12457   3.53552  -1.76491    91.83915    91.17483     0.66432
  -0.65075   1.95413  -2.46768    94.35170    94.18920     0.16250
  -1.13075   2.78552  -2.46768    91.79083    91.56641     0.22443
  -2.09075   2.78552  -2.46768    90.49314    90.79432    -0.30117
  -1.61075   1.95413  -2.72491    89.56882    90.81202    -1.24319
  -3.65859   2.17294   1.23541    88.42362    89.67395    -1.25033
  -4.13859   1.34156   1.23541    92.92035    92.39254     0.52781
  -3.69241   2.92294   0.53265    89.22495    90.13875    -0.91380
  -4.52380   2.31891   0.53265    90.19633    90.07761     0.11873
  -4.84136   1.34156   0.53265    94.54999    93.69886     0.85114
  -4.52380   0.36421   0.53265   103.58237   102.54278     1.03959
  -4.13859   3.00433  -0.42735    90.84079    90.58375     0.25703
  -4.84136   2.30156  -0.42735    91.29071    90.69065     0.60006
  -5.09859   1.34156  -0.42735    95.53079    94.56716     0.96363
  -4.84136   0.38156  -0.42735   106.66469   105.37508     1.28961
  -3.69241   2.92294  -1.38735    93.67148    93.22280     0.44868
  -4.52380   2.31891  -1.38735    91.46892    91.18054     0.28838
  -4.84136   1.34156  -1.38735    95.07334    94.60176     0.47157
  -4.52380   0.36421  -1.38735   106.69795   105.67022     1.02773
  -3.65859   2.17294  -2.09012    92.04435    92.81017    -0.76583
  -4.13859   1.34156  -2.09012    93.05401    93.82339    -0.76938
  -1.39367  -0.04484   2.47953    89.95725    91.68826    -1.73101
  -0.87301  -0.94665   2.47953    92.22570    94.63265    -2.40696
  -0.35235  -0.04484  -2.08279    93.24603    93.09749     0.14854
  -0.83261  -2.74370   1.84836    95.87090    97.61700    -1.74610
   0.91682  -3.60678   0.88603    79.31908    79.51337    -0.19428
  -0.64516  -1.32562  -1.81034    93.41985    92.14775     1.27209
   1.38773  -3.08641  -2.02025    68.79198    71.46611    -2.67413
   4.86452  -0.02034   0.37969    59.11516    61.46166    -2.34650
   4.63281   0.99487   0.37969    60.89478    62.81105    -1.91627
   3.98355  -1.84969   0.37969    65.78119    66.88314    -1.10195
   4.63281  -1.03556   0.37969    60.37645    62.51880    -2.14234
   1.17815   3.55523  -0.71149    76.46705    78.76215    -2.29510
   3.27733   2.28852  -1.67382    65.10788    66.57568    -1.46781
   1.24139   2.83877   2.20989    77.15982    77.17804    -0.01822
  -1.33848   1.66058   2.20989    87.25206    88.39158    -1.13952
  -4.66322  -0.07246   0.46427   100.75042   100.84179    -0.09137
  -4.98078  -1.04981   0.46427    92.44093    93.27028    -0.82934
  -4.66322  -2.02716   0.46427    92.47482    92.66405    -0.18923
  -4.98078  -0.08981  -0.49573   102.73272   101.95267     0.78005
  -5.23801  -1.04981  -0.49573    93.76372    93.55396     0.20976
  -4.98078  -2.00981  -0.49573    91.21102    91.02431     0.18671
  -4.27801  -2.71258  -0.49573    92.51749    92.08506     0.43243
  -4.66322  -0.07246  -1.45574   103.13370   102.08983     1.04387
  -4.98078  -1.04981  -1.45574    94.12015    93.52404     0.59611
  -4.66322  -2.02716  -1.45574    90.62367    90.43981     0.18385
  -3.83184  -2.63120  -1.45574    89.77214    90.29241    -0.52027
  -3.79801  -0.21843  -2.15850    99.52238    98.66484     0.85754
  -4.27801  -1.04981  -2.15850    93.55978    93.12571     0.43407
  -3.79801  -1.88120  -2.15850    89.73072    90.22243    -0.49171
  -3.31801  -1.04981  -2.41573    92.58840    92.44102     0.14737
  -2.23805  -1.83155   2.51974    92.76096    92.59581     0.16515
  -1.27805  -1.83155   2.26251    99.43892    99.91118    -0.47226
  -3.19804  -1.83155   2.26251    88.98210    89.56636    -0.58426
  -2.71805  -2.66293   2.26251    90.86777    90.08310     0.78467
  -1.75804  -2.66293   2.26251    94.75017    94.12732     0.62285
  -3.58325  -2.80890   1.55974    90.60798    89.80955     0.79843
  -2.75187  -3.41293   1.55974    91.34154    89.90872     1.43282
  -1.72422  -3.41293   1.55974    94.70938    93.61500     1.09438
  -3.19804  -3.49431   0.59974    92.04560    90.65652     1.38909
  -2.23805  -3.75155   0.59974    92.80489    91.48101     1.32388
  -2.75187  -3.41293  -0.36026    92.53945    92.15220     0.38725
  -1.72422  -3.41293  -0.36026    94.82986    94.23215     0.59771
  -0.76121  -3.71048   0.95168    87.76285    87.71171     0.05114
   0.26644  -3.71048   0.95168    81.26750    81.94739    -0.67989
  -1.20739  -3.79186  -0.00833    88.80263    87.60557     1.19707
  -0.24739  -4.04910  -0.00833    80.00119    79.27244     0.72874
   0.71261  -3.79186  -0.00833    79.05992    78.76874     0.29118
  -1.59259  -3.10645  -0.96832    89.87881    90.37464    -0.49583
  -0.76121  -3.71048  -0.96832    81.49654    80.62216     0.87438
   0.26644  -3.71048  -0.96832    77.86075    77.66875     0.19201
  -0.72739  -2.96048  -1.67109    82.12531    82.16723    -0.04193
   0.23261  -2.96048  -1.67109    79.57824    80.56094    -0.98269
   0.66028  -1.53472   3.31616    77.10209    76.47454     0.62755
   1.62028  -1.53472   3.05893    75.46806    74.42394     1.04412
   1.14028  -0.70333   3.05893    81.33339    80.58643     0.74696
   0.18028  -0.70333   3.05893    83.87668    84.33833    -0.46164
  -0.29972  -1.53472   3.05893    82.44408    83.07632    -0.63224
   0.18028  -2.36610   3.05893    77.42338    77.38688     0.03649
   1.14028  -2.36610   3.05893    73.84908    72.97680     0.87229
   2.32305  -1.53472   2.35616    76.83164    76.22802     0.60361
  -1.00249  -1.53472   2.35616    96.01397    97.41689    -1.40291
  -0.68493  -2.51207   2.35616    88.79636    90.25116    -1.45480
   0.14645  -3.11611   2.35616    78.82021    79.69754    -0.87733
   1.17410  -3.11611   2.35616    74.14276    73.92934     0.21341
   2.00548  -2.51207   2.35616    73.65518    72.98788     0.66731
   1.62028  -3.19749   1.39616    77.41898    77.22716     0.19182
   3.00984  -1.16405  -2.53532    66.36478    67.14062    -0.77584
   0.00186  -0.18670  -2.53532    85.34443    84.98599     0.35844
  -0.31570  -1.16405  -2.53532    83.37468    82.62353     0.75115
   0.00186  -2.14140  -2.53532    77.04813    77.23915    -0.19102
   0.83324  -2.74544  -2.53532    69.86754    71.19171    -1.32417
   1.86089  -2.74544  -2.53532    64.93908    67.16587    -2.22680
   2.69228  -2.14140  -2.53532    63.81144    65.78950    -1.97806
   2.30707  -1.16405  -3.23809    64.97171    64.95865     0.01306
   1.82707  -0.33266  -3.23809    69.31031    68.71683     0.59347
   0.86707  -0.33266  -3.23809    73.86226    72.90136     0.96090
   0.38707  -1.16405  -3.23809    73.54976    72.56346     0.98630
   0.86707  -1.99543  -3.23809    68.43807    68.16882     0.26925
   1.82707  -1.99543  -3.23809    64.32474    64.67999    -0.35525
   1.34707  -1.16405  -3.49532    67.63046    66.79240     0.83807
   3.17696  -2.16270   1.25067    71.02592    71.45901    -0.43309
   2.69696  -2.99409   1.25067    70.45677    69.94561     0.51116
   3.87973  -2.16270   0.54790    65.59671    66.02982    -0.43312
   1.70313  -3.74409   0.54790    73.42049    72.65492     0.76558
   2.73078  -3.74409   0.54790    66.28822    64.81779     1.47043
   3.56217  -3.14006   0.54790    63.98150    62.82357     1.15793
   4.13696  -2.16270  -0.41210    63.39666    63.56693    -0.17027
   1.25696  -3.82547  -0.41210    74.16723    74.01309     0.15414
   2.21696  -4.08270  -0.41210    66.14076    65.01186     1.12890
   3.17696  -3.82547  -0.41210    62.51814    60.84970     1.66845
   3.87973  -3.12271  -0.41210    61.55115    60.35063     1.20052
   3.87973  -2.16270  -1.37210    63.16950    63.49116    -0.32166
   1.70313  -3.74409  -1.37210    67.34934    68.10860    -0.75926
   2.73078  -3.74409  -1.37210    62.47359    62.03627     0.43732
   3.56217  -3.14006  -1.37210    61.01840    60.52722     0.49118
   2.69696  -2.99409  -2.07486    62.74216    64.26277    -1.52061
   5.03296   0.05695   0.11502    58.08228    59.71828    -1.63600
   4.71539   1.03430   0.11502    60.49254    61.99832    -1.50578
   5.29019   0.05695  -0.84498    56.86177    56.26109     0.60068
   5.03296   1.01695  -0.84498    58.22096    57.74277     0.47819
   4.33019   1.71972  -0.84498    62.64804    62.82671    -0.17867
   4.33019  -1.60581  -0.84498    62.70451    63.21537    -0.51086
   5.03296  -0.90305  -0.84498    58.00133    57.88433     0.11700
   5.03296   0.05695  -1.80498    57.63800    55.84215     1.79585
   4.71539   1.03430  -1.80498    59.04049    57.58305     1.45743
   3.88401   1.63834  -1.80498    63.48388    63.29602     0.18786
   3.88401  -1.52443  -1.80498    63.77505    63.94318    -0.16813
   4.71539  -0.92040  -1.80498    58.94071    57.77790     1.16282
   4.33019   0.05695  -2.50775    59.89264    58.18894     1.70371
   3.85019   0.88834  -2.50775    62.22259    61.15114     1.07144
   2.89019   0.88834  -2.50775    68.63009    68.65910    -0.02901
   3.85019  -0.77443  -2.50775    62.19309    61.42198     0.77111
   3.37019   0.05695  -2.76498    64.35173    63.70702     0.64471
   2.94952  -0.16298   2.76876    70.35448    69.45511     0.89937
   3.90952  -0.16298   2.51153    63.29437    62.48475     0.80962
   3.42952   0.66840   2.51153    67.21631    66.71333     0.50298
   2.46952  -0.99437   2.51153    75.84645    75.17463     0.67182
   3.42952  -0.99437   2.51153    66.50220    65.66510     0.83710
   4.61229  -0.16298   1.80876    59.48790    59.67352    -0.18562
   4.29473   0.81437   1.80876    61.82537    62.23130    -0.40593
   3.46335   1.41841   1.80876    69.20426    69.69224    -0.48799
   3.46335  -1.74437   1.80876    67.39954    67.39195     0.00759
   4.29473  -1.14033   1.80876    61.27066    61.25828     0.01238
   4.86952  -0.16298   0.84876    58.49895    60.37595    -1.87701
   4.61229   0.79702   0.84876    60.62871    62.56603    -1.93731
   3.90952  -1.82575   0.84876    65.68707    66.69028    -1.00321
   4.61229  -1.12298   0.84876    60.01564    61.54528    -1.52965
   1.38974   3.42936  -1.20466    73.58239    76.24873    -2.66634
   0.42974   3.17213  -1.20466    87.68316    88.81839    -1.13524
   3.05251   1.50936  -2.16466    68.11867    68.63118    -0.51252
   2.73495   2.48671  -2.16466    65.16623    66.48909    -1.32285
   1.90356   3.09074  -2.16466    67.43468    68.62544    -1.19076
   0.87592   3.09074  -2.16466    75.79813    76.12171    -0.32358
   0.04453   2.48671  -2.16466    90.56405    89.94603     0.61803
  -0.27303   1.50936  -2.16466    98.04083    97.30861     0.73222
   0.04453   0.53201  -2.16466    91.33338    91.73371    -0.40033
   2.34974   1.50936  -2.86743    67.61917    67.39098     0.22818
   1.86974   2.34074  -2.86743    67.64615    67.34241     0.30374
   0.90974   2.34074  -2.86743    74.28206    73.42591     0.85616
   0.42974   1.50936  -2.86743    80.41722    79.43644     0.98079
   0.90974   0.67797  -2.86743    78.25420    77.60064     0.65356
   1.86974   0.67797  -2.86743    72.60473    72.22015     0.38458
   1.38974   1.50936  -3.12466    71.62707    70.66780     0.95927
   2.29134   2.12186   2.10312    76.86803    76.68783     0.18020
   3.25133   2.12186   1.84589    68.60373    68.40344     0.20029
   2.77134   2.95324   1.84589    68.23789    67.20594     1.03195
   1.81133   2.95324   1.84589    75.88159    75.24190     0.63968
   3.95410   2.12186   1.14312    64.64226    64.50659     0.13567
   3.63654   3.09921   1.14312    63.30692    61.83590     1.47102
   2.80516   3.70325   1.14312    65.43669    63.86620     1.57049
   1.77751   3.70325   1.14312    71.93894    71.12920     0.80974
   4.21134   2.12186   0.18312    63.46506    63.61592    -0.15087
   3.95410   3.08186   0.18312    61.73564    60.68459     1.05104
   3.25133   3.78463   0.18312    62.73024    61.46707     1.26317
   2.29134   4.04186   0.18312    66.55366    66.03797     0.51569
   1.33133   3.78463   0.18312    75.21078    75.74559    -0.53481
   3.95410   2.12186  -0.77688    64.72572    65.24824    -0.52252
   3.63654   3.09921  -0.77688    62.17239    62.29196    -0.11957
   2.80516   3.70325  -0.77688    63.87733    64.43278    -0.55545
   1.77751   3.70325  -0.77688    70.12983    72.14027    -2.01043
  -0.64440   2.85619   2.37474    78.29373    78.97165    -0.67792
  -1.12440   2.02480   2.37474    83.24102    84.79647    -1.55545
   0.34942   3.60619   1.67198    77.18430    76.49579     0.68851
  -0.67822   3.60619   1.67198    78.94634    78.00229     0.94406
  -1.50961   3.00215   1.67198    83.21341    83.30703    -0.09362
   0.79560   3.68757   0.71198    79.95224    79.45035     0.50189
  -0.16440   3.94480   0.71198    81.37041    80.02491     1.34550
  -1.12440   3.68757   0.71198    87.57397    86.32147     1.25250
   0.34942   3.60619  -0.24802    85.97633    86.04839    -0.07206
  -0.67822   3.60619  -0.24802    96.77389    95.33497     1.43891
   0.76725   0.95951   3.67381    73.56294    73.12276     0.44018
   1.72725   0.95951   3.41658    72.89966    71.96919     0.93047
   1.24725   1.79090   3.41658    71.84921    71.48821     0.36100
   0.28725   1.79090   3.41658    73.68781    74.32883    -0.64102
  -0.19275   0.95951   3.41658    77.04248    77.94942    -0.90694
   0.28725   0.12813   3.41658    78.92940    79.07305    -0.14365
   1.24725   0.12813   3.41658    76.59255    75.75842     0.83414
   2.43002   0.95951   2.71381    75.14928    74.59173     0.55755
   2.11246   1.93686   2.71381    73.55039    73.20477     0.34562
   1.28108   2.54090   2.71381    74.30465    74.48934    -0.18469
   0.25343   2.54090   2.71381    76.89941    78.31588    -1.41647
  -0.89552   0.95951   2.71381    84.83113    87.05046    -2.21933
  -0.57796  -0.01784   2.71381    87.39639    90.17110    -2.77471
   2.11246  -0.01784   2.71381    79.40882    78.65826     0.75056
  -2.44619  -1.03615   2.71459    85.48562    85.75801    -0.27239
  -2.96282  -0.14134   2.50906    82.77603    82.53911     0.23693
  -3.47944  -1.03615   2.50906    80.10473    81.03918    -0.93445
  -3.69645   0.40671   1.92377    85.13045    84.48955     0.64090
  -4.27805  -0.49827   1.92377    80.06456    81.13751    -1.07295
  -4.27805  -1.57403   1.92377    80.09155    81.12112    -1.02957
  -4.69364   0.04616   1.04783    89.42889    89.66412    -0.23523
  -4.94067  -1.03615   1.04783    84.35045    85.37382    -1.02337
  -4.69364  -2.11847   1.04783    83.63070    83.96191    -0.33121
  -4.35538  -2.94534   0.01459    86.50658    85.96295     0.54363
  -3.47944  -3.53063   0.01459    86.59819    85.78603     0.81216
  -3.00127  -3.46809  -1.01866    82.48801    82.85122    -0.36321
  -1.89112  -3.46809  -1.01866    84.02478    84.46083    -0.43605
  -2.71790  -2.92591  -1.89460    79.58075    80.95282    -1.37206
  -1.65309  -2.77281  -1.89460    79.96354    81.28090    -1.31737
  -2.96282  -1.93097  -2.47989    82.65555    83.66106    -1.00551
  -1.92957  -1.93097  -2.47989    79.90141    80.78482    -0.88340
  -2.44619  -1.03615  -2.68541    84.55879    84.16233     0.39646
  -2.15257   0.93427   2.46342    84.95600    84.28450     0.67150
  -0.60271   0.03945  -2.52553    87.98938    87.12786     0.86152
  -1.11933  -0.85537  -2.52553    86.09368    84.61994     1.47374
  -2.69487   2.09644   2.04943    79.64539    80.58823    -0.94285
  -3.21149   1.20163   2.04943    84.04046    83.33180     0.70866
  -2.44995   3.09138   1.46414    79.30653    80.71334    -1.40681
  -3.42850   2.64449   1.46414    80.21579    81.50507    -1.28928
  -4.01010   0.66374   1.46414    90.82573    89.85451     0.97121
  -1.62317   3.63356   0.58820    87.88208    87.72623     0.15585
  -2.73332   3.63356   0.58820    81.73499    82.53282    -0.79782
  -3.21149   3.69610  -0.44505    85.12041    84.99206     0.12835
  -3.73353   3.15188  -1.47829    87.01925    86.70723     0.31203
  -3.42850   2.64449  -2.35423    83.93818    84.34724    -0.40906
  -4.01010   0.66374  -2.35423    90.00181    90.49959    -0.49779
  -1.14500   1.20163  -2.93952    84.25633    84.74917    -0.49284
  -2.69487   2.09644  -2.93952    80.81569    82.00819    -1.19249
  -3.21149   1.20163  -2.93952    80.53582    81.92686    -1.39104
  -2.69487   0.30681  -2.93952    82.08075    82.58128    -0.50053
  -1.66162   0.30681  -2.93952    82.63861    82.47650     0.16211
  -2.17825   1.20163  -3.14505    79.41446    80.71721    -1.30275
  -1.87696   3.80571   0.27509    86.84857    86.87494    -0.02638
  -0.38373   3.73178  -0.80491    90.17186    89.57909     0.59277
  -1.35039   4.09838  -0.80491    86.32962    85.68014     0.64948
  -2.37669   3.97377  -0.80491    86.07924    85.65188     0.42736
  -0.83366   3.65570  -1.88491    86.24993    85.71267     0.53726
  -1.87696   3.80571  -1.88491    84.75143    84.24453     0.50690
  -0.53075   1.95413  -2.67552    88.43868    88.26186     0.17682
  -1.07075   2.88944  -2.67552    85.18065    85.05322     0.12743
  -2.15075   2.88944  -2.67552    84.22872    84.52030    -0.29158
  -4.25859   1.34156   1.44326    86.86740    86.50416     0.36323
  -4.40358   2.75527   0.65265    82.97056    83.17788    -0.20732
  -4.97343   1.86857   0.65265    85.18755    84.79653     0.39102
  -4.97343   0.81455   0.65265    91.08426    90.39042     0.69384
  -3.94453   3.36119  -0.42735    85.00432    84.87902     0.12530
  -4.79537   2.77390  -0.42735    83.64137    83.32952     0.31185
  -5.27582   1.85848  -0.42735    85.79435    85.20655     0.58780
  -5.27582   0.82464  -0.42735    92.15793    91.34497     0.81295
  -4.40358   2.75527  -1.50735    84.61903    84.44043     0.17860
  -4.97343   1.86857  -1.50735    85.71780    85.45148     0.26632
  -4.97343   0.81455  -1.50735    92.01611    91.52567     0.49044
  -4.25859   1.34156  -2.29797    86.91822    87.49770    -0.57947
  -1.38559  -0.04484   2.81168    84.91270    86.25706    -1.34436
  -0.86897  -0.93965   2.81168    86.81719    88.48777    -1.67058
   0.95124  -3.75755   1.38523    74.26700    74.62312    -0.35611
   1.09969  -3.66104  -1.55712    69.23375    70.46317    -1.22942
   2.44787  -2.96577  -2.43306    61.44071    63.18976    -1.74905
   3.26088  -2.26130  -2.43306    60.47497    61.69815    -1.22318
   4.77214   1.06197   0.87888    58.61001    59.99232    -1.38231
   4.43388   1.88885  -0.15436    61.49781    62.05022    -0.55240
   4.43388  -1.92953  -0.15436    60.76112    61.48610    -0.72498
   3.94625   2.35638  -1.21069    61.66222    62.24856    -0.58634
   1.14374   3.70600  -1.21069    72.90029    74.59071    -1.69042
   3.30492   2.30625  -2.08663    62.38888    63.35274    -0.96386
   0.19020   3.02169   2.62270    73.53784    74.25528    -0.71744
  -1.36994   1.66982   2.62270    81.17149    82.39625    -1.22476
   1.01698   3.56387   1.74676    73.89364    73.51488     0.37876
  -5.11285  -0.52280   0.58427    88.80954    89.31108    -0.50154
  -5.11285  -1.57683   0.58427    85.23964    85.74113    -0.50149
  -5.41525  -0.53289  -0.49573    89.72696    89.42292     0.30403
  -5.41525  -1.56673  -0.49573    84.99679    84.88416     0.11263
  -4.93480  -2.48216  -0.49573    84.36614    84.17829     0.18785
  -5.11285  -0.52280  -1.57574    90.03946    89.45887     0.58058
  -5.11285  -1.57683  -1.57574    84.87129    84.57698     0.29431
  -4.54300  -2.46353  -1.57574    83.27867    83.31453    -0.03586
  -3.58423  -2.90139  -1.57574    83.78130    84.46176    -0.68046
  -3.85801  -0.11450  -2.36635    92.95675    92.53295     0.42380
  -4.39801  -1.04981  -2.36635    86.63396    86.34422     0.28974
  -3.85801  -1.98512  -2.36635    83.36652    83.76845    -0.40193
  -3.31801  -1.04981  -2.65573    86.62643    86.53513     0.09131
  -2.23805  -1.83155   2.75974    86.70111    86.70976    -0.00866
  -3.31805  -1.83155   2.47036    83.39288    83.88680    -0.49393
  -2.77804  -2.76685   2.47036    84.17663    83.65863     0.51801
  -1.69805  -2.76685   2.47036    87.99377    87.71536     0.27841
  -3.46304  -3.24526   1.67974    83.84531    83.02505     0.82026
  -2.50426  -3.68312   1.67974    84.85183    83.80632     1.04551
  -1.46096  -3.53312   1.67974    88.65329    88.18284     0.47045
  -3.00399  -3.85118   0.59974    84.94157    83.92055     1.02102
  -1.97769  -3.97580   0.59974    86.72621    85.75714     0.96906
  -0.51360  -3.98067   1.07168    80.31620    80.50225    -0.18605
  -1.01333  -4.14873  -0.00833    80.51763    79.77146     0.74616
   0.01297  -4.27335  -0.00833    74.78470    74.41912     0.36558
  -1.47238  -3.54281  -1.08832    82.54699    82.50058     0.04641
  -0.51360  -3.98067  -1.08832    75.59168    75.15099     0.44068
   0.52969  -3.83067  -1.08832    73.76123    74.01787    -0.25664
  -0.78739  -3.06440  -1.87894    78.29813    78.57326    -0.27514
   0.66028  -1.53472   3.55616    73.22534    72.86906     0.35628
   1.74028  -1.53472   3.26678    71.53420    70.80604     0.72816
   1.20028  -0.59941   3.26678    77.73274    77.16132     0.57142
   0.12028  -0.59941   3.26678    80.50194    81.01612    -0.51418
  -0.41972  -1.53472   3.26678    79.03545    79.63910    -0.60365
   0.12028  -2.47003   3.26678    73.67777    73.75709    -0.07932
   1.20028  -2.47003   3.26678    69.84871    69.29288     0.55583
   2.53089  -1.53472   2.47616    73.18581    72.70184     0.48397
  -1.13457  -2.06173   2.47616    92.27966    93.06976    -0.79010
  -0.56471  -2.94843   2.47616    81.70550    82.69492    -0.98941
   0.39406  -3.38629   2.47616    73.39351    73.86986    -0.47635
   1.43736  -3.23629   2.47616    69.89013    69.67813     0.21200
   2.23394  -2.54605   2.47616    69.87946    69.42681     0.45264
   0.12208   0.24967  -2.65532    83.83339    83.66082     0.17256
  -0.44777  -0.63704  -2.65532    83.85472    83.02807     0.82665
  -0.44777  -1.69106  -2.65532    78.91936    78.70176     0.21760
   0.12208  -2.57776  -2.65532    72.12531    72.67117    -0.54585
   1.08085  -3.01562  -2.65532    65.76049    67.10804    -1.34755
   2.12415  -2.86562  -2.65532    62.03873    63.81726    -1.77853
   2.42707  -1.16405  -3.44594    62.14101    62.21948    -0.07847
   1.88707  -0.22874  -3.44594    66.56809    66.18229     0.38580
   0.80707  -0.22874  -3.44594    71.34846    70.68810     0.66035
   0.26707  -1.16405  -3.44594    70.96128    70.31939     0.64189
   0.80707  -2.09936  -3.44594    65.65318    65.60276     0.05042
   1.88707  -2.09936  -3.44594    61.51036    61.92283    -0.41247
   1.34707  -1.16405  -3.73532    64.70752    64.20479     0.50274
   2.75696  -3.09801   1.45852    67.64113    67.27373     0.36740
   4.08757  -2.16270   0.66790    62.79237    63.31764    -0.52528
   1.95074  -4.01428   0.66790    67.89653    67.21959     0.67694
   2.99404  -3.86428   0.66790    62.36189    61.31284     1.04905
   3.79062  -3.17404   0.66790    60.80316    60.10974     0.69342
   4.37696  -2.16270  -0.41210    60.52768    60.82959    -0.30191
   1.45101  -4.18234  -0.41210    68.36151    68.10549     0.25602
   2.47732  -4.30696  -0.41210    61.85800    60.96645     0.89155
   3.44398  -3.94035  -0.41210    58.90118    57.76810     1.13308
   4.12954  -3.16651  -0.41210    58.38474    57.66891     0.71583
   4.08757  -2.16270  -1.49210    60.46682    60.74838    -0.28157
   1.95074  -4.01428  -1.49210    62.89967    63.28896    -0.38929
   2.99404  -3.86428  -1.49210    58.94259    58.67783     0.26477
   3.79062  -3.17404  -1.49210    58.02455    57.81910     0.20544
   2.75696  -3.09801  -2.28271    60.23966    61.50053    -1.26087
   5.24080   0.05695   0.23502    55.89039    57.23059    -1.34020
   5.53019   0.05695  -0.84498    54.10136    53.78838     0.31298
   5.28277   1.06076  -0.84498    55.32438    55.06701     0.25737
   4.59721   1.83460  -0.84498    59.29275    59.42683    -0.13409
   4.59721  -1.72069  -0.84498    59.35424    59.74070    -0.38646
   5.28277  -0.94685  -0.84498    55.19072    55.18659     0.00412
   5.24080   0.05695  -1.92498    54.62909    53.40134     1.22776
   4.94385   1.06828  -1.92498    55.88851    54.86144     1.02707
   4.14727   1.75853  -1.92498    59.86754    59.66922     0.19833
   4.14727  -1.64462  -1.92498    60.09784    60.16578    -0.06794
   4.94385  -0.95438  -1.92498    55.84019    55.02024     0.81994
   4.45019   0.05695  -2.71560    56.99292    55.81843     1.17450
   3.91019   0.99226  -2.71560    59.59207    58.88785     0.70421
   3.91019  -0.87835  -2.71560    59.57199    59.12937     0.44262
   3.37019   0.05695  -3.00498    61.96531    61.54182     0.42349
   2.94952  -0.16298   3.00876    67.69070    67.04025     0.65046
   4.02952  -0.16298   2.71938    60.38649    59.89073     0.49576
   3.48952   0.77232   2.71938    64.51488    64.19519     0.31969
   2.40952  -1.09829   2.71938    73.69032    73.09594     0.59438
   3.48952  -1.09829   2.71938    63.71292    63.15684     0.55608
   4.82014  -0.16298   1.92876    56.74757    57.02644    -0.27888
   4.52318   0.84835   1.92876    58.78886    59.18436    -0.39550
   3.72660   1.53859   1.92876    65.07650    65.41444    -0.33794
   3.72660  -1.86455   1.92876    63.35963    63.38613    -0.02650
   4.52318  -1.17431   1.92876    58.19774    58.31776    -0.12001
   5.10952  -0.16298   0.84876    56.18846    57.66854    -1.48009
   4.17654  -1.94063   0.84876    62.21506    63.01267    -0.79761
   4.86211  -1.16678   0.84876    57.40708    58.65403    -1.24695
   0.62379   3.52899  -1.20466    80.06519    81.26686    -1.20167
   2.96340   2.52069  -2.28466    62.52505    63.55817    -1.03312
   2.16682   3.21093  -2.28466    63.86415    64.95203    -1.08788
   1.12352   3.36093  -2.28466    70.09030    70.65690    -0.56660
   0.16475   2.92307  -2.28466    82.59280    82.38738     0.20542
   2.46974   1.50936  -3.07528    64.71568    64.60572     0.10996
   1.92974   2.44466  -3.07528    64.61654    64.52069     0.09585
   0.84974   2.44466  -3.07528    71.30077    70.78859     0.51218
   0.30974   1.50936  -3.07528    77.74529    77.11228     0.63301
   0.84974   0.57405  -3.07528    75.76110    75.25119     0.50992
   1.92974   0.57405  -3.07528    69.92150    69.64597     0.27553
   1.38974   1.50936  -3.36466    68.60812    67.98705     0.62107
   3.37134   2.12186   2.05374    65.73790    65.62684     0.11106
   2.83133   3.05717   2.05374    65.11290    64.39538     0.71752
   4.16195   2.12186   1.26312    61.64591    61.69845    -0.05254
   3.86500   3.13319   1.26312    59.97485    59.03601     0.93884
   3.06842   3.82343   1.26312    61.45640    60.31798     1.13841
   2.02512   3.97344   1.26312    66.53985    65.81522     0.72463
   4.45133   2.12186   0.18312    60.53647    60.82120    -0.28474
   4.20392   3.12566   0.18312    58.54977    57.93474     0.61503
   3.51836   3.89951   0.18312    59.13712    58.29078     0.84634
   2.55169   4.26611   0.18312    62.29350    61.84043     0.45307
   1.52539   4.14150   0.18312    69.35800    69.58515    -0.22715
   4.16195   2.12186  -0.89688    62.09018    62.49054    -0.40036
   3.86500   3.13319  -0.89688    59.30404    59.51772    -0.21368
   3.06842   3.82343  -0.89688    60.45238    60.88252    -0.43013
   2.02512   3.97344  -0.89688    65.52203    66.79292    -1.27089
  -0.70440   2.96011   2.58259    74.51111    75.17571    -0.66461
   0.61268   3.72637   1.79198    73.26550    72.87044     0.39505
  -0.43062   3.87638   1.79198    73.81771    73.23565     0.58206
  -1.38939   3.43852   1.79198    77.57900    77.47319     0.10581
   0.09596   4.16905   0.71198    76.11063    75.33377     0.77686
  -0.93035   4.04444   0.71198    80.76236    79.81959     0.94277
  -0.43062   3.87638  -0.36802    87.77352    86.96760     0.80592
   0.76725   0.95951   3.91381    69.73513    69.53615     0.19898
   1.84725   0.95951   3.62442    68.93945    68.31996     0.61949
   1.30725   1.89482   3.62442    67.98501    67.80831     0.17670
   0.22725   1.89482   3.62442    70.12419    70.72313    -0.59894
  -0.31275   0.95951   3.62442    73.71793    74.54781    -0.82987
   0.22725   0.02421   3.62442    75.49379    75.74734    -0.25355
   1.30725   0.02421   3.62442    72.79549    72.23607     0.55943
   2.63787   0.95951   2.83381    71.38046    70.97121     0.40925
   2.34091   1.97084   2.83381    69.75458    69.50924     0.24534
   1.54433   2.66108   2.83381    70.28608    70.31313    -0.02705
   0.50104   2.81109   2.83381    72.58716    73.36684    -0.77968
  -2.44619  -1.03615   3.01459    80.43354    80.70806    -0.27452
  -2.95922  -0.14756   2.83366    78.57486    78.53617     0.03869
  -3.47225  -1.03615   2.83366    76.14200    76.70681    -0.56480
  -3.70900   0.42121   2.31272    79.55063    79.25983     0.29080
  -4.29645  -0.49287   2.31272    75.54461    76.21973    -0.67512
  -4.29645  -1.57944   2.31272    75.22709    75.92265    -0.69555
  -4.54808   0.49096   1.51459    84.04548    83.85025     0.19524
  -4.98750  -0.49598   1.51459    78.46504    79.11542    -0.65038
  -4.98750  -1.57632   1.51459    76.56996    77.20896    -0.63899
  -4.54808  -2.56327   1.51459    77.50558    77.53748    -0.03189
  -4.95810  -2.59146   0.53553    79.26512    79.17277     0.09234
  -4.22663  -3.39384   0.53553    79.44396    78.87372     0.57024
  -4.22663  -3.39384  -0.50636    79.11577    78.83164     0.28413
  -3.25471  -3.87779  -0.50636    78.67840    78.41917     0.25922
  -2.17359  -3.97797  -0.50636    80.94684    80.69435     0.25250
  -3.74523  -3.28615  -1.48541    77.71705    78.03460    -0.31755
  -2.71777  -3.62000  -1.48541    76.02780    76.58367    -0.55587
  -1.64334  -3.50707  -1.48541    78.17137    78.60912    -0.43775
  -2.72063  -2.94489  -2.28355    75.02315    76.00347    -0.98031
  -1.64512  -2.79026  -2.28355    75.82825    76.73438    -0.90613
  -2.95922  -1.92475  -2.80449    77.66811    78.26386    -0.59575
  -1.93316  -1.92475  -2.80449    76.47082    76.94400    -0.47318
  -2.44619  -1.03615  -2.98541    79.85372    79.61102     0.24270
  -2.14898   0.92804   2.78802    80.20324    80.11316     0.09009
  -0.60989   0.03945  -2.85014    83.06594    82.43056     0.63538
  -1.12292  -0.84915  -2.85014    81.31645    80.40005     0.91639
  -2.69128   2.09022   2.37403    76.35536    76.93808    -0.58272
  -3.20431   1.20163   2.37403    79.51361    79.10184     0.41178
  -2.45268   3.11036   1.85309    75.29612    76.25696    -0.96084
  -3.44106   2.65898   1.85309    75.30993    76.17338    -0.86345
  -4.02850   1.74491   1.85309    79.30528    79.41577    -0.11049
  -2.44982   3.78547   1.05495    76.53106    77.14631    -0.61525
  -3.47728   3.45163   1.05495    75.84519    76.60224    -0.75705
  -2.98676   4.04326   0.07590    77.82624    77.99760    -0.17136
  -3.95868   3.55931   0.07590    78.94446    79.09593    -0.15147
  -2.98676   4.04326  -0.96599    79.77779    79.49416     0.28363
  -3.95868   3.55931  -0.96599    80.11288    79.89855     0.21433
  -3.47728   3.45163  -1.94505    79.18605    79.03971     0.14634
  -2.45268   3.11036  -2.74318    79.23751    79.42936    -0.19185
  -3.44106   2.65898  -2.74318    77.30729    77.75741    -0.45012
  -4.02850   1.74491  -2.74318    78.80390    79.46072    -0.65682
  -4.02850   0.65834  -2.74318    82.14601    82.57488    -0.42887
  -1.15219   1.20163  -3.26412    78.99341    79.32323    -0.32982
  -1.66522   2.09022  -3.26412    78.27805    78.91020    -0.63216
  -2.69128   2.09022  -3.26412    75.70463    76.57287    -0.86824
  -3.20431   1.20163  -3.26412    75.88723    76.82663    -0.93940
  -2.69128   0.31303  -3.26412    77.56331    77.95396    -0.39065
  -1.66522   0.31303  -3.26412    78.21341    78.19365     0.01976
  -2.17825   1.20163  -3.44505    75.46178    76.30091    -0.83912
  -1.09009   4.23529  -0.27086    82.22194    81.62170     0.60024
  -2.13141   4.23529  -0.27086    80.54775    80.34466     0.20309
  -0.15189   3.78348  -1.33896    83.45751    83.33551     0.12200
  -1.09009   4.23529  -1.33896    80.27792    79.80322     0.47470
  -2.13141   4.23529  -1.33896    79.55126    79.13677     0.41450
  -0.83126   3.66096  -2.30129    80.05515    79.74249     0.31266
  -1.87779   3.81143  -2.30129    78.84657    78.56853     0.27804
  -0.56943   1.95413  -2.96724    82.65743    82.58927     0.06817
  -1.09009   2.85594  -2.96724    79.61966    79.62570    -0.00604
  -2.13141   2.85594  -2.96724    78.92061    79.26962    -0.34901
  -4.40737   2.75964   1.06902    77.73462    78.04493    -0.31031
  -4.97898   1.87020   1.06902    79.60146    79.40335     0.19811
  -4.97898   0.81292   1.06902    84.67550    84.27252     0.40298
  -4.63744   3.17091   0.10670    77.69070    77.66331     0.02739
  -5.28670   2.35677   0.10670    78.48512    78.17729     0.30783
  -5.51841   1.34156   0.10670    82.08828    81.56551     0.52277
  -5.28670   0.32635   0.10670    90.24528    89.73351     0.51177
  -4.63744   3.17091  -0.96140    78.37029    78.16384     0.20645
  -5.28670   2.35677  -0.96140    78.74805    78.42473     0.32332
  -5.51841   1.34156  -0.96140    82.29850    81.81854     0.47996
  -5.28670   0.32635  -0.96140    91.18215    90.50858     0.67357
  -4.40737   2.75964  -1.92373    79.29210    79.28477     0.00733
  -4.97898   1.87020  -1.92373    80.05201    79.99482     0.05719
  -4.97898   0.81292  -1.92373    85.42287    85.19941     0.22345
  -1.37841  -0.04484   3.13629    80.25219    81.28718    -1.03499
  -0.90287  -3.57562   1.85198    82.76286    83.18696    -0.42411
   0.12459  -3.90946   1.85198    73.29876    73.92006    -0.62130
   0.66876  -4.26744   0.87293    70.96066    71.04503    -0.08437
   0.84625  -4.07075  -1.04482    69.59394    69.89563    -0.30169
   0.35573  -3.47911  -2.02387    70.15242    70.97068    -0.81826
   1.38319  -3.81295  -2.02387    63.38222    64.44819    -1.06596
   4.02823  -2.28584  -2.02387    57.66310    58.03811    -0.37501
   2.45584  -2.98321  -2.82201    58.74367    59.97739    -1.23372
   3.27701  -2.27166  -2.82201    57.79802    58.66834    -0.87032
   5.47912  -0.02034   0.36658    53.61818    54.64258    -1.02441
   5.27961   1.04692   0.36658    54.70126    55.57946    -0.87820
   4.70804   1.97004   0.36658    58.14252    58.59834    -0.45582
   4.70804  -2.01073   0.36658    57.37821    58.01965    -0.64144
   5.27961  -1.08760   0.36658    54.34546    55.35084    -1.00538
   4.70804  -2.01073  -0.67530    57.40959    57.73561    -0.32602
   0.89029   4.11571  -0.69839    72.20877    72.99467    -0.78590
   4.07227   2.33080  -1.67744    58.71418    59.08587    -0.37169
   3.43726   3.20481  -1.67744    58.63888    59.50628    -0.86740
   2.50166   3.74499  -1.67744    61.08366    62.31444    -1.23078
   3.32105   2.31662  -2.47557    59.97171    60.54193    -0.57022
   0.18748   3.04067   3.01165    69.03922    69.65132    -0.61210
  -0.80090   2.58930   3.01165    72.05064    73.03933    -0.98869
  -1.38834   1.67522   3.01165    76.10247    77.13742    -1.03495
   1.26476   3.60285   2.21351    68.39728    68.21035     0.18693
  -5.42612  -0.03460   0.03831    87.53193    87.26179     0.27014
  -5.65784  -1.04981   0.03831    80.82322    80.88849    -0.06526
  -5.42612  -2.06502   0.03831    78.97019    78.98926    -0.01907
  -5.42612  -0.03460  -1.02979    87.72457    87.19019     0.53439
  -5.65784  -1.04981  -1.02979    80.86276    80.59880     0.26396
  -5.42612  -2.06502  -1.02979    78.28432    78.13353     0.15079
  -4.77687  -2.87916  -1.02979    78.32260    78.22839     0.09421
  -5.11840  -0.52117  -1.99211    83.61376    83.20298     0.41078
  -5.11840  -1.57845  -1.99211    79.07749    78.87825     0.19924
  -4.54679  -2.46790  -1.99211    77.59971    77.70473    -0.10502
  -3.83867  -0.14800  -2.65806    86.30515    86.12293     0.18221
  -4.35933  -1.04981  -2.65806    80.94308    80.78102     0.16206
  -3.83867  -1.95162  -2.65806    78.38347    78.69408    -0.31061
  -3.31801  -1.04981  -2.89574    81.64338    81.59886     0.04452
  -2.23805  -1.83155   2.99974    81.64652    81.74906    -0.10254
  -2.75870  -2.73336   2.76207    78.90493    78.62067     0.28425
  -1.71738  -2.73336   2.76207    82.26963    82.18387     0.08576
  -3.46682  -3.24963   2.09612    78.01951    77.49648     0.52303
  -2.50508  -3.68884   2.09612    79.04674    78.34786     0.69889
  -1.45856  -3.53838   2.09612    82.53632    82.32362     0.21270
  -3.69690  -3.66090   1.13379    79.05239    78.30378     0.74862
  -2.75870  -4.11271   1.13379    78.94383    78.10645     0.83738
  -1.71738  -4.11271   1.13379    81.52854    80.85336     0.67518
  -2.75870  -4.11271   0.06569    79.89953    79.30317     0.59636
  -1.71738  -4.11271   0.06569    82.37066    81.69057     0.68009
  -0.51443  -3.98639   1.48805    77.58339    77.96968    -0.38628
  -0.76805  -4.41026   0.52573    75.43041    75.08314     0.34727
   0.27327  -4.41026   0.52573    71.51349    71.45255     0.06095
  -1.70624  -3.95845  -0.54237    81.49340    81.09946     0.39395
  -0.76805  -4.41026  -0.54237    73.21655    72.76445     0.45210
   0.27327  -4.41026  -0.54237    70.13862    69.94607     0.19255
  -1.47616  -3.54718  -1.50470    77.61540    77.89907    -0.28368
  -0.51443  -3.98639  -1.50470    71.88874    71.80719     0.08155
   0.53210  -3.83593  -1.50470    70.39276    70.94028    -0.54751
  -0.76805  -3.03091  -2.17065    75.14238    75.54508    -0.40270
   0.66028  -1.53472   3.79616    69.82612    69.60706     0.21906
   1.70160  -1.53472   3.55849    68.13875    67.60136     0.53739
   1.18094  -0.63291   3.55849    73.36276    72.94540     0.41736
   0.13962  -0.63291   3.55849    75.99328    76.33025    -0.33697
  -0.38104  -1.53472   3.55849    74.65732    75.07232    -0.41500
   0.13962  -2.43653   3.55849    70.01688    70.05867    -0.04179
   1.18094  -2.43653   3.55849    66.67477    66.28713     0.38763
   2.53667  -1.53472   2.89254    68.97710    68.48248     0.49462
  -1.14011  -2.06336   2.89254    83.84468    84.44429    -0.59961
  -0.56850  -2.95280   2.89254    76.05980    76.60414    -0.54434
   0.39324  -3.39202   2.89254    69.29399    69.51233    -0.21834
   1.43976  -3.24155   2.89254    66.15331    65.93078     0.22252
   2.23880  -2.54917   2.89254    66.10185    65.67806     0.42379
   1.18094  -3.81588   1.93021    69.04362    69.18171    -0.13809
   2.11914  -3.36407   1.93021    67.74844    67.51582     0.23261
   2.76839  -2.54993   1.93021    68.75873    68.65495     0.10378
   0.11829   0.25404  -3.07170    78.34644    77.97433     0.37211
  -0.45332  -0.63541  -3.07170    78.15066    77.52370     0.62696
  -0.45332  -1.69269  -3.07170    73.89426    73.68602     0.20825
   0.11829  -2.58213  -3.07170    67.91222    68.23808    -0.32587
   1.08003  -3.02135  -3.07170    62.47234    63.30433    -0.83199
   2.12655  -2.87088  -3.07170    59.19548    60.29231    -1.09683
   2.92559  -2.17850  -3.07170    58.50146    59.39949    -0.89803
   2.38839  -1.16405  -3.73765    59.75020    59.76998    -0.01978
   1.86773  -0.26224  -3.73765    63.62256    63.30845     0.31411
   0.82641  -0.26224  -3.73765    67.80240    67.30023     0.50217
   0.30575  -1.16405  -3.73765    67.45413    67.00493     0.44921
   0.82641  -2.06586  -3.73765    62.86139    62.82570     0.03569
   1.86773  -2.06586  -3.73765    59.26764    59.52262    -0.25498
   1.34707  -1.16405  -3.97532    62.14980    61.82426     0.32554
   2.73762  -3.06452   1.75023    66.35034    66.10274     0.24760
   1.94992  -4.02000   1.08428    66.43506    66.01664     0.41841
   2.99644  -3.86954   1.08428    60.86403    60.20419     0.65984
   3.79548  -3.17716   1.08428    59.36993    58.98342     0.38651
   1.69630  -4.44387   0.12195    64.69811    64.26323     0.43489
   2.73762  -4.44387   0.12195    59.17603    58.37965     0.79638
   3.67582  -3.99206   0.12195    56.68607    55.84232     0.84376
   4.32507  -3.17792   0.12195    56.45138    56.00819     0.44320
   4.55678  -2.16270  -0.94615    57.84634    58.02398    -0.17764
   1.69630  -4.44387  -0.94615    62.45979    62.40211     0.05767
   2.73762  -4.44387  -0.94615    57.64679    57.15497     0.49182
   3.67582  -3.99206  -0.94615    55.48125    54.86399     0.61726
   4.32507  -3.17792  -0.94615    55.41976    55.07753     0.34223
   1.94992  -4.02000  -1.90847    60.31245    60.96476    -0.65232
   2.99644  -3.86954  -1.90847    56.58065    56.75507    -0.17442
   3.79548  -3.17716  -1.90847    55.81195    55.96185    -0.14990
   5.71001   0.05695  -0.31093    52.27656    52.60113    -0.32456
   5.47830   1.07217  -0.31093    53.45942    53.75737    -0.29795
   5.47830  -0.95826  -0.31093    53.34396    53.85014    -0.50619
   5.71001   0.05695  -1.37903    51.63650    51.07460     0.56190
   5.47830   1.07217  -1.37903    52.60475    52.10060     0.50415
   4.82904   1.88630  -1.37903    55.67202    55.51564     0.15638
   4.82904  -1.77240  -1.37903    55.80191    55.80790    -0.00599
   5.47830  -0.95826  -1.37903    52.55706    52.20776     0.34930
   5.24658   0.05695  -2.34136    52.56333    51.61766     0.94568
   4.94871   1.07141  -2.34136    53.75560    52.95915     0.79645
   4.14967   1.76378  -2.34136    57.49870    57.30348     0.19521
   4.14967  -1.64988  -2.34136    57.63047    57.69462    -0.06415
   4.94871  -0.95750  -2.34136    53.74117    53.09511     0.64606
   4.41151   0.05695  -3.00731    55.07023    54.27778     0.79245
   3.89085   0.95876  -3.00731    57.54262    57.04322     0.49940
   3.89085  -0.84486  -3.00731    57.51438    57.22248     0.29190
   3.37019   0.05695  -3.24498    59.84244    59.52958     0.31286
   2.94952  -0.16298   3.24876    65.25660    64.73770     0.51890
   3.99084  -0.16298   3.01109    58.62570    58.24307     0.38263
   3.47018   0.73883   3.01109    62.38135    62.07851     0.30283
   2.42886  -1.06479   3.01109    70.38398    69.83665     0.54733
   3.47018  -1.06479   3.01109    61.63210    61.18371     0.44839
   4.82592  -0.16298   2.34514    55.03133    55.09027    -0.05894
   4.52805   0.85147   2.34514    56.92892    57.05867    -0.12976
   3.72901   1.54385   2.34514    62.54826    62.63440    -0.08613
   3.72901  -1.86981   2.34514    61.04036    60.90949     0.13087
   4.52805  -1.17744   2.34514    56.33969    56.29096     0.04873
   5.28935  -0.16298   1.38281    53.75686    54.53609    -0.77924
   5.05763   0.85223   1.38281    55.28296    56.09545    -0.81249
   4.40838  -1.99233   1.38281    58.35023    58.74756    -0.39734
   5.05763  -1.17819   1.38281    54.70753    55.34096    -0.63343
   0.86908   3.79052  -1.73871    71.44635    72.27942    -0.83307
   2.96826   2.52381  -2.70104    59.98803    60.53810    -0.55008
   2.16922   3.21619  -2.70104    61.31584    61.90108    -0.58524
   1.12270   3.36665  -2.70104    66.73877    66.98911    -0.25034
   0.16096   2.92744  -2.70104    76.78897    76.57769     0.21128
   2.43106   1.50936  -3.36699    62.36942    62.22974     0.13968
   1.91040   2.41117  -3.36699    62.32362    62.21534     0.10828
   0.86908   2.41117  -3.36699    67.97120    67.60599     0.36521
   0.34842   1.50936  -3.36699    73.45061    72.98825     0.46236
   0.86908   0.60755  -3.36699    72.06068    71.60187     0.45881
   1.91040   0.60755  -3.36699    66.92514    66.63890     0.28624
   1.38974   1.50936  -3.60466    65.91234    65.47455     0.43780
   3.33266   2.12186   2.34545    64.03546    63.92764     0.10782
   2.81199   3.02367   2.34545    63.28245    62.81668     0.46577
   4.16773   2.12186   1.67950    59.86503    59.90832    -0.04328
   3.86986   3.13632   1.67950    58.06094    57.43174     0.62921
   3.07082   3.82869   1.67950    59.44586    58.64841     0.79745
   2.02430   3.97916   1.67950    64.35549    63.78905     0.56644
   4.63116   2.12186   0.71717    58.04651    58.31157    -0.26506
   4.39945   3.13707   0.71717    56.14202    55.63988     0.50214
   3.75019   3.95121   0.71717    56.45577    55.68095     0.77482
   2.81199   4.40302   0.71717    58.97460    58.34359     0.63101
   1.77068   4.40302   0.71717    64.53182    64.25846     0.27336
   4.63116   2.12186  -0.35093    58.42490    58.70499    -0.28009
   4.39945   3.13707  -0.35093    56.03534    55.86834     0.16700
   3.75019   3.95121  -0.35093    56.19473    55.90627     0.28846
   2.81199   4.40302  -0.35093    58.69661    58.66473     0.03188
   1.77068   4.40302  -0.35093    64.38498    64.84902    -0.46404
   3.86986   3.13632  -1.31326    57.58215    58.05141    -0.46926
   3.07082   3.82869  -1.31326    58.67214    59.39161    -0.71947
  -0.68506   2.92661   2.87430    71.36728    72.10622    -0.73894
   0.61508   3.73163   2.20835    69.53621    69.41941     0.11680
  -0.43144   3.88210   2.20835    69.72384    69.54885     0.17499
  -1.39318   3.44289   2.20835    72.91472    73.08402    -0.16930
   0.35626   4.30596   1.24603    70.32750    69.82346     0.50404
  -0.68506   4.30596   1.24603    72.52316    71.91674     0.60642
  -1.62326   3.85415   1.24603    77.31921    77.22397     0.09524
   0.35626   4.30596   0.17793    74.00345    73.73924     0.26421
  -0.68506   4.30596   0.17793    78.52779    77.83375     0.69404
   0.76725   0.95951   4.15381    66.43129    66.34649     0.08480
   1.80857   0.95951   3.91613    65.46179    65.03433     0.42746
   1.28791   1.86132   3.91613    64.67740    64.57038     0.10703
   0.24659   1.86132   3.91613    66.68920    67.10810    -0.41890
  -0.27407   0.95951   3.91613    69.89640    70.48366    -0.58726
   0.24659   0.05770   3.91613    71.26249    71.45311    -0.19062
   1.28791   0.05770   3.91613    68.78822    68.40879     0.37943
   2.64365   0.95951   3.25018    66.90255    66.49554     0.40702
   2.34578   1.97397   3.25018    65.46242    65.21442     0.24800
   1.54674   2.66634   3.25018    65.88034    65.89519    -0.01485
   0.50021   2.81681   3.25018    67.90469    68.44904    -0.54436
  -1.03314   0.43087   3.25018    78.45061    79.72055    -1.26994
   2.34578  -0.05494   3.25018    70.27981    69.71835     0.56146
