   23  894    0
                  -4.6226364E+00  -1.9580471E+00   2.7563543E-02
                  -3.0915010E+00   7.4547801E-02  -5.8692999E-02
                  -4.1162900E+00   2.2707420E+00  -8.4101499E-01
                  -3.0438705E+00   3.6927740E+00  -1.5210593E+00
                  -6.0066585E+00   2.5351770E+00  -8.0758007E-01
                  -6.6583928E-01  -8.4725865E-02   5.9943809E-01
                   7.4864141E-01  -2.5050548E+00   6.6514764E-01
                   3.1270562E+00  -2.3226830E+00  -9.8997453E-01
                   4.7709799E+00  -3.8444586E-02  -2.9169810E-01
                   3.2102835E+00   2.4076394E+00  -3.3531298E-01
                   8.7288522E-01   2.1390489E+00   1.3483441E+00
                  -6.2701335E+00  -1.9838570E+00  -9.3680331E-01
                  -4.2292918E+00  -3.4611201E+00   1.1333499E+00
                  -4.6749175E-01  -4.0234080E+00  -1.5731969E-02
                   1.2477426E+00  -2.9001965E+00   2.6383636E+00
                   2.5455913E+00  -2.1997336E+00  -2.9769269E+00
                   4.1894413E+00  -4.0869198E+00  -7.7874663E-01
                   6.3687281E+00   1.0762745E-01  -1.5967826E+00
                   5.5737903E+00  -3.0799132E-01   1.6039257E+00
                   2.6262297E+00   2.8522711E+00  -2.2764811E+00
                   4.3299953E+00   4.0097359E+00   3.4604662E-01
                  -3.1067284E-01   3.8263191E+00   1.3454396E+00
                   1.4498979E+00   1.8132167E+00   3.3142128E+00
   1.5466600E-01  -4.6226364E+00  -1.9580471E+00   3.9959881E+00
   1.4524200E-01  -5.6147425E+00  -2.3966828E-01   3.4643194E+00
   1.3909300E-01  -6.6068487E+00  -1.9580471E+00   3.4643194E+00
   1.6350100E-01  -6.8732339E+00   6.3927918E-01   2.0117758E+00
   1.4801600E-01  -7.9201799E+00  -9.8980068E-01   2.0117758E+00
   1.5016200E-01  -7.9201799E+00  -2.9262936E+00   2.0117758E+00
   1.4698700E-01  -5.1117371E+00  -5.3598223E+00  -1.9566487E+00
   1.4578800E-01  -3.1949559E+00  -5.0842303E+00  -1.9566487E+00
   1.3525900E-01  -3.6305302E+00  -3.6764260E+00  -3.4091923E+00
   1.5141700E-01  -4.6226364E+00  -1.9580471E+00  -3.9408610E+00
   1.5639100E-01  -3.0915010E+00   7.4547801E-02   3.9097316E+00
   1.5484300E-01  -4.0836072E+00   1.7929267E+00   3.3780628E+00
   1.5870500E-01  -1.1072887E+00   7.4547801E-02  -3.4954488E+00
   1.5692100E-01  -2.0993949E+00  -1.6438311E+00  -3.4954488E+00
   1.5458700E-01  -3.0915010E+00   7.4547801E-02  -4.0271176E+00
   1.5179800E-01  -4.1162900E+00   2.2707420E+00   3.1274096E+00
   1.3612800E-01  -5.1083961E+00   3.9891190E+00   2.5957427E+00
   1.5291600E-01  -6.1005023E+00   2.2707420E+00   2.5957427E+00
   1.4476300E-01  -4.6053907E+00   5.6725171E+00   1.1431973E+00
   1.6221600E-01  -5.5235122E+00   5.9812832E+00  -8.4101499E-01
   1.5610300E-01  -2.1320777E+00   2.2707420E+00  -4.2777708E+00
   1.5044100E-01  -5.1083961E+00   3.9891190E+00  -4.2777708E+00
   1.4639100E-01  -6.1005023E+00   2.2707420E+00  -4.2777708E+00
   1.4642700E-01  -5.1083961E+00   5.5236313E-01  -4.2777708E+00
   1.4790100E-01  -3.1241838E+00   5.5236313E-01  -4.2777708E+00
   1.3801700E-01  -4.1162900E+00   2.2707420E+00  -4.8094396E+00
   1.6403900E-01  -2.5195641E+00   6.6662598E+00  -5.4001188E-01
   1.6106400E-01  -4.5535480E+00   6.3076124E+00  -5.4001188E-01
   1.6920000E-01  -7.3090822E-01   5.6335793E+00  -2.5021087E+00
   1.6209200E-01  -2.5195641E+00   6.6662598E+00  -2.5021087E+00
   1.6191000E-01  -4.5535480E+00   6.3076124E+00  -2.5021087E+00
   1.6438400E-01  -1.1778057E+00   3.6927740E+00  -4.0894785E+00
   1.5958500E-01  -2.4672244E+00   5.4675064E+00  -4.0894785E+00
   1.5740200E-01  -4.5535480E+00   4.7896182E+00  -4.0894785E+00
   1.5333900E-01  -3.0438705E+00   3.6927740E+00  -4.6957990E+00
   1.5511200E-01  -7.5163360E+00   3.6320212E+00   1.7608372E+00
   1.6805500E-01  -7.5163360E+00   1.4383309E+00   1.7608372E+00
   1.5610300E-01  -7.5163360E+00   5.1500154E+00   1.7346740E-01
   1.6074800E-01  -8.8439252E+00   3.5678575E+00   1.7346740E-01
   1.7369500E-01  -8.8439252E+00   1.5024966E+00   1.7346740E-01
   1.5968100E-01  -7.5163360E+00   5.1500154E+00  -1.7886294E+00
   1.6160500E-01  -8.8439252E+00   3.5678575E+00  -1.7886294E+00
   1.7495300E-01  -8.8439252E+00   1.5024966E+00  -1.7886294E+00
   1.5859400E-01  -7.5163360E+00   3.6320212E+00  -3.3759993E+00
   1.6797100E-01  -7.5163360E+00   1.4383309E+00  -3.3759993E+00
   1.5271800E-01  -2.6500516E+00  -8.4725865E-02   4.0361939E+00
   1.5634800E-01  -1.6579454E+00  -1.8031047E+00   4.0361939E+00
   1.5510400E-01  -6.6583928E-01  -8.4725865E-02  -3.3689865E+00
   1.5955900E-01  -1.2355709E+00  -2.5050548E+00  -2.7716082E+00
   1.3321300E-01   8.7645869E-01  -4.9200093E+00  -2.9741868E+00
   1.3619600E-01   1.8030594E+00   6.1181806E+00  -3.3531298E-01
   1.0975800E-01   6.1014660E+00   4.2656898E+00  -2.3195253E+00
   1.3348400E-01   2.3005656E+00   5.2652320E+00   3.3325563E+00
   1.6751900E-01  -9.1074021E+00  -9.5117468E-01   4.4244155E-02
   1.5921700E-01  -9.1074021E+00  -3.0165375E+00   4.4244155E-02
   1.6451500E-01  -7.7798129E+00  -4.5986954E+00   4.4244155E-02
   1.7137400E-01  -9.1074021E+00  -9.5117468E-01  -1.9178527E+00
   1.6048300E-01  -9.1074021E+00  -3.0165375E+00  -1.9178527E+00
   1.5769800E-01  -7.7798129E+00  -4.5986954E+00  -1.9178527E+00
   1.7047300E-01  -7.7798129E+00  -8.8701092E-01  -3.5052225E+00
   1.5831200E-01  -7.7798129E+00  -3.0807012E+00  -3.5052225E+00
   1.4963400E-01  -5.6934874E+00  -3.7585894E+00  -3.5052225E+00
   1.5941000E-01  -6.2701335E+00  -1.9838570E+00  -4.1115430E+00
   1.5990200E-01  -4.2292918E+00  -3.4611201E+00   4.3080896E+00
   1.7291600E-01  -2.3632271E+00  -3.4611201E+00   3.7017672E+00
   1.5595900E-01  -5.7389693E+00  -4.5579643E+00   3.7017672E+00
   1.6368800E-01  -3.6526457E+00  -5.2358525E+00   3.7017672E+00
   1.5991000E-01  -7.0665585E+00  -4.4938005E+00   2.1143974E+00
   1.5922800E-01  -5.7389693E+00  -6.0759585E+00   2.1143974E+00
   1.6380500E-01  -3.7049854E+00  -6.4346058E+00   2.1143974E+00
   1.6129400E-01  -5.7389693E+00  -6.0759585E+00   1.5230058E-01
   1.6232600E-01  -3.7049854E+00  -6.4346058E+00   1.5230058E-01
   1.5459100E-01  -1.9771712E+00  -6.6382465E+00   9.6531739E-01
   1.3587000E-01   5.6814612E-02  -6.9968938E+00   9.6531739E-01
   1.4484000E-01  -1.9771712E+00  -6.6382465E+00  -9.9678133E-01
   1.3278700E-01   5.6814612E-02  -6.9968938E+00  -9.9678133E-01
   1.4203600E-01  -1.9771712E+00  -5.1202523E+00  -2.5841512E+00
   1.3336700E-01   1.0915435E-01  -5.7981404E+00  -2.5841512E+00
   1.4198000E-01  -4.6749175E-01  -4.0234080E+00  -3.1904716E+00
   1.3027000E-01   1.2477426E+00  -2.9001965E+00   5.8131033E+00
   1.2775500E-01   3.1138073E+00  -2.9001965E+00   5.2067809E+00
   1.4075200E-01   1.8243887E+00  -1.1254641E+00   5.2067809E+00
   1.4152700E-01  -2.6193492E-01  -1.8033523E+00   5.2067809E+00
   1.3536300E-01  -2.6193492E-01  -3.9970426E+00   5.2067809E+00
   1.2544700E-01   1.8243887E+00  -4.6749308E+00   5.2067809E+00
   1.3140500E-01   4.2670995E+00  -2.9001965E+00   3.6194111E+00
   1.6403100E-01  -1.5895241E+00  -3.9328788E+00   3.6194111E+00
   1.3960900E-01  -2.6193492E-01  -5.5150368E+00   3.6194111E+00
   1.2781000E-01   1.7720490E+00  -5.8736841E+00   3.6194111E+00
   1.2594500E-01   3.5607049E+00  -4.8410018E+00   3.6194111E+00
   1.4194800E-01   1.0359119E+00   4.1510666E-01  -3.9579763E+00
   1.4532000E-01  -2.9167732E-01  -1.1670532E+00  -3.9579763E+00
   1.3744800E-01  -2.9167732E-01  -3.2324141E+00  -3.9579763E+00
   1.2315200E-01   1.0359119E+00  -4.8145721E+00  -3.9579763E+00
   1.1097000E-01   3.0698958E+00  -5.1732194E+00  -3.9579763E+00
   1.0863300E-01   4.4116560E+00  -2.1997336E+00  -5.5453461E+00
   1.1848000E-01   3.1222355E+00  -4.2499937E-01  -5.5453461E+00
   1.2609100E-01   1.0359119E+00  -1.1028876E+00  -5.5453461E+00
   1.1931700E-01   1.0359119E+00  -3.2965797E+00  -5.5453461E+00
   1.0813600E-01   3.1222355E+00  -3.9744660E+00  -5.5453461E+00
   1.1344200E-01   2.5455913E+00  -2.1997336E+00  -6.1516666E+00
   1.1568600E-01   6.0555079E+00  -4.0869198E+00   1.7896707E+00
   1.1721900E-01   4.7660874E+00  -5.8616541E+00   1.7896707E+00
   1.0808900E-01   7.2087982E+00  -4.0869198E+00   2.0230084E-01
   1.2615200E-01   2.6797637E+00  -6.7017602E+00   2.0230084E-01
   1.1148800E-01   4.7137476E+00  -7.0604056E+00   2.0230084E-01
   1.0652400E-01   6.5024035E+00  -6.0277251E+00   2.0230084E-01
   1.0592700E-01   7.2087982E+00  -4.0869198E+00  -1.7597960E+00
   1.1847400E-01   2.6797637E+00  -6.7017602E+00  -1.7597960E+00
   1.0739000E-01   4.7137476E+00  -7.0604056E+00  -1.7597960E+00
   1.0357700E-01   6.5024035E+00  -6.0277251E+00  -1.7597960E+00
   1.0636400E-01   6.0555079E+00  -4.0869198E+00  -3.3471658E+00
   1.0510300E-01   4.7660874E+00  -5.8616541E+00  -3.3471658E+00
   9.5997000E-02   9.3880850E+00   1.0762745E-01  -6.1573509E-01
   1.0016000E-01   8.6816903E+00   2.0484327E+00  -6.1573509E-01
   9.9320000E-02   8.6816903E+00  -1.8331778E+00  -6.1573509E-01
   9.6979000E-02   9.3880850E+00   1.0762745E-01  -2.5778319E+00
   9.9763000E-02   8.6816903E+00   2.0484327E+00  -2.5778319E+00
   1.0920700E-01   6.8930344E+00   3.0811132E+00  -2.5778319E+00
   1.1051100E-01   6.8930344E+00  -2.8658583E+00  -2.5778319E+00
   9.9372000E-02   8.6816903E+00  -1.8331778E+00  -2.5778319E+00
   1.0040100E-01   8.2347928E+00   1.0762745E-01  -4.1652017E+00
   1.0554700E-01   6.9453742E+00   1.8823617E+00  -4.1652017E+00
   1.1924700E-01   4.8590505E+00   1.2044736E+00  -4.1652017E+00
   1.0551800E-01   6.9453742E+00  -1.6671049E+00  -4.1652017E+00
   1.0714300E-01   6.3687281E+00   1.0762745E-01  -4.7715222E+00
   1.1708600E-01   5.5737903E+00  -3.0799132E-01   4.7786654E+00
   1.0495100E-01   7.4398550E+00  -3.0799132E-01   4.1723430E+00
   1.1432500E-01   6.1504364E+00   1.4667411E+00   4.1723430E+00
   1.3378100E-01   4.0641127E+00  -1.4048374E+00   4.1723430E+00
   1.1298200E-01   6.1504364E+00  -2.0827256E+00   4.1723430E+00
   9.8538000E-02   8.5931472E+00  -3.0799132E-01   2.5849732E+00
   1.0335700E-01   7.8867525E+00   1.6328140E+00   2.5849732E+00
   1.1574300E-01   6.0980966E+00  -3.2814771E+00   2.5849732E+00
   1.0251200E-01   7.8867525E+00  -2.2487966E+00   2.5849732E+00
   1.0919300E-01   4.9391900E+00   4.7930764E+00  -3.2575304E+00
   1.1492900E-01   3.1505342E+00   5.8257569E+00  -3.2575304E+00
   1.3601400E-01   1.1165503E+00   5.4671115E+00  -3.2575304E+00
   1.6896300E-01  -2.1103893E-01   3.8849516E+00  -3.2575304E+00
   1.6247600E-01  -2.1103893E-01   1.8195907E+00  -3.2575304E+00
   1.1261100E-01   4.4922944E+00   2.8522711E+00  -4.8449003E+00
   1.1424000E-01   3.2028739E+00   4.6270035E+00  -4.8449003E+00
   1.3168700E-01   1.1165503E+00   3.9491172E+00  -4.8449003E+00
   1.3465500E-01   1.1165503E+00   1.7554251E+00  -4.8449003E+00
   1.2381200E-01   3.2028739E+00   1.0775369E+00  -4.8449003E+00
   1.1986500E-01   2.6262297E+00   2.8522711E+00  -5.4512207E+00
   1.2694900E-01   4.3299953E+00   4.0097359E+00   3.5207863E+00
   1.1312300E-01   6.1960600E+00   4.0097359E+00   2.9144658E+00
   1.1461000E-01   4.9066414E+00   5.7844701E+00   2.9144658E+00
   1.0754400E-01   7.3493522E+00   4.0097359E+00   1.3270960E+00
   1.0622700E-01   6.6429575E+00   5.9505412E+00   1.3270960E+00
   1.1088700E-01   4.8543017E+00   6.9832216E+00   1.3270960E+00
   1.2487400E-01   2.8203178E+00   6.6245762E+00   1.3270960E+00
   1.0724300E-01   7.3493522E+00   4.0097359E+00  -6.3500084E-01
   1.0450100E-01   6.6429575E+00   5.9505412E+00  -6.3500084E-01
   1.0859400E-01   4.8543017E+00   6.9832216E+00  -6.3500084E-01
   1.2181600E-01   2.8203178E+00   6.6245762E+00  -6.3500084E-01
   1.0870500E-01   4.9066414E+00   5.7844701E+00  -2.2223707E+00
   1.3044500E-01   2.6597326E-01   5.6010533E+00   3.9138587E+00
   1.3472400E-01  -1.8203523E+00   4.9231652E+00   3.9138587E+00
   1.3249100E-01   2.1363163E-01   6.7998067E+00   2.3264889E+00
   1.3954100E-01  -1.8203523E+00   6.4411594E+00   2.3264889E+00
   1.4544000E-01  -3.1479415E+00   4.8590014E+00   2.3264889E+00
   1.4199200E-01   2.1363163E-01   6.7998067E+00   3.6439019E-01
   1.6094900E-01  -1.8203523E+00   6.4411594E+00   3.6439019E-01
   1.5989900E-01   2.6597326E-01   5.6010533E+00  -1.2229796E+00
   1.2465800E-01   1.4498979E+00   1.8132167E+00   6.4889524E+00
   1.2410600E-01   3.3159627E+00   1.8132167E+00   5.8826320E+00
   1.2223400E-01   2.0265440E+00   3.5879490E+00   5.8826320E+00
   1.2689800E-01  -5.9781482E-02   2.9100609E+00   5.8826320E+00
   1.3355100E-01  -5.9781482E-02   7.1637056E-01   5.8826320E+00
   1.3228000E-01   2.0265440E+00   3.8482380E-02   5.8826320E+00
   1.2973600E-01   4.4692549E+00   1.8132167E+00   4.2952621E+00
   1.2735400E-01   3.7628583E+00   3.7540219E+00   4.2952621E+00
   1.3000300E-01   1.9742024E+00   4.7867024E+00   4.2952621E+00
   1.3854200E-01   3.7628583E+00  -1.2758863E-01   4.2952621E+00
   1.4506600E-01  -4.6226364E+00  -1.9580471E+00   4.5629059E+00
   1.3868000E-01  -5.6065411E+00  -2.5387335E-01   4.1137653E+00
   1.3377300E-01  -6.5904477E+00  -1.9580471E+00   4.1137653E+00
   1.4697900E-01  -6.9446901E+00   7.2174494E-01   2.8553042E+00
   1.3612300E-01  -8.0248764E+00  -9.5905862E-01   2.8553042E+00
   1.3701000E-01  -8.0248764E+00  -2.9570357E+00   2.8553042E+00
   1.5072700E-01  -7.3794783E+00  -5.4150174E+00   1.0367717E+00
   1.4577600E-01  -5.6065411E+00  -6.2688201E+00  -9.8164462E-01
   1.3541000E-01  -5.1272669E+00  -5.4678296E+00  -2.8001752E+00
   1.3511600E-01  -3.1496271E+00  -5.1834863E+00  -2.8001752E+00
   1.3210500E-01  -3.6387298E+00  -3.6622209E+00  -4.0586382E+00
   1.4284200E-01  -4.6226364E+00  -1.9580471E+00  -4.5077788E+00
   1.4624100E-01  -3.0915010E+00   7.4547801E-02   4.4766494E+00
   1.4415500E-01  -4.0754076E+00   1.7787216E+00   4.0275087E+00
   1.4888400E-01  -1.1236915E+00   7.4547801E-02  -4.1448947E+00
   1.4595800E-01  -2.1075963E+00  -1.6296279E+00  -4.1448947E+00
   1.3182900E-01  -5.1001947E+00   3.9749158E+00   3.2451886E+00
   1.4228600E-01  -6.0841013E+00   2.2707420E+00   3.2451886E+00
   1.3399300E-01  -4.6209205E+00   5.7805225E+00   1.9867256E+00
   1.3820200E-01  -6.4383418E+00   4.9505341E+00   1.9867256E+00
   1.4347300E-01  -5.1001947E+00   6.5815131E+00   1.6819506E-01
   1.4752600E-01  -6.4383418E+00   4.9505341E+00  -3.6687537E+00
   1.4401200E-01  -2.1484786E+00   2.2707420E+00  -4.9272167E+00
   1.3839000E-01  -5.1001947E+00   3.9749158E+00  -4.9272167E+00
   1.3658900E-01  -6.0841013E+00   2.2707420E+00  -4.9272167E+00
   1.3837800E-01  -5.1001947E+00   5.6656631E-01  -4.9272167E+00
   1.3923500E-01  -3.1323833E+00   5.6656631E-01  -4.9272167E+00
   1.3267900E-01  -4.1162900E+00   2.2707420E+00  -5.3763574E+00
   1.4726400E-01  -4.0148570E+00   6.6811621E+00   2.9307760E-01
   1.5358800E-01  -1.2297335E+00   6.8349499E+00  -1.5210593E+00
   1.4786000E-01  -3.0438705E+00   7.3210479E+00  -1.5210593E+00
   1.4956000E-01  -4.8580074E+00   6.8349499E+00  -1.5210593E+00
   1.5395600E-01  -5.0179595E-01   5.5396996E+00  -3.3351963E+00
   1.4790500E-01  -2.0728839E+00   6.6811621E+00  -3.3351963E+00
   1.4635500E-01  -4.0148570E+00   6.6811621E+00  -3.3351963E+00
   1.5035900E-01  -1.2297335E+00   3.6927740E+00  -4.6632371E+00
   1.4627800E-01  -2.1368020E+00   5.2638620E+00  -4.6632371E+00
   1.4421000E-01  -3.9509389E+00   5.2638620E+00  -4.6632371E+00
   1.4273700E-01  -3.0438705E+00   3.6927740E+00  -5.1493332E+00
   1.4091200E-01  -6.9137269E+00   4.1062650E+00   2.3345958E+00
   1.4807800E-01  -7.8207954E+00   2.5351770E+00   2.3345958E+00
   1.4218900E-01  -6.9776450E+00   5.5235651E+00   1.0065569E+00
   1.4373700E-01  -8.5487330E+00   4.3821026E+00   1.0065569E+00
   1.5067500E-01  -9.1488363E+00   2.5351770E+00   1.0065569E+00
   1.6506900E-01  -8.5487330E+00   6.8825143E-01   1.0065569E+00
   1.4476400E-01  -7.8207954E+00   5.6773548E+00  -8.0758007E-01
   1.4548100E-01  -9.1488363E+00   4.3493140E+00  -8.0758007E-01
   1.5223800E-01  -9.6349324E+00   2.5351770E+00  -8.0758007E-01
   1.6998100E-01  -9.1488363E+00   7.2104007E-01  -8.0758007E-01
   1.4927500E-01  -6.9776450E+00   5.5235651E+00  -2.6217170E+00
   1.4576500E-01  -8.5487330E+00   4.3821026E+00  -2.6217170E+00
   1.5150900E-01  -9.1488363E+00   2.5351770E+00  -2.6217170E+00
   1.7003400E-01  -8.5487330E+00   6.8825143E-01  -2.6217170E+00
   1.4668200E-01  -6.9137269E+00   4.1062650E+00  -3.9497579E+00
   1.4829100E-01  -7.8207954E+00   2.5351770E+00  -3.9497579E+00
   1.4335600E-01  -2.6336506E+00  -8.4725865E-02   4.6856398E+00
   1.4697100E-01  -1.6497440E+00  -1.7888997E+00   4.6856398E+00
   1.4859700E-01  -6.6583928E-01  -8.4725865E-02  -3.9359043E+00
   1.5278000E-01  -1.5734123E+00  -5.1848469E+00   3.4928883E+00
   1.2640300E-01   1.7325461E+00  -6.8158278E+00   1.6743558E+00
   1.4887400E-01  -1.2191699E+00  -2.5050548E+00  -3.4210541E+00
   1.0962700E-01   2.6224257E+00  -5.8324635E+00  -3.8177151E+00
   9.4206000E-02   9.1926118E+00  -3.8444586E-02   7.1751006E-01
   9.7042000E-02   8.7547320E+00   1.8800298E+00   7.1751006E-01
   1.0482900E-01   7.5278217E+00  -3.4954148E+00   7.1751006E-01
   9.6216000E-02   8.7547320E+00  -1.9569190E+00   7.1751006E-01
   1.2185800E-01   2.2263769E+00   6.7184105E+00  -1.3445211E+00
   1.0375600E-01   6.1932613E+00   4.3246833E+00  -3.1630536E+00
   1.2296200E-01   2.3458945E+00   5.3644880E+00   4.1760828E+00
   1.3904500E-01  -2.5293548E+00   3.1380374E+00   4.1760828E+00
   1.6055600E-01  -8.8122080E+00  -1.3693143E-01   8.7733364E-01
   1.4731400E-01  -9.4123113E+00  -1.9838570E+00   8.7733364E-01
   1.4736800E-01  -8.8122080E+00  -3.8307826E+00   8.7733364E-01
   1.6371500E-01  -9.4123113E+00  -1.6972007E-01  -9.3680331E-01
   1.4942200E-01  -9.8984074E+00  -1.9838570E+00  -9.3680331E-01
   1.4535400E-01  -9.4123113E+00  -3.7979940E+00  -9.3680331E-01
   1.4743600E-01  -8.0842705E+00  -5.1260329E+00  -9.3680331E-01
   1.6435400E-01  -8.8122080E+00  -1.3693143E-01  -2.7509403E+00
   1.4999000E-01  -9.4123113E+00  -1.9838570E+00  -2.7509403E+00
   1.4441800E-01  -8.8122080E+00  -3.8307826E+00  -2.7509403E+00
   1.4306100E-01  -7.2411201E+00  -4.9722451E+00  -2.7509403E+00
   1.5859900E-01  -7.1772020E+00  -4.1276718E-01  -4.0789811E+00
   1.4909700E-01  -8.0842705E+00  -1.9838570E+00  -4.0789811E+00
   1.4299500E-01  -7.1772020E+00  -3.5549450E+00  -4.0789811E+00
   1.4754900E-01  -6.2701335E+00  -1.9838570E+00  -4.5650772E+00
   1.4782400E-01  -4.2292918E+00  -3.4611201E+00   4.7616238E+00
   1.5846600E-01  -2.4151549E+00  -3.4611201E+00   4.2755277E+00
   1.4180200E-01  -6.0434287E+00  -3.4611201E+00   4.2755277E+00
   1.4480700E-01  -5.1363603E+00  -5.0322080E+00   4.2755277E+00
   1.5099400E-01  -3.3222233E+00  -5.0322080E+00   4.2755277E+00
   1.4439300E-01  -6.7713663E+00  -5.3080438E+00   2.9474869E+00
   1.4556200E-01  -5.2002784E+00  -6.4495082E+00   2.9474869E+00
   1.5092900E-01  -3.2583052E+00  -6.4495082E+00   2.9474869E+00
   1.4668400E-01  -6.0434287E+00  -6.6032960E+00   1.1333499E+00
   1.4789400E-01  -4.2292918E+00  -7.0893940E+00   1.1333499E+00
   1.4747100E-01  -5.2002784E+00  -6.4495082E+00  -6.8078702E-01
   1.5112100E-01  -3.2583052E+00  -6.4495082E+00  -6.8078702E-01
   1.3985900E-01  -1.4384783E+00  -7.0117962E+00   1.7984050E+00
   1.2950800E-01   5.0349481E-01  -7.0117962E+00   1.7984050E+00
   1.4151600E-01  -2.2816287E+00  -7.1655839E+00  -1.5731969E-02
   1.2749000E-01  -4.6749175E-01  -7.6516819E+00  -1.5731969E-02
   1.2599000E-01   1.3466452E+00  -7.1655839E+00  -1.5731969E-02
   1.4323100E-01  -3.0095663E+00  -5.8703336E+00  -1.8298689E+00
   1.2987300E-01  -1.4384783E+00  -7.0117962E+00  -1.8298689E+00
   1.2407900E-01   5.0349481E-01  -7.0117962E+00  -1.8298689E+00
   1.3087500E-01  -1.3745602E+00  -5.5944960E+00  -3.1579098E+00
   1.2681600E-01   4.3957672E-01  -5.5944960E+00  -3.1579098E+00
   1.2287000E-01   1.2477426E+00  -2.9001965E+00   6.2666375E+00
   1.2026600E-01   3.0618796E+00  -2.9001965E+00   5.7805414E+00
   1.2961300E-01   2.1548111E+00  -1.3291085E+00   5.7805414E+00
   1.3366600E-01   3.4067413E-01  -1.3291085E+00   5.7805414E+00
   1.3138300E-01  -5.6639434E-01  -2.9001965E+00   5.7805414E+00
   1.2338200E-01   3.4067413E-01  -4.4712863E+00   5.7805414E+00
   1.1768600E-01   2.1548111E+00  -4.4712863E+00   5.7805414E+00
   1.2243900E-01   4.3899204E+00  -2.9001965E+00   4.4525006E+00
   1.5300800E-01  -1.8944352E+00  -2.9001965E+00   4.4525006E+00
   1.4150600E-01  -1.2943319E+00  -4.7471221E+00   4.4525006E+00
   1.2560800E-01   2.7675604E-01  -5.8885865E+00   4.4525006E+00
   1.1815400E-01   2.2187292E+00  -5.8885865E+00   4.4525006E+00
   1.1737700E-01   3.7898171E+00  -4.7471221E+00   4.4525006E+00
   1.2337500E-01   3.0618796E+00  -6.0423743E+00   2.6383636E+00
   1.0575900E-01   5.6877672E+00  -2.1997336E+00  -4.7910639E+00
   1.3600500E-01   3.5148903E-03  -3.5280806E-01  -4.7910639E+00
   1.3286600E-01  -5.9658649E-01  -2.1997336E+00  -4.7910639E+00
   1.2278400E-01   3.5148903E-03  -4.0466592E+00  -4.7910639E+00
   1.1134100E-01   1.5746047E+00  -5.1881218E+00  -4.7910639E+00
   1.0348700E-01   3.5165760E+00  -5.1881218E+00  -4.7910639E+00
   1.0169000E-01   5.0876658E+00  -4.0466592E+00  -4.7910639E+00
   1.0353900E-01   4.3597282E+00  -2.1997336E+00  -6.1191047E+00
   1.1045300E-01   3.4526598E+00  -6.2864381E-01  -6.1191047E+00
   1.1770700E-01   1.6385228E+00  -6.2864381E-01  -6.1191047E+00
   1.1720900E-01   7.3145435E-01  -2.1997336E+00  -6.1191047E+00
   1.0906300E-01   1.6385228E+00  -3.7708216E+00  -6.1191047E+00
   1.0250800E-01   3.4526598E+00  -3.7708216E+00  -6.1191047E+00
   1.0777600E-01   2.5455913E+00  -2.1997336E+00  -6.6052008E+00
   1.1318700E-01   6.0035782E+00  -4.0869198E+00   2.3634293E+00
   1.1228000E-01   5.0965097E+00  -5.6580078E+00   2.3634293E+00
   1.0453500E-01   7.3316191E+00  -4.0869198E+00   1.0353903E+00
   1.1700300E-01   3.2184566E+00  -7.0753080E+00   1.0353903E+00
   1.0563700E-01   5.1604278E+00  -7.0753080E+00   1.0353903E+00
   1.0196100E-01   6.7315177E+00  -5.9338454E+00   1.0353903E+00
   1.0102900E-01   7.8177152E+00  -4.0869198E+00  -7.7874663E-01
   1.1819300E-01   2.3753043E+00  -7.2290976E+00  -7.7874663E-01
   1.0540200E-01   4.1894413E+00  -7.7151937E+00  -7.7874663E-01
   9.9629000E-02   6.0035782E+00  -7.2290976E+00  -7.7874663E-01
   9.8088000E-02   7.3316191E+00  -5.9010568E+00  -7.7874663E-01
   1.0066700E-01   7.3316191E+00  -4.0869198E+00  -2.5928836E+00
   1.0732800E-01   3.2184566E+00  -7.0753080E+00  -2.5928836E+00
   9.9558000E-02   5.1604278E+00  -7.0753080E+00  -2.5928836E+00
   9.7239000E-02   6.7315177E+00  -5.9338454E+00  -2.5928836E+00
   9.9986000E-02   5.0965097E+00  -5.6580078E+00  -3.9209244E+00
   9.2560000E-02   9.5109059E+00   1.0762745E-01   2.1735439E-01
   9.6401000E-02   8.9108026E+00   1.9545530E+00   2.1735439E-01
   9.0615000E-02   9.9970020E+00   1.0762745E-01  -1.5967826E+00
   9.2781000E-02   9.5109059E+00   1.9217644E+00  -1.5967826E+00
   9.9836000E-02   8.1828650E+00   3.2498052E+00  -1.5967826E+00
   9.9926000E-02   8.1828650E+00  -3.0345503E+00  -1.5967826E+00
   9.2431000E-02   9.5109059E+00  -1.7065095E+00  -1.5967826E+00
   9.1852000E-02   9.5109059E+00   1.0762745E-01  -3.4109195E+00
   9.4087000E-02   8.9108026E+00   1.9545530E+00  -3.4109195E+00
   1.0116800E-01   7.3397146E+00   3.0960156E+00  -3.4109195E+00
   1.0163200E-01   7.3397146E+00  -2.8807607E+00  -3.4109195E+00
   9.3928000E-02   8.9108026E+00  -1.7392981E+00  -3.4109195E+00
   9.5445000E-02   8.1828650E+00   1.0762745E-01  -4.7389603E+00
   9.9158000E-02   7.2757965E+00   1.6787154E+00  -4.7389603E+00
   1.0936900E-01   5.4616596E+00   1.6787154E+00  -4.7389603E+00
   9.9111000E-02   7.2757965E+00  -1.4634605E+00  -4.7389603E+00
   1.0255100E-01   6.3687281E+00   1.0762745E-01  -5.2250565E+00
   1.1211700E-01   5.5737903E+00  -3.0799132E-01   5.2321996E+00
   1.0086600E-01   7.3879272E+00  -3.0799132E-01   4.7461035E+00
   1.0711600E-01   6.4808587E+00   1.2630966E+00   4.7461035E+00
   1.2086900E-01   4.6667218E+00  -1.8790812E+00   4.7461035E+00
   1.0597800E-01   6.4808587E+00  -1.8790812E+00   4.7461035E+00
   9.4800000E-02   8.7159681E+00  -3.0799132E-01   3.4180627E+00
   9.8525000E-02   8.1158648E+00   1.5389343E+00   3.4180627E+00
   1.1028400E-01   6.5447768E+00   2.6803968E+00   3.4180627E+00
   1.0740800E-01   6.5447768E+00  -3.2963794E+00   3.4180627E+00
   9.7641000E-02   8.1158648E+00  -2.1549169E+00   3.4180627E+00
   9.3224000E-02   9.2020642E+00  -3.0799132E-01   1.6039257E+00
   9.6618000E-02   8.7159681E+00   1.5061456E+00   1.6039257E+00
   1.0467900E-01   7.3879272E+00  -3.4501691E+00   1.6039257E+00
   9.5641000E-02   8.7159681E+00  -2.1221283E+00   1.6039257E+00
   1.1726100E-01   2.6262297E+00   6.4805450E+00  -2.2764811E+00
   1.3973200E-01   8.1209274E-01   5.9944489E+00  -2.2764811E+00
   1.0855400E-01   5.7684056E+00   2.8522711E+00  -4.0906180E+00
   1.0384900E-01   5.1683042E+00   4.6991967E+00  -4.0906180E+00
   1.0746400E-01   3.5972144E+00   5.8406593E+00  -4.0906180E+00
   1.2079200E-01   1.6552431E+00   5.8406593E+00  -4.0906180E+00
   1.4432300E-01   8.4153278E-02   4.6991967E+00  -4.0906180E+00
   1.5623800E-01  -5.1594811E-01   2.8522711E+00  -4.0906180E+00
   1.4554900E-01   8.4153278E-02   1.0053456E+00  -4.0906180E+00
   1.0775800E-01   4.4403666E+00   2.8522711E+00  -5.4186589E+00
   1.0780100E-01   3.5332982E+00   4.4233591E+00  -5.4186589E+00
   1.1837600E-01   1.7191612E+00   4.4233591E+00  -5.4186589E+00
   1.2815300E-01   8.1209274E-01   2.8522711E+00  -5.4186589E+00
   1.2470600E-01   1.7191612E+00   1.2811813E+00  -5.4186589E+00
   1.1570300E-01   3.5332982E+00   1.2811813E+00  -5.4186589E+00
   1.1414500E-01   2.6262297E+00   2.8522711E+00  -5.9047550E+00
   1.2249700E-01   4.3299953E+00   4.0097359E+00   3.9743205E+00
   1.0932700E-01   6.1441322E+00   4.0097359E+00   3.4882244E+00
   1.0874400E-01   5.2370638E+00   5.5808238E+00   3.4882244E+00
   1.2092500E-01   3.4229268E+00   5.5808238E+00   3.4882244E+00
   1.0301400E-01   7.4721731E+00   4.0097359E+00   2.1601836E+00
   1.0088600E-01   6.8720698E+00   5.8566615E+00   2.1601836E+00
   1.0428000E-01   5.3009819E+00   6.9981240E+00   2.1601836E+00
   1.1464200E-01   3.3590087E+00   6.9981240E+00   2.1601836E+00
   1.0113800E-01   7.9582692E+00   4.0097359E+00   3.4604662E-01
   9.8382000E-02   7.4721731E+00   5.8238728E+00   3.4604662E-01
   9.9967000E-02   6.1441322E+00   7.1519137E+00   3.4604662E-01
   1.0606000E-01   4.3299953E+00   7.6380098E+00   3.4604662E-01
   1.1985600E-01   2.5158583E+00   7.1519137E+00   3.4604662E-01
   1.0314700E-01   7.4721731E+00   4.0097359E+00  -1.4680903E+00
   9.9078000E-02   6.8720698E+00   5.8566615E+00  -1.4680903E+00
   1.0179500E-01   5.3009819E+00   6.9981240E+00  -1.4680903E+00
   1.1175900E-01   3.3590087E+00   6.9981240E+00  -1.4680903E+00
   1.2476900E-01  -1.2177413E+00   5.3974089E+00   4.4876173E+00
   1.3265300E-01  -2.1248098E+00   3.8263191E+00   4.4876173E+00
   1.2300100E-01   6.6031372E-01   6.8147091E+00   3.1595765E+00
   1.2580900E-01  -1.2816594E+00   6.8147091E+00   3.1595765E+00
   1.3260900E-01  -2.8527474E+00   5.6732447E+00   3.1595765E+00
   1.2741200E-01   1.5034641E+00   6.9684969E+00   1.3454396E+00
   1.2967200E-01  -3.1067284E-01   7.4545930E+00   1.3454396E+00
   1.3955800E-01  -2.1248098E+00   6.9684969E+00   1.3454396E+00
   1.3701200E-01   6.6031372E-01   6.8147091E+00  -4.6869740E-01
   1.5421900E-01  -1.2816594E+00   6.8147091E+00  -4.6869740E-01
   1.1723000E-01   1.4498979E+00   1.8132167E+00   6.9424867E+00
   1.1617300E-01   3.2640349E+00   1.8132167E+00   6.4563906E+00
   1.1449900E-01   2.3569664E+00   3.3843046E+00   6.4563906E+00
   1.1742900E-01   5.4282946E-01   3.3843046E+00   6.4563906E+00
   1.2277500E-01  -3.6423902E-01   1.8132167E+00   6.4563906E+00
   1.2578200E-01   5.4282946E-01   2.4212681E-01   6.4563906E+00
   1.2205800E-01   2.3569664E+00   2.4212681E-01   6.4563906E+00
   1.1975800E-01   4.5920738E+00   1.8132167E+00   5.1283497E+00
   1.1721000E-01   3.9919725E+00   3.6601422E+00   5.1283497E+00
   1.1841200E-01   2.4208826E+00   4.8016048E+00   5.1283497E+00
   1.2254700E-01   4.7891137E-01   4.8016048E+00   5.1283497E+00
   1.3518700E-01  -1.6922799E+00   1.8132167E+00   5.1283497E+00
   1.3927500E-01  -1.0921785E+00  -3.3708932E-02   5.1283497E+00
   1.2654600E-01   3.9919725E+00  -3.3708932E-02   5.1283497E+00
   1.3623000E-01  -4.6226364E+00  -1.9580471E+00   5.1298237E+00
   1.3191200E-01  -5.5989123E+00  -2.6708820E-01   4.7414378E+00
   1.2765500E-01  -6.5751863E+00  -1.9580471E+00   4.7414378E+00
   1.3566400E-01  -6.9852701E+00   7.6857802E-01   3.6354057E+00
   1.2759100E-01  -8.0843366E+00  -9.4160133E-01   3.6354057E+00
   1.2763400E-01  -8.0843366E+00  -2.9744948E+00   3.6354057E+00
   1.4251400E-01  -8.8696897E+00   8.7225972E-02   1.9801135E+00
   1.3442100E-01  -9.3365106E+00  -1.9580471E+00   1.9801135E+00
   1.3327400E-01  -8.8696897E+00  -4.0033203E+00   1.9801135E+00
   1.3785700E-01  -8.2304786E+00  -5.5658893E+00   2.7563543E-02
   1.3800300E-01  -6.5751863E+00  -6.6719214E+00   2.7563543E-02
   1.3145300E-01  -5.6715722E+00  -6.5537341E+00  -1.9249864E+00
   1.3390200E-01  -3.5737005E+00  -6.5537341E+00  -1.9249864E+00
   1.2682000E-01  -5.1360863E+00  -5.5291682E+00  -3.5802786E+00
   1.2743000E-01  -3.1238834E+00  -5.2398568E+00  -3.5802786E+00
   1.3172000E-01  -5.5989123E+00  -3.6490061E+00  -4.6863107E+00
   1.2733100E-01  -3.6463605E+00  -3.6490061E+00  -4.6863107E+00
   1.3475300E-01  -4.6226364E+00  -1.9580471E+00  -5.0746966E+00
   1.3538600E-01  -4.0677769E+00   1.7655067E+00   4.6551812E+00
   1.4022000E-01  -1.1389511E+00   7.4547801E-02  -4.7725672E+00
   1.3719900E-01  -2.1152270E+00  -1.6164111E+00  -4.7725672E+00
   1.2692300E-01  -5.0925640E+00   3.9616990E+00   3.8728592E+00
   1.3392700E-01  -6.0688399E+00   2.2707420E+00   3.8728592E+00
   1.2638300E-01  -4.6297399E+00   5.8418611E+00   2.7668291E+00
   1.2783200E-01  -6.4789237E+00   4.9973671E+00   2.7668291E+00
   1.4474000E-01  -7.5779883E+00   1.2542943E+00   2.7668291E+00
   1.4004900E-01  -3.0673541E+00   6.8664290E+00   1.1115368E+00
   1.3025300E-01  -5.1652258E+00   6.8664290E+00   1.1115368E+00
   1.3564800E-01  -6.0688399E+00   6.9846162E+00  -8.4101499E-01
   1.3867400E-01  -7.0553411E+00   5.9561971E+00  -2.7935649E+00
   1.3376400E-01  -6.4789237E+00   4.9973671E+00  -4.4488572E+00
   1.4342700E-01  -7.5779883E+00   1.2542943E+00  -4.4488572E+00
   1.3427100E-01  -2.1637381E+00   2.2707420E+00  -5.5548873E+00
   1.2878800E-01  -5.0925640E+00   3.9616990E+00  -5.5548873E+00
   1.2834200E-01  -6.0688399E+00   2.2707420E+00  -5.5548873E+00
   1.3080400E-01  -5.0925640E+00   5.7978305E-01  -5.5548873E+00
   1.3169300E-01  -3.1400141E+00   5.7978305E-01  -5.5548873E+00
   1.2655500E-01  -4.1162900E+00   2.2707420E+00  -5.9432752E+00
   1.3840200E-01  -3.5469458E+00   7.1917415E+00   5.1984472E-01
   1.4369800E-01  -7.2513888E-01   7.0520360E+00  -1.5210593E+00
   1.3757500E-01  -2.5518633E+00   7.7448209E+00  -1.5210593E+00
   1.3717600E-01  -4.4912985E+00   7.5093308E+00  -1.5210593E+00
   1.3744800E-01  -1.5753984E+00   6.9082770E+00  -3.5619634E+00
   1.3506000E-01  -3.5469458E+00   7.1917415E+00  -3.5619634E+00
   1.4093600E-01  -1.0029664E+00   3.6927740E+00  -5.0560091E+00
   1.3574400E-01  -2.0234184E+00   5.4602480E+00  -5.0560091E+00
   1.3422700E-01  -4.0643225E+00   5.4602480E+00  -5.0560091E+00
   1.3843200E-01  -8.0475625E+00   2.5351770E+00   2.7273697E+00
   1.3222200E-01  -8.3215577E+00   5.2067129E+00   1.2333240E+00
   1.3575500E-01  -9.3984180E+00   3.5310872E+00   1.2333240E+00
   1.4515200E-01  -9.3984180E+00   1.5392669E+00   1.2333240E+00
   1.3546300E-01  -7.4540884E+00   6.3517338E+00  -8.0758007E-01
   1.3329100E-01  -9.0619353E+00   5.2419166E+00  -8.0758007E-01
   1.3672200E-01  -9.9698561E+00   3.5120180E+00  -8.0758007E-01
   1.4686300E-01  -9.9698561E+00   1.5583361E+00  -8.0758007E-01
   1.3484900E-01  -8.3215577E+00   5.2067129E+00  -2.8484841E+00
   1.3660000E-01  -9.3984180E+00   3.5310872E+00  -2.8484841E+00
   1.4663700E-01  -9.3984180E+00   1.5392669E+00  -2.8484841E+00
   1.3851300E-01  -8.0475625E+00   2.5351770E+00  -4.3425299E+00
   1.3531700E-01  -2.6183892E+00  -8.4725865E-02   5.3133104E+00
   1.3835200E-01  -1.6421152E+00  -1.7756848E+00   5.3133104E+00
   1.1835200E-01   1.7975754E+00  -7.1007418E+00   2.6176976E+00
   1.1033100E-01   2.0781203E+00  -6.9183700E+00  -2.9425245E+00
   9.7912000E-02   4.6258092E+00  -5.6044908E+00  -4.5978167E+00
   9.6373000E-02   6.1621678E+00  -4.2732298E+00  -4.5978167E+00
   9.3401000E-02   9.0180332E+00   2.0068285E+00   1.6608518E+00
   9.8003000E-02   8.3788220E+00   3.5693995E+00  -2.9169810E-01
   9.6829000E-02   8.3788220E+00  -3.6462868E+00  -2.9169810E-01
   9.8265000E-02   7.4573369E+00   4.4529125E+00  -2.2878648E+00
   1.1617400E-01   2.1613476E+00   7.0033264E+00  -2.2878648E+00
   9.9423000E-02   6.2453932E+00   4.3581862E+00  -3.9431570E+00
   1.1719000E-01   3.5943533E-01   5.7101680E+00   4.9561862E+00
   1.2935500E-01  -2.5888150E+00   3.1554947E+00   4.9561862E+00
   1.1775700E-01   1.9218211E+00   6.7347359E+00   3.3008940E+00
   1.4152700E-01  -9.6618931E+00  -9.8794497E-01   1.1041008E+00
   1.3583800E-01  -9.6618931E+00  -2.9797672E+00   1.1041008E+00
   1.4298900E-01  -1.0233333E+01  -1.0070161E+00  -9.3680331E-01
   1.3545100E-01  -1.0233333E+01  -2.9606961E+00  -9.3680331E-01
   1.3444600E-01  -9.3254104E+00  -4.6905966E+00  -9.3680331E-01
   1.4348700E-01  -9.6618931E+00  -9.8794497E-01  -2.9777074E+00
   1.3525100E-01  -9.6618931E+00  -2.9797672E+00  -2.9777074E+00
   1.3271300E-01  -8.5850327E+00  -4.6553929E+00  -2.9777074E+00
   1.3351400E-01  -6.7732088E+00  -5.4828245E+00  -2.9777074E+00
   1.4813600E-01  -7.2905855E+00  -2.1638118E-01  -4.4717531E+00
   1.3806000E-01  -8.3110376E+00  -1.9838570E+00  -4.4717531E+00
   1.3285300E-01  -7.2905855E+00  -3.7513310E+00  -4.4717531E+00
   1.3804800E-01  -6.2701335E+00  -1.9838570E+00  -5.0186114E+00
   1.3816700E-01  -4.2292918E+00  -3.4611201E+00   5.2151581E+00
   1.3289500E-01  -6.2701959E+00  -3.4611201E+00   4.6682997E+00
   1.3414400E-01  -5.2497438E+00  -5.2285940E+00   4.6682997E+00
   1.4022700E-01  -3.2088398E+00  -5.2285940E+00   4.6682997E+00
   1.3361600E-01  -6.5441910E+00  -6.1326559E+00   3.1742540E+00
   1.3522000E-01  -4.7323671E+00  -6.9600876E+00   3.1742540E+00
   1.4127800E-01  -2.7608197E+00  -6.6766230E+00   3.1742540E+00
   1.3536300E-01  -5.6767199E+00  -7.2776768E+00   1.1333499E+00
   1.3820700E-01  -3.7372846E+00  -7.5131669E+00   1.1333499E+00
   1.2799200E-01  -9.7056705E-01  -7.5223756E+00   2.0251721E+00
   1.2831300E-01  -1.9149217E+00  -7.8399648E+00  -1.5731969E-02
   1.1917700E-01   2.4515415E-02  -8.0754549E+00  -1.5731969E-02
   1.3154700E-01  -2.7823910E+00  -6.6949439E+00  -2.0566360E+00
   1.2046300E-01  -9.7056705E-01  -7.5223756E+00  -2.0566360E+00
   1.1754600E-01   1.0009784E+00  -7.2389110E+00  -2.0566360E+00
   1.2477600E-01  -1.4879438E+00  -5.7908820E+00  -3.5506817E+00
   1.1669200E-01   1.2477426E+00  -2.9001965E+00   6.7201718E+00
   1.1399700E-01   3.2886467E+00  -2.9001965E+00   6.1733134E+00
   1.2387500E-01   2.2681946E+00  -1.1327225E+00   6.1733134E+00
   1.2828800E-01   2.2729057E-01  -1.1327225E+00   6.1733134E+00
   1.2595100E-01  -7.9316146E-01  -2.9001965E+00   6.1733134E+00
   1.1741300E-01   2.2729057E-01  -4.6676723E+00   6.1733134E+00
   1.1131100E-01   2.2681946E+00  -4.6676723E+00   6.1733134E+00
   1.1662900E-01   4.7826924E+00  -2.9001965E+00   4.6792677E+00
   1.4705700E-01  -2.1440170E+00  -3.8961085E+00   4.6792677E+00
   1.3020600E-01  -1.0671566E+00  -5.5717342E+00   4.6792677E+00
   1.1696000E-01   7.4466731E-01  -6.3991659E+00   4.6792677E+00
   1.1137700E-01   2.7162147E+00  -6.1157013E+00   4.6792677E+00
   1.1136000E-01   4.2215307E+00  -4.8113350E+00   4.6792677E+00
   1.3359700E-01   2.3069019E-01   4.7180411E-01  -5.0178310E+00
   1.3363100E-01  -8.4616828E-01  -1.2038235E+00  -5.0178310E+00
   1.2576600E-01  -8.4616828E-01  -3.1956438E+00  -5.0178310E+00
   1.1493900E-01   2.3069019E-01  -4.8712695E+00  -5.0178310E+00
   1.0479600E-01   2.0425141E+00  -5.6987030E+00  -5.0178310E+00
   9.8865000E-02   4.0140615E+00  -5.4152366E+00  -5.0178310E+00
   9.9028000E-02   4.5864954E+00  -2.1997336E+00  -6.5118767E+00
   1.0608300E-01   3.5660433E+00  -4.3225781E-01  -6.5118767E+00
   1.1370100E-01   1.5251393E+00  -4.3225781E-01  -6.5118767E+00
   1.1308400E-01   5.0468723E-01  -2.1997336E+00  -6.5118767E+00
   1.0462500E-01   1.5251393E+00  -3.9672076E+00  -6.5118767E+00
   9.8023000E-02   3.5660433E+00  -3.9672076E+00  -6.5118767E+00
   1.0311800E-01   2.5455913E+00  -2.1997336E+00  -7.0587351E+00
   1.0779300E-01   5.2098933E+00  -5.8543957E+00   2.7562031E+00
   1.0006600E-01   7.7243910E+00  -4.0869198E+00   1.2621574E+00
   1.0820000E-01   3.6863660E+00  -7.5858892E+00   1.2621574E+00
   9.9380000E-02   5.6579133E+00  -7.3024228E+00   1.2621574E+00
   9.6896000E-02   7.1632312E+00  -5.9980583E+00   1.2621574E+00
   9.6457000E-02   8.2712494E+00  -4.0869198E+00  -7.7874663E-01
   1.0894100E-01   2.7420132E+00  -7.9034766E+00  -7.7874663E-01
   9.8577000E-02   4.6814503E+00  -8.1389667E+00  -7.7874663E-01
   9.3865000E-02   6.5081728E+00  -7.4461818E+00  -7.7874663E-01
   9.3042000E-02   7.8037028E+00  -5.9838306E+00  -7.7874663E-01
   9.6360000E-02   7.7243910E+00  -4.0869198E+00  -2.8196507E+00
   1.0023700E-01   3.6863660E+00  -7.5858892E+00  -2.8196507E+00
   9.3931000E-02   5.6579133E+00  -7.3024228E+00  -2.8196507E+00
   9.2468000E-02   7.1632312E+00  -5.9980583E+00  -2.8196507E+00
   9.5998000E-02   5.2098933E+00  -5.8543957E+00  -4.3136964E+00
   8.9067000E-02   9.9036779E+00   1.0762745E-01   4.4412151E-01
   8.6216000E-02   1.0450536E+01   1.0762745E-01  -1.5967826E+00
   8.8165000E-02   9.9829897E+00   2.0045382E+00  -1.5967826E+00
   9.4489000E-02   8.6874597E+00   3.4668894E+00  -1.5967826E+00
   9.4587000E-02   8.6874597E+00  -3.2516345E+00  -1.5967826E+00
   8.7952000E-02   9.9829897E+00  -1.7892833E+00  -1.5967826E+00
   8.7057000E-02   9.9036779E+00   1.0762745E-01  -3.6376866E+00
   8.9064000E-02   9.3425180E+00   2.0187659E+00  -3.6376866E+00
   9.5405000E-02   7.8372001E+00   3.3231304E+00  -3.6376866E+00
   9.5772000E-02   7.8372001E+00  -3.1078755E+00  -3.6376866E+00
   8.8987000E-02   9.3425180E+00  -1.8035110E+00  -3.6376866E+00
   9.0824000E-02   8.4096321E+00   1.0762745E-01  -5.1317323E+00
   9.4966000E-02   7.3891801E+00   1.8751014E+00  -5.1317323E+00
   9.4934000E-02   7.3891801E+00  -1.6598465E+00  -5.1317323E+00
   9.8748000E-02   6.3687281E+00   1.0762745E-01  -5.6785907E+00
   1.0787200E-01   5.5737903E+00  -3.0799132E-01   5.6857339E+00
   9.6232000E-02   7.6146943E+00  -3.0799132E-01   5.1388755E+00
   1.0281100E-01   6.5942423E+00   1.4594826E+00   5.1388755E+00
   1.1743300E-01   4.5533382E+00  -2.0754672E+00   5.1388755E+00
   1.0153300E-01   6.5942423E+00  -2.0754672E+00   5.1388755E+00
   9.0433000E-02   9.1087400E+00  -3.0799132E-01   3.6448298E+00
   9.3686000E-02   8.5475784E+00   1.6031472E+00   3.6448298E+00
   1.0370600E-01   7.0422623E+00   2.9075116E+00   3.6448298E+00
   1.0097000E-01   7.0422623E+00  -3.5234943E+00   3.6448298E+00
   9.2744000E-02   8.5475784E+00  -2.2191298E+00   3.6448298E+00
   8.9542000E-02   9.6555984E+00  -3.0799132E-01   1.6039257E+00
   9.9146000E-02   7.8925218E+00  -3.6672533E+00   1.6039257E+00
   9.1484000E-02   9.1880518E+00  -2.2049020E+00   1.6039257E+00
   1.2759200E-01   1.1787997E+00   6.6688279E+00  -2.2764811E+00
   9.9640000E-02   5.6000178E+00   4.7634096E+00  -4.3173852E+00
   1.0177400E-01   4.0946998E+00   6.0677741E+00  -4.3173852E+00
   1.1169600E-01   2.1231525E+00   6.3512405E+00  -4.3173852E+00
   1.3162000E-01   3.1132858E-01   5.5238070E+00  -4.3173852E+00
   1.0313100E-01   4.6671338E+00   2.8522711E+00  -5.8114309E+00
   1.0297300E-01   3.6466817E+00   4.6197451E+00  -5.8114309E+00
   1.1362500E-01   1.6057777E+00   4.6197451E+00  -5.8114309E+00
   1.2389500E-01   5.8532562E-01   2.8522711E+00  -5.8114309E+00
   1.2073300E-01   1.6057777E+00   1.0847953E+00  -5.8114309E+00
   1.1142700E-01   3.6466817E+00   1.0847953E+00  -5.8114309E+00
   1.0933400E-01   2.6262297E+00   2.8522711E+00  -6.3582892E+00
   1.0476000E-01   6.3708994E+00   4.0097359E+00   3.8809964E+00
   1.0376400E-01   5.3504473E+00   5.7772098E+00   3.8809964E+00
   9.8239000E-02   7.8649451E+00   4.0097359E+00   2.3869507E+00
   9.5576000E-02   7.3037834E+00   5.9208743E+00   2.3869507E+00
   9.7937000E-02   5.7984655E+00   7.2252388E+00   2.3869507E+00
   1.0603800E-01   3.8269200E+00   7.5087053E+00   2.3869507E+00
   9.6471000E-02   8.4118034E+00   4.0097359E+00   3.4604662E-01
   9.3305000E-02   7.9442569E+00   5.9066466E+00   3.4604662E-01
   9.4241000E-02   6.6487269E+00   7.3689978E+00   3.4604662E-01
   9.9271000E-02   4.8220025E+00   8.0617827E+00   3.4604662E-01
   1.1052900E-01   2.8825653E+00   7.8262926E+00   3.4604662E-01
   9.8947000E-02   7.8649451E+00   4.0097359E+00  -1.6948574E+00
   9.4507000E-02   7.3037834E+00   5.9208743E+00  -1.6948574E+00
   9.6337000E-02   5.7984655E+00   7.2252388E+00  -1.6948574E+00
   1.0441600E-01   3.8269200E+00   7.5087053E+00  -1.6948574E+00
   1.1874100E-01  -1.3311249E+00   5.5937949E+00   4.8803893E+00
   1.1675600E-01   1.1577973E+00   7.0418239E+00   3.3863436E+00
   1.1763600E-01  -8.1374814E-01   7.3252885E+00   3.3863436E+00
   1.2363000E-01  -2.6255721E+00   6.4978568E+00   3.3863436E+00
   1.2129000E-01   1.8133433E-01   7.8783678E+00   1.3454396E+00
   1.2870300E-01  -1.7581028E+00   7.6428777E+00   1.3454396E+00
   1.3987600E-01  -8.1374814E-01   7.3252885E+00  -6.9546452E-01
   1.1113000E-01   1.4498979E+00   1.8132167E+00   7.3960209E+00
   1.0986200E-01   3.4908020E+00   1.8132167E+00   6.8491626E+00
   1.0834100E-01   2.4703500E+00   3.5806906E+00   6.8491626E+00
   1.1175000E-01   4.2944590E-01   3.5806906E+00   6.8491626E+00
   1.1747700E-01  -5.9100613E-01   1.8132167E+00   6.8491626E+00
   1.2030700E-01   4.2944590E-01   4.5740818E-02   6.8491626E+00
   1.1600700E-01   2.4703500E+00   4.5740818E-02   6.8491626E+00
   1.1375200E-01   4.9848477E+00   1.8132167E+00   5.3551168E+00
   1.1116100E-01   4.4236860E+00   3.7243532E+00   5.3551168E+00
   1.1200800E-01   2.9183681E+00   5.0287196E+00   5.3551168E+00
   1.1567500E-01   9.4682075E-01   5.3121842E+00   5.3551168E+00
   1.2817900E-01  -4.6226364E+00  -1.9580471E+00   5.6967415E+00
   1.2521700E-01  -5.5921225E+00  -2.7884797E-01   5.3548485E+00
   1.2134000E-01  -6.5616086E+00  -1.9580471E+00   5.3548485E+00
   1.2677200E-01  -7.0089994E+00   7.9596204E-01   4.3704052E+00
   1.2038800E-01  -8.1191038E+00  -9.3139114E-01   4.3704052E+00
   1.1988200E-01  -8.1191038E+00  -2.9847031E+00   4.3704052E+00
   1.3393500E-01  -8.5946288E+00   9.2777420E-01   2.8621525E+00
   1.2504200E-01  -9.4250008E+00  -9.3727385E-01   2.8621525E+00
   1.2202200E-01  -9.4250008E+00  -2.9788204E+00   2.8621525E+00
   1.2351300E-01  -8.5946288E+00  -4.8438685E+00   2.8621525E+00
   1.2631700E-01  -9.3694410E+00  -4.8971436E+00   1.0120068E+00
   1.2660200E-01  -7.9871763E+00  -6.4134182E+00   1.0120068E+00
   1.2607900E-01  -7.9871763E+00  -6.4134182E+00  -9.5687787E-01
   1.2538200E-01  -6.1505101E+00  -7.3279681E+00  -9.5687787E-01
   1.2899700E-01  -4.1074971E+00  -7.5172808E+00  -9.5687787E-01
   1.2385000E-01  -7.0774622E+00  -6.2099306E+00  -2.8070254E+00
   1.2115800E-01  -5.1358349E+00  -6.8408043E+00  -2.8070254E+00
   1.2457400E-01  -3.1054699E+00  -6.6274032E+00  -2.8070254E+00
   1.1955700E-01  -5.1412433E+00  -5.5650333E+00  -4.3152781E+00
   1.2084000E-01  -3.1088317E+00  -5.2728174E+00  -4.3152781E+00
   1.2377200E-01  -5.5921225E+00  -3.6372463E+00  -5.2997214E+00
   1.2186400E-01  -3.6531503E+00  -3.6372463E+00  -5.2997214E+00
   1.2725500E-01  -4.6226364E+00  -1.9580471E+00  -5.6416144E+00
   1.2781200E-01  -4.0609890E+00   1.7537470E+00   5.2685920E+00
   1.3237400E-01  -1.1525288E+00   7.4547801E-02  -5.3859780E+00
   1.2958600E-01  -2.1220149E+00  -1.6046514E+00  -5.3859780E+00
   1.2168000E-01  -5.0857761E+00   3.9499412E+00   4.4862700E+00
   1.2671300E-01  -6.0552622E+00   2.2707420E+00   4.4862700E+00
   1.1999200E-01  -4.6348950E+00   5.8777281E+00   3.5018286E+00
   1.2001400E-01  -6.5026530E+00   5.0247512E+00   3.5018286E+00
   1.2638100E-01  -7.6127555E+00   3.2973961E+00   3.5018286E+00
   1.2196000E-01  -4.6294885E+00   7.1534973E+00   1.9935740E+00
   1.2086700E-01  -6.5711158E+00   6.5226255E+00   1.9935740E+00
   1.2402400E-01  -5.6441637E+00   7.6406629E+00   1.4342831E-01
   1.2580600E-01  -7.4808280E+00   6.7261112E+00   1.4342831E-01
   1.2713400E-01  -5.6441637E+00   7.6406629E+00  -1.8254564E+00
   1.2766800E-01  -7.4808280E+00   6.7261112E+00  -1.8254564E+00
   1.2619100E-01  -6.5711158E+00   6.5226255E+00  -3.6756040E+00
   1.2627300E-01  -4.6348950E+00   5.8777281E+00  -5.1838566E+00
   1.2319700E-01  -6.5026530E+00   5.0247512E+00  -5.1838566E+00
   1.2558200E-01  -7.6127555E+00   3.2973961E+00  -5.1838566E+00
   1.3090800E-01  -7.6127555E+00   1.2440860E+00  -5.1838566E+00
   1.2588400E-01  -2.1773158E+00   2.2707420E+00  -6.1683000E+00
   1.2474400E-01  -3.1468020E+00   3.9499412E+00  -6.1683000E+00
   1.2064300E-01  -5.0857761E+00   3.9499412E+00  -6.1683000E+00
   1.2093400E-01  -6.0552622E+00   2.2707420E+00  -6.1683000E+00
   1.2360500E-01  -5.0857761E+00   5.9154093E-01  -6.1683000E+00
   1.2464100E-01  -3.1468020E+00   5.9154093E-01  -6.1683000E+00
   1.2025600E-01  -4.1162900E+00   2.2707420E+00  -6.5101930E+00
   1.3102900E-01  -2.0599638E+00   8.0035451E+00  -5.1185118E-01
   1.2836100E-01  -4.0277752E+00   8.0035451E+00  -5.1185118E-01
   1.3299800E-01  -2.8702859E-01   7.1497443E+00  -2.5302675E+00
   1.2793100E-01  -2.0599638E+00   8.0035451E+00  -2.5302675E+00
   1.2677300E-01  -4.0277752E+00   8.0035451E+00  -2.5302675E+00
   1.2757600E-01  -1.5708612E+00   6.9182131E+00  -4.3488000E+00
   1.2565000E-01  -3.5485010E+00   7.2025545E+00  -4.3488000E+00
   1.3172300E-01  -1.0760591E+00   3.6927740E+00  -5.6072611E+00
   1.2688200E-01  -2.0599638E+00   5.3969478E+00  -5.6072611E+00
   1.2576800E-01  -4.0277752E+00   5.3969478E+00  -5.6072611E+00
   1.2387800E-01  -8.3287122E+00   5.2149691E+00   2.0201587E+00
   1.2685300E-01  -9.4088985E+00   3.5341637E+00   2.0201587E+00
   1.3493900E-01  -9.4088985E+00   1.5361885E+00   2.0201587E+00
   1.2380800E-01  -8.7635003E+00   5.9921473E+00   2.0162809E-01
   1.2507400E-01  -9.9904106E+00   4.4536514E+00   2.0162809E-01
   1.3081600E-01  -1.0428290E+01   2.5351770E+00   2.0162809E-01
   1.4381500E-01  -9.9904106E+00   6.1670263E-01   2.0162809E-01
   1.2489100E-01  -8.7635003E+00   5.9921473E+00  -1.8167901E+00
   1.2549300E-01  -9.9904106E+00   4.4536514E+00  -1.8167901E+00
   1.3115100E-01  -1.0428290E+01   2.5351770E+00  -1.8167901E+00
   1.4530800E-01  -9.9904106E+00   6.1670263E-01  -1.8167901E+00
   1.2636000E-01  -8.3287122E+00   5.2149691E+00  -3.6353207E+00
   1.2757100E-01  -9.4088985E+00   3.5341637E+00  -3.6353207E+00
   1.3613000E-01  -9.4088985E+00   1.5361885E+00  -3.6353207E+00
   1.2789000E-01  -2.6048115E+00  -8.4725865E-02   5.9267212E+00
   1.3189100E-01  -1.7061845E+00  -6.7569383E+00   3.4997366E+00
   1.1680900E-01   2.3544285E-01  -7.3878119E+00   3.4997366E+00
   1.1308300E-01   1.2637788E+00  -8.0642885E+00   1.6495909E+00
   1.1090500E-01   1.5991825E+00  -7.6926040E+00  -1.9744178E+00
   1.1179500E-01   6.7223034E-01  -6.5745665E+00  -3.8245635E+00
   1.0100600E-01   2.6138576E+00  -7.2054383E+00  -3.8245635E+00
   9.1892000E-02   7.6122471E+00  -4.3196169E+00  -3.8245635E+00
   9.3614000E-02   4.6408609E+00  -5.6374514E+00  -5.3328162E+00
   9.2107000E-02   6.1926491E+00  -4.2928187E+00  -5.3328162E+00
   8.5446000E-02   1.0354030E+01  -3.8444586E-02   6.9274331E-01
   8.7172000E-02   9.9770200E+00   1.9783863E+00   6.9274331E-01
   9.2656000E-02   8.8969037E+00   3.7228320E+00   6.9274331E-01
   9.1438000E-02   8.8969037E+00  -3.7997212E+00   6.9274331E-01
   8.6605000E-02   9.9770200E+00  -2.0552735E+00   6.9274331E-01
   9.1488000E-02   8.8969037E+00  -3.7997212E+00  -1.2761414E+00
   1.1507200E-01   1.6824079E+00   7.7775604E+00  -1.3197563E+00
   9.3567000E-02   7.6954726E+00   4.4045733E+00  -3.1699020E+00
   9.3447000E-02   6.4954814E+00   6.0562203E+00  -3.1699020E+00
   9.7343000E-02   4.7274481E+00   7.0769955E+00  -3.1699020E+00
   9.5571000E-02   6.2758764E+00   4.3777751E+00  -4.6781565E+00
   1.1002100E-01   3.5427827E-01   5.7460350E+00   5.6911857E+00
   1.1482000E-01  -1.5134778E+00   4.8930581E+00   5.6911857E+00
   1.2127700E-01  -2.6235822E+00   3.1657030E+00   5.6911857E+00
   1.0899800E-01   2.3900517E+00   6.8084049E+00   4.1829330E+00
   1.3949100E-01  -1.0253888E+01  -6.5382629E-02   7.2404851E-02
   1.2880000E-01  -1.0691765E+01  -1.9838570E+00   7.2404851E-02
   1.2584700E-01  -1.0253888E+01  -3.9023295E+00   7.2404851E-02
   1.3979800E-01  -1.0253888E+01  -6.5382629E-02  -1.9460115E+00
   1.2886300E-01  -1.0691765E+01  -1.9838570E+00  -1.9460115E+00
   1.2475400E-01  -1.0253888E+01  -3.9023295E+00  -1.9460115E+00
   1.2481500E-01  -9.0269754E+00  -5.4408273E+00  -1.9460115E+00
   1.3324700E-01  -9.6723754E+00  -9.8486849E-01  -3.7645439E+00
   1.2601800E-01  -9.6723754E+00  -2.9828437E+00  -3.7645439E+00
   1.2366300E-01  -8.5921872E+00  -4.6636491E+00  -3.7645439E+00
   1.3753600E-01  -7.2540401E+00  -2.7968134E-01  -5.0230051E+00
   1.2899100E-01  -8.2379449E+00  -1.9838570E+00  -5.0230051E+00
   1.2491200E-01  -7.2540401E+00  -3.6880308E+00  -5.0230051E+00
   1.3010700E-01  -6.2701335E+00  -1.9838570E+00  -5.4721457E+00
   1.3011200E-01  -4.2292918E+00  -3.4611201E+00   5.6686923E+00
   1.2574300E-01  -5.2131965E+00  -5.1652939E+00   5.2195517E+00
   1.3110500E-01  -3.2453852E+00  -5.1652939E+00   5.2195517E+00
   1.2433200E-01  -6.5513455E+00  -6.1409122E+00   3.9610887E+00
   1.2596900E-01  -4.7339223E+00  -6.9709006E+00   3.9610887E+00
   1.3153000E-01  -2.7562825E+00  -6.6865592E+00   3.9610887E+00
   1.2597800E-01  -6.9861337E+00  -6.9180903E+00   2.1425581E+00
   1.2580500E-01  -5.2131965E+00  -7.7718912E+00   2.1425581E+00
   1.2992400E-01  -3.2453852E+00  -7.7718912E+00   2.1425581E+00
   1.2732800E-01  -5.2131965E+00  -7.7718912E+00   1.2414177E-01
   1.3126600E-01  -3.2453852E+00  -7.7718912E+00   1.2414177E-01
   1.2363700E-01  -9.7212229E-01  -7.5331886E+00   2.8120068E+00
   1.2020600E-01  -1.4513984E+00  -8.3341792E+00   9.9347620E-01
   1.1396400E-01   5.1641298E-01  -8.3341792E+00   9.9347620E-01
   1.2986800E-01  -3.2243336E+00  -7.4803783E+00  -1.0249401E+00
   1.1667800E-01  -1.4513984E+00  -8.3341792E+00  -1.0249401E+00
   1.1177300E-01   5.1641298E-01  -8.3341792E+00  -1.0249401E+00
   1.2368800E-01  -2.7895455E+00  -6.7032001E+00  -2.8434726E+00
   1.1456200E-01  -9.7212229E-01  -7.5331886E+00  -2.8434726E+00
   1.1217800E-01   1.0055175E+00  -7.2488472E+00  -2.8434726E+00
   1.1974700E-01  -1.4513984E+00  -5.7275818E+00  -4.1019337E+00
   1.1127500E-01   1.2477426E+00  -2.9001965E+00   7.1737060E+00
   1.0858600E-01   3.2155540E+00  -2.9001965E+00   6.7245654E+00
   1.1691100E-01   2.2316492E+00  -1.1960227E+00   6.7245654E+00
   1.2110300E-01   2.6383787E-01  -1.1960227E+00   6.7245654E+00
   1.1897400E-01  -7.2006875E-01  -2.9001965E+00   6.7245654E+00
   1.1157900E-01   2.6383787E-01  -4.6043722E+00   6.7245654E+00
   1.0625300E-01   2.2316492E+00  -4.6043722E+00   6.7245654E+00
   1.0992200E-01   4.7936169E+00  -2.9001965E+00   5.4661023E+00
   1.3361500E-01  -2.1544974E+00  -3.8991850E+00   5.4661023E+00
   1.2120900E-01  -1.0743111E+00  -5.5799905E+00   5.4661023E+00
   1.1042700E-01   7.4311207E-01  -6.4099789E+00   5.4661023E+00
   1.0542200E-01   2.7207519E+00  -6.1256375E+00   5.4661023E+00
   1.0534000E-01   4.2307223E+00  -4.8172404E+00   5.4661023E+00
   1.1002800E-01   2.2316492E+00  -7.2109695E+00   3.6475718E+00
   1.0796400E-01   4.0045845E+00  -6.3571686E+00   3.6475718E+00
   1.0957400E-01   5.2314948E+00  -4.8186709E+00   3.6475718E+00
   1.2485300E-01   2.2353758E-01   4.8005843E-01  -5.8046656E+00
   1.2454100E-01  -8.5665059E-01  -1.2007451E+00  -5.8046656E+00
   1.1775800E-01  -8.5665059E-01  -3.1987222E+00  -5.8046656E+00
   1.0822500E-01   2.2353758E-01  -4.8795257E+00  -5.8046656E+00
   9.9556000E-02   2.0409608E+00  -5.7095142E+00  -5.8046656E+00
   9.4334000E-02   4.0185987E+00  -5.4251728E+00  -5.8046656E+00
   9.3228000E-02   5.5285691E+00  -4.1167775E+00  -5.8046656E+00
   9.5218000E-02   4.5134027E+00  -2.1997336E+00  -7.0631287E+00
   1.0138900E-01   3.5294960E+00  -4.9555796E-01  -7.0631287E+00
   1.0805000E-01   1.5616847E+00  -4.9555796E-01  -7.0631287E+00
   1.0749500E-01   5.7777994E-01  -2.1997336E+00  -7.0631287E+00
   1.0017600E-01   1.5616847E+00  -3.9039074E+00  -7.0631287E+00
   9.4449000E-02   3.5294960E+00  -3.9039074E+00  -7.0631287E+00
   9.9042000E-02   2.5455913E+00  -2.1997336E+00  -7.5122693E+00
   1.0573600E-01   5.1733479E+00  -5.7910955E+00   3.3074551E+00
   1.0587100E-01   3.6848107E+00  -7.5967023E+00   2.0489921E+00
   9.6993000E-02   5.6624505E+00  -7.3123609E+00   2.0489921E+00
   9.4612000E-02   7.1724210E+00  -6.0039637E+00   2.0489921E+00
   1.0310300E-01   3.2055365E+00  -8.3976928E+00   2.3046153E-01
   9.4303000E-02   5.1733479E+00  -8.3976928E+00   2.3046153E-01
   9.0335000E-02   6.9462850E+00  -7.5438901E+00   2.3046153E-01
   8.9961000E-02   8.1731953E+00  -6.0053942E+00   2.3046153E-01
   9.2184000E-02   8.6110731E+00  -4.0869198E+00  -1.7879567E+00
   9.9536000E-02   3.2055365E+00  -8.3976928E+00  -1.7879567E+00
   9.1866000E-02   5.1733479E+00  -8.3976928E+00  -1.7879567E+00
   8.8415000E-02   6.9462850E+00  -7.5438901E+00  -1.7879567E+00
   8.8317000E-02   8.1731953E+00  -6.0053942E+00  -1.7879567E+00
   9.6114000E-02   3.6848107E+00  -7.5967023E+00  -3.6064872E+00
   9.0167000E-02   5.6624505E+00  -7.3123609E+00  -3.6064872E+00
   8.8942000E-02   7.1724210E+00  -6.0039637E+00  -3.6064872E+00
   8.3308000E-02   1.0790360E+01   1.0762745E-01  -5.8757439E-01
   8.5193000E-02   1.0352480E+01   2.0261018E+00  -5.8757439E-01
   8.5009000E-02   1.0352480E+01  -1.8108469E+00  -5.8757439E-01
   8.2288000E-02   1.0790360E+01   1.0762745E-01  -2.6059926E+00
   8.3831000E-02   1.0352480E+01   2.0261018E+00  -2.6059926E+00
   8.8719000E-02   9.1255699E+00   3.5645977E+00  -2.6059926E+00
   8.8926000E-02   9.1255699E+00  -3.3493428E+00  -2.6059926E+00
   8.3755000E-02   1.0352480E+01  -1.8108469E+00  -2.6059926E+00
   8.3765000E-02   9.9146024E+00   1.0762745E-01  -4.4245232E+00
   8.5665000E-02   9.3517078E+00   2.0246713E+00  -4.4245232E+00
   9.1630000E-02   7.8417374E+00   3.3330666E+00  -4.4245232E+00
   9.1840000E-02   7.8417374E+00  -3.1178117E+00  -4.4245232E+00
   8.5642000E-02   9.3517078E+00  -1.8094164E+00  -4.4245232E+00
   8.7760000E-02   8.3365394E+00   1.0762745E-01  -5.6829862E+00
   9.1700000E-02   7.3526347E+00   1.8118012E+00  -5.6829862E+00
   9.1655000E-02   7.3526347E+00  -1.5965463E+00  -5.6829862E+00
   9.5365000E-02   6.3687281E+00   1.0762745E-01  -6.1321249E+00
   1.0399300E-01   5.5737903E+00  -3.0799132E-01   6.1392681E+00
   9.3426000E-02   7.5416016E+00  -3.0799132E-01   5.6901275E+00
   9.9411000E-02   6.5576969E+00   1.3961825E+00   5.6901275E+00
   1.1216400E-01   4.5898855E+00  -2.0121670E+00   5.6901275E+00
   9.8217000E-02   6.5576969E+00  -2.0121670E+00   5.6901275E+00
   8.7698000E-02   9.1196646E+00  -3.0799132E-01   4.4316644E+00
   9.0722000E-02   8.5567681E+00   1.6090525E+00   4.4316644E+00
   9.9677000E-02   7.0467995E+00   2.9174478E+00   4.4316644E+00
   9.7274000E-02   7.0467995E+00  -3.5334323E+00   4.4316644E+00
   8.9783000E-02   8.5567681E+00  -2.2250352E+00   4.4316644E+00
   8.5667000E-02   9.9954222E+00  -3.0799132E-01   2.6131339E+00
   8.8099000E-02   9.5575424E+00   1.6104831E+00   2.6131339E+00
   9.2987000E-02   8.3306321E+00  -3.7649634E+00   2.6131339E+00
   8.7182000E-02   9.5575424E+00  -2.2264657E+00   2.6131339E+00
   1.1385700E-01   1.6423231E+00   7.1630442E+00  -3.2856911E+00
   9.5597000E-02   5.6092075E+00   4.7693150E+00  -5.1042217E+00
   9.7713000E-02   4.0992371E+00   6.0777103E+00  -5.1042217E+00
   1.0635500E-01   2.1215991E+00   6.3620517E+00  -5.1042217E+00
   1.2237100E-01   3.0417596E-01   5.5320632E+00  -5.1042217E+00
   9.9392000E-02   4.5940410E+00   2.8522711E+00  -6.3626847E+00
   9.9319000E-02   3.6101344E+00   4.5564449E+00  -6.3626847E+00
   1.0831900E-01   1.6423231E+00   4.5564449E+00  -6.3626847E+00
   1.1705100E-01   6.5841833E-01   2.8522711E+00  -6.3626847E+00
   1.1483600E-01   1.6423231E+00   1.1480955E+00  -6.3626847E+00
   1.0665200E-01   3.6101344E+00   1.1480955E+00  -6.3626847E+00
   1.0503800E-01   2.6262297E+00   2.8522711E+00  -6.8118235E+00
   1.0204700E-01   6.2978067E+00   4.0097359E+00   4.4322503E+00
   1.0084700E-01   5.3139000E+00   5.7139097E+00   4.4322503E+00
   9.5401000E-02   7.8758696E+00   4.0097359E+00   3.1737872E+00
   9.2526000E-02   7.3129731E+00   5.9267797E+00   3.1737872E+00
   9.4733000E-02   5.8030046E+00   7.2351750E+00   3.1737872E+00
   1.0255700E-01   3.8253648E+00   7.5195183E+00   3.1737872E+00
   9.2503000E-02   8.7516272E+00   4.0097359E+00   1.3552567E+00
   8.9468000E-02   8.3137474E+00   5.9282103E+00   1.3552567E+00
   8.9968000E-02   7.0868372E+00   7.4667061E+00   1.3552567E+00
   9.3982000E-02   5.3139000E+00   8.3205089E+00   1.3552567E+00
   1.0283800E-01   3.3460906E+00   8.3205089E+00   1.3552567E+00
   9.3106000E-02   8.7516272E+00   4.0097359E+00  -6.6316154E-01
   8.9298000E-02   8.3137474E+00   5.9282103E+00  -6.6316154E-01
   8.9552000E-02   7.0868372E+00   7.4667061E+00  -6.6316154E-01
   9.3539000E-02   5.3139000E+00   8.3205089E+00  -6.6316154E-01
   1.0260400E-01   3.3460906E+00   8.3205089E+00  -6.6316154E-01
   9.1763000E-02   7.3129731E+00   5.9267797E+00  -2.4816921E+00
   9.3500000E-02   5.8030046E+00   7.2351750E+00  -2.4816921E+00
   1.1373100E-01  -1.2945795E+00   5.5304948E+00   5.4316413E+00
   1.1081300E-01   1.1623364E+00   7.0517601E+00   4.1731783E+00
   1.1111200E-01  -8.1530338E-01   7.3361015E+00   4.1731783E+00
   1.1619700E-01  -2.6327266E+00   6.5061130E+00   4.1731783E+00
   1.1207400E-01   6.7323189E-01   8.1370921E+00   2.3546477E+00
   1.1557300E-01  -1.2945795E+00   8.1370921E+00   2.3546477E+00
   1.2321600E-01  -3.0675147E+00   7.2832912E+00   2.3546477E+00
   1.1793200E-01   6.7323189E-01   8.1370921E+00   3.3623139E-01
   1.2514200E-01  -1.2945795E+00   8.1370921E+00   3.3623139E-01
   1.0586500E-01   1.4498979E+00   1.8132167E+00   7.8495551E+00
   1.0432000E-01   3.4177093E+00   1.8132167E+00   7.4004164E+00
   1.0307000E-01   2.4338027E+00   3.5173904E+00   7.4004164E+00
   1.0627600E-01   4.6599131E-01   3.5173904E+00   7.4004164E+00
   1.1138700E-01  -5.1791342E-01   1.8132167E+00   7.4004164E+00
   1.1356400E-01   4.6599131E-01   1.0904097E-01   7.4004164E+00
   1.0962100E-01   2.4338027E+00   1.0904097E-01   7.4004164E+00
   1.0661600E-01   4.9957703E+00   1.8132167E+00   6.1419534E+00
   1.0432100E-01   4.4328758E+00   3.7302605E+00   6.1419534E+00
   1.0498700E-01   2.9229072E+00   5.0386558E+00   6.1419534E+00
   1.0821300E-01   9.4526740E-01   5.3229972E+00   6.1419534E+00
   1.2501900E-01  -1.9523439E+00   8.1422813E-01   6.1419534E+00
   1.1199800E-01   4.4328758E+00  -1.0382721E-01   6.1419534E+00
