
  Mol 43 Conf 0                                                                 

iqopt   irstrnt  ihfree     qwt
  1      1      1        0.000500

 rel.rms   dipole mom       Qxx      Qyy      Qzz
    0.01263   5.39575  40.86524  -2.67009 -38.19515

          Point charges before & after optimization
    NO   At.No.    q0           q(opt)   IVARY  d(rstr)/dq 
     1     7   0.000000      -0.776357    0    0.000639
     2     6   0.000000       0.554216    0    0.000888
     3     7   0.000000      -0.782035    0    0.000634
     4     1   0.000000       0.417635    0    0.000000
     5     1   0.000000       0.426790    0    0.000000
     6     7   0.000000      -0.114583    0    0.003288
     7     6   0.000000      -0.004627    0    0.004995
     8     6   0.000000      -0.002398    0    0.004999
     9     6   0.000000      -0.028207    0    0.004812
    10     6   0.000000      -0.002398    8    0.004999
    11     6   0.000000      -0.004627    7    0.004995
    12     1   0.000000       0.433446    0    0.000000
    13     1   0.000000       0.401101    0    0.000000
    14     1   0.000000       0.065703    0    0.000000
    15     1   0.000000       0.068117    0    0.000000
    16     1   0.000000       0.030012    0    0.000000
    17     1   0.000000       0.044372    0    0.000000
    18     1   0.000000       0.039793    0    0.000000
    19     1   0.000000       0.034346    0    0.000000
    20     1   0.000000       0.022851    0    0.000000
    21     1   0.000000       0.045697    0    0.000000
    22     1   0.000000       0.054237    0    0.000000
    23     1   0.000000       0.076915    0    0.000000

        Statistics of the fitting:
  The initial sum of squares (ssvpot)                     13.668
  The residual sum of squares (chipot)                     0.002
  The std err of estimate (sqrt(chipot/N))               0.00156
  ESP relative RMS (SQRT(chipot/ssvpot))                 0.01263

 Dipole Moment (Debye)=   5.39575
