
  Mol 43 Conf 0                                                                 

iqopt   irstrnt  ihfree     qwt
  2      1      1        0.001000

 rel.rms   dipole mom       Qxx      Qyy      Qzz
    0.01466   5.37662  40.11595  -2.40007 -37.71587

          Point charges before & after optimization
    NO   At.No.    q0           q(opt)   IVARY  d(rstr)/dq 
     1     7  -0.776357      -0.776357   -1    0.001278
     2     6   0.554216       0.554216   -1    0.001776
     3     7  -0.782035      -0.782035   -1    0.001268
     4     1   0.417635       0.421171    0    0.000000
     5     1   0.426790       0.421171    4    0.000000
     6     7  -0.114583      -0.114583   -1    0.006575
     7     6  -0.004627      -0.004627   -1    0.009989
     8     6  -0.002398      -0.002398   -1    0.009997
     9     6  -0.028207      -0.028207   -1    0.009624
    10     6  -0.002398      -0.002398   -1    0.009997
    11     6  -0.004627      -0.004627   -1    0.009989
    12     1   0.433446       0.419645    0    0.000000
    13     1   0.401101       0.419645   12    0.000000
    14     1   0.065703       0.066075    0    0.000000
    15     1   0.068117       0.066075   14    0.000000
    16     1   0.030012       0.031441    0    0.000000
    17     1   0.044372       0.031441   16    0.000000
    18     1   0.039793       0.044660    0    0.000000
    19     1   0.034346       0.044660   18    0.000000
    20     1   0.022851       0.031441   16    0.000000
    21     1   0.045697       0.031441   16    0.000000
    22     1   0.054237       0.066075   14    0.000000
    23     1   0.076915       0.066075   14    0.000000

        Statistics of the fitting:
  The initial sum of squares (ssvpot)                     13.668
  The residual sum of squares (chipot)                     0.003
  The std err of estimate (sqrt(chipot/N))               0.00181
  ESP relative RMS (SQRT(chipot/ssvpot))                 0.01466

 Dipole Moment (Debye)=   5.37662
