 1102     6       482219.9872246188     4709.2387620216
   1.12587  -0.77286   1.83564   -17.08395   -12.99220    -4.09175
   1.65087  -1.68218   1.83564    -9.88767    21.36494   -31.25261
   3.22587  -0.77286  -1.80167    -1.46021    -8.49943     7.03922
   2.70087   0.13647  -1.80167    -2.77171   -31.52963    28.75793
  -1.21222  -1.57107   1.50346    -2.37387    12.43311   -14.80698
  -0.19790  -1.42524   1.50346    -4.56450     7.64917   -12.21368
  -1.69807   2.19260   0.45346     4.65926     6.70113    -2.04187
   1.54730  -2.06484   1.60089    -4.39947    25.46688   -29.86635
   0.80263  -4.02838  -0.49911     6.69741    15.63768    -8.94027
   3.36595  -2.06484  -1.54911    -4.36998     3.68355    -8.05352
  -0.19769  -2.57722  -1.54911    17.82441    15.48229     2.34212
   0.35633  -3.43929  -1.54911    11.39997    15.06996    -3.67000
   1.28848  -3.86498  -1.54911     7.50941    11.47375    -3.96434
  -1.93022   2.23507  -0.39532    11.16339    13.23051    -2.06711
  -0.44405   3.52284  -2.49532     9.01794    -2.75428    11.77222
  -0.71023   2.63202  -3.26397    11.28952    -5.60134    16.89087
  -4.25283  -0.39735   2.97131     7.39332    21.75941   -14.36610
  -3.72784  -1.30668   2.97131     5.99209    22.74093   -16.74884
  -4.94782  -0.90973   2.20266     9.99497    24.09233   -14.09736
  -1.67289  -1.38059   2.20266    -6.52547    13.39805   -19.92352
  -2.94971   1.68734   1.15266     0.61245    20.21539   -19.60294
  -2.00990  -2.12562   1.15266     3.96649    26.57565   -22.60916
  -4.67394  -1.16682  -1.21533    16.27007    33.94015   -17.67008
  -1.44203  -2.39253  -1.21533    18.21848    29.52218   -11.30369
  -4.37995  -1.17663  -2.26533    17.72463    27.67540    -9.95076
  -1.87947  -2.31856  -2.26533    19.58834    18.67930     0.90903
  -3.15997  -1.57359  -3.03398    19.74270    18.45776     1.28494
   2.51754   2.51910   2.31319    -6.54618   -10.61775     4.07157
   1.46754   0.70044   2.31319   -26.90698   -16.54756   -10.35942
   2.74804   3.26408   1.54454    -1.88065   -12.12311    10.24246
   1.24787   3.57330   0.49454     2.74661    -5.91886     8.66546
   3.81119   1.60977  -0.55546   -11.84487   -44.15618    32.31131
  -1.42893  -1.94040   1.16425     1.24247    21.15904   -19.91657
  -2.92910   1.67744   0.11425     5.37650    15.14160    -9.76510
  -1.93130  -2.37078   0.11425     9.13152    41.37883   -32.24731
   2.50637   0.39763  -1.94615    -3.49837   -42.02681    38.52845
   3.29066  -0.79413   2.48628   -37.80494   -32.51854    -5.28640
   4.27066  -0.79413   2.22369   -41.24620   -36.85068    -4.39552
   3.78066   0.05457   2.22369   -36.87246   -38.35755     1.48509
   2.80066   0.05457   2.22369   -31.07678   -34.77195     3.69517
   2.31066  -0.79413   2.22369   -28.82339   -25.25908    -3.56432
   2.80066  -1.64284   2.22369   -32.71458   -16.07700   -16.63758
   3.78066  -1.64284   2.22369   -39.97549   -29.96990   -10.00559
   4.98807  -0.79413   1.50628   -42.17240   -38.11066    -4.06175
   4.66389   0.20358   1.50628   -39.09698   -41.14805     2.05107
   2.76613  -2.40846   1.50628   -24.85314    -7.07221   -17.78093
   3.81519  -2.40846   1.50628   -37.91412   -24.59402   -13.32011
   4.66389  -1.79184   1.50628   -42.48867   -32.68834    -9.80033
   5.25066  -0.79413   0.52628   -41.22047   -37.06681    -4.15366
   4.98807   0.18587   0.52628   -39.10765   -41.29688     2.18923
   4.27066  -2.49154   0.52628   -37.27846   -24.21673   -13.06173
   4.98807  -1.77413   0.52628   -41.61078   -31.32625   -10.28453
   4.98807  -0.79413  -0.45372   -37.32552   -33.67882    -3.64670
   4.66389   0.20358  -0.45372   -34.52432   -39.10886     4.58454
   3.81519   0.82020  -0.45372   -24.40886   -48.78310    24.37423
   4.66389  -1.79184  -0.45372   -36.04979   -26.24353    -9.80626
   4.27066  -0.79413  -1.17113   -27.46170   -24.47297    -2.98873
   3.78066   0.05457  -1.17113   -20.97827   -19.16048    -1.81779
   3.78066  -1.64284  -1.17113   -19.19175   -12.23684    -6.95491
  -0.68444   0.55108   3.56587   -34.37058   -14.52317   -19.84741
   0.29556   0.55108   3.30328   -36.83355   -18.65088   -18.18268
  -0.19444   1.39979   3.30328   -34.77909   -16.88159   -17.89750
  -1.17444   1.39979   3.30328   -32.19877   -13.08460   -19.11417
  -1.66444   0.55108   3.30328   -26.32277    -2.78043   -23.54234
  -1.17444  -0.29762   3.30328   -28.90372    -2.28594   -26.61777
  -0.19444  -0.29762   3.30328   -34.27457   -14.26614   -20.00843
   1.01297   0.55108   2.58587   -36.66162   -18.63012   -18.03150
  -0.15991   2.16542   2.58587   -29.31850   -11.85074   -17.46776
  -1.20897   2.16542   2.58587   -28.58431   -11.59398   -16.99033
  -2.05767   1.54880   2.58587   -23.58557    -1.21541   -22.37016
  -1.20897  -1.06325   2.58587   -20.76115     3.93445   -24.69561
  -0.15991  -1.06325   2.58587   -27.12849    -6.45023   -20.67826
   0.68879  -0.44663   2.58587   -33.75123   -15.31966   -18.43157
  -0.68444   2.51108   1.60587   -19.37310    -6.74162   -12.63148
  -1.66444   2.24849   1.60587   -18.14695    -4.42209   -13.72486
  -2.38185   1.53108   1.60587   -10.89796    17.81276   -28.71072
   0.29556  -1.14633   1.60587   -11.72941     4.28509   -16.01449
   3.02952  -2.05643  -2.10908     2.74724     2.94469    -0.19746
   2.65571  -1.02940  -2.10908     8.59437    -5.11661    13.71098
   1.70919  -0.48292  -2.10908    15.65448   -17.48079    33.13527
  -0.06967  -2.60290  -2.10908    18.18774     8.69636     9.49138
   0.63286  -3.44014  -2.10908    11.91829    10.81287     1.10542
   1.70919  -3.62993  -2.10908     7.86458     8.55516    -0.69059
   2.65571  -3.08346  -2.10908     4.31852     5.95828    -1.63976
   2.41922  -2.05643  -2.94908     9.75087    -0.42185    10.17272
   1.73689  -1.11728  -2.94908    15.31939    -8.74843    24.06782
   0.63286  -1.47600  -2.94908    22.29541   -10.14181    32.43723
   0.63286  -2.63685  -2.94908    16.77772     3.06711    13.71061
   1.73689  -2.99557  -2.94908    11.37549     4.08079     7.29470
   1.43174  -2.05643  -3.26993    15.58169    -1.52424    17.10593
   2.22406  -2.87634   1.44980    -8.69352     8.13741   -16.83093
   3.21154  -2.87634   1.12895   -20.47438   -11.15848    -9.31590
   1.42517  -3.45677   1.12895     0.02134    14.68195   -14.66061
   2.52920  -3.81549   1.12895    -2.56526     3.01207    -5.57733
   3.82183  -2.87634   0.28895   -21.93899   -14.41713    -7.52186
   1.42517  -4.26006   0.28895     4.02108    11.36652    -7.34543
   2.50151  -4.44984   0.28895     2.98946     4.35515    -1.36569
   3.44802  -3.90337   0.28895    -2.98820    -2.33141    -0.65679
   3.82183  -2.87634  -0.74934   -10.88227    -5.59292    -5.28935
   1.42517  -4.26006  -0.74934     5.97577    11.12071    -5.14494
   2.50151  -4.44984  -0.74934     4.64922     5.17425    -0.52504
   3.44802  -3.90337  -0.74934     0.17319     0.17241     0.00078
   3.21154  -2.87634  -1.58935    -0.83333     4.47738    -5.31071
   2.52920  -3.81549  -1.58935     4.13843     6.20928    -2.07086
   0.56428  -2.25827   1.62445    -0.26606    19.12637   -19.39244
  -0.23461  -1.67784   1.30360     3.19716    15.40632   -12.20916
  -0.23461  -2.83869   1.30360     5.76430    22.73065   -16.96634
   0.86942  -3.19741   1.30360     1.30271    20.52471   -19.22200
  -0.93714  -2.80474   0.46360    11.62210    27.45162   -15.82952
  -0.23461  -3.64198   0.46360     8.91189    21.67562   -12.76373
   0.84173  -3.83177   0.46360     4.64922    17.86387   -13.21465
  -0.93714  -2.80474  -0.57470    15.86156    27.94156   -12.08000
  -0.23461  -3.64198  -0.57470    11.14645    20.48234    -9.33588
  -0.23461  -2.83869  -1.41470    15.77935    17.81778    -2.03842
   0.10057   3.52754   0.58119     5.70343     9.15658    -3.45315
  -1.00347   3.16882   0.58119     3.97653     5.07631    -1.09978
   1.01939   3.61542  -0.25881     7.24522    -8.01892    15.26415
   0.07287   4.16189  -0.25881     8.46322     1.52096     6.94226
  -1.00347   3.97211  -0.25881     8.54229     5.75086     2.79142
  -1.70600   3.13487  -0.25881     8.06036     9.82079    -1.76043
   1.01939   3.61542  -1.29711     7.91603   -14.69181    22.60785
   0.07287   4.16189  -1.29711     8.57429    -1.92925    10.50354
  -1.00347   3.97211  -1.29711     9.04994     4.72159     4.32835
   2.18072   1.88594  -2.72693     8.48518   -37.34307    45.82826
   1.80691   2.91297  -2.72693     9.69439   -25.52970    35.22410
   0.86040   3.45944  -2.72693     9.24133   -14.06680    23.30813
   0.86040   0.31244  -2.72693    18.20593   -33.77795    51.98389
   1.80691   0.85891  -2.72693     9.19615   -36.56481    45.76096
   1.57042   1.88594  -3.56693    11.83546   -22.05364    33.88910
   0.88809   2.82509  -3.56693    11.22238   -14.80441    26.02679
  -0.21594   2.46637  -3.56693    11.15210    -9.86514    21.01724
  -0.21594   1.30551  -3.56693    13.84286   -17.16548    31.00834
   0.88809   0.94679  -3.56693    13.93887   -22.53273    36.47160
   0.58294   1.88594  -3.88778    12.50940   -15.68503    28.19444
  -1.95636   3.04924  -1.42534    10.50137     9.66576     0.83561
  -2.65889   2.21200  -1.42534    14.62787    12.52555     2.10232
  -1.95636   3.04924  -2.46363    12.32805     4.61435     7.71371
  -2.65889   2.21200  -2.46363    16.83608     8.07247     8.76361
  -0.85232   2.60468  -3.30363    11.52170    -4.79686    16.31857
  -1.95636   2.24595  -3.30363    15.31437     1.00573    14.30864
  -1.95636   1.08510  -3.30363    19.83809    -2.20755    22.04564
  -0.85232   0.72638  -3.30363    19.26454   -21.45434    40.71888
  -1.15747   1.66553  -3.62449    14.66301    -7.13636    21.79938
  -4.85781   0.83229   2.28354     7.26656    20.12633   -12.85977
  -3.78147   1.82537   1.44354     3.88617    19.59864   -15.71247
  -4.85781   1.63558   1.44354     8.51279    18.31345    -9.80065
  -5.56034   0.79834   1.44354    10.46623    19.49962    -9.03339
  -5.56034  -0.29461   1.44354    10.52584    22.60209   -12.07625
  -3.78147   1.82537   0.40524     8.43059    18.33856    -9.90797
  -4.85781   1.63558   0.40524    11.61708    18.95289    -7.33580
  -5.56034   0.79834   0.40524    12.78613    20.62988    -7.84375
  -5.56034  -0.29461   0.40524    12.22702    24.25416   -12.02714
  -4.85781   0.83229  -0.43476    15.59863    24.06857    -8.46994
  -4.85781  -0.32856  -0.43476    15.96259    31.26450   -15.30191
  -2.76220  -0.09894   3.78223    -0.81702    12.77058   -13.58760
  -1.77472  -0.09894   3.46138   -15.89042     6.59782   -22.48825
  -2.45705   0.84021   3.46138    -7.93109     7.96664   -15.89773
  -3.56109   0.48149   3.46138     2.88843    16.15795   -13.26952
  -3.56109  -0.67937   3.46138     4.46097    18.57530   -14.11433
  -2.45705  -1.03809   3.46138    -1.57944    15.12804   -16.70748
  -2.48475   1.47456   2.62138   -12.45606     9.61243   -22.06850
  -3.56109   1.28477   2.62138     0.86910    19.63302   -18.76392
  -1.53823  -1.12597   2.62138   -13.47200    10.81910   -24.29110
  -4.36139  -2.01236   2.57955     8.46510    22.15777   -13.69266
  -3.25735  -2.37108   2.57955     5.65763    21.78348   -16.12585
  -5.06392  -1.97840   1.73955    10.81011    23.59200   -12.78190
  -4.36139  -2.81564   1.73955    11.29454    23.25157   -11.95703
  -3.28505  -3.00543   1.73955     9.51116    24.01481   -14.50365
  -2.33853  -2.45896   1.73955     4.87198    24.04560   -19.17361
  -5.06392  -1.97840   0.70126    12.53136    26.88203   -14.35066
  -4.36139  -2.81564   0.70126    13.93950    27.38109   -13.44160
  -3.28505  -3.00543   0.70126    13.30759    30.99677   -17.68917
  -2.33853  -2.45896   0.70126     9.01229    35.07825   -26.06596
  -4.36139  -2.01236  -0.13874    17.37448    35.32941   -17.95492
  -2.75032  -2.61713   0.16703    14.93849    49.21354   -34.27505
  -4.55689  -2.22446  -0.67297    16.50977    31.22217   -14.71240
  -3.85436  -3.06170  -0.67297    16.95342    30.14645   -13.19303
  -2.77802  -3.25149  -0.67297    15.90862    33.14275   -17.23412
  -1.83151  -2.70502  -0.67297    15.16439    36.97968   -21.81528
  -4.55689  -2.22446  -1.71127    16.50726    26.63921   -10.13195
  -3.85436  -3.06170  -1.71127    17.14921    24.98158    -7.83237
  -2.77802  -3.25149  -1.71127    16.81349    25.03524    -8.22175
  -1.83151  -2.70502  -1.71127    17.41025    24.79206    -7.38181
  -3.85436  -2.25841  -2.55127    17.49873    22.92430    -5.42557
  -2.75032  -2.61713  -2.55127    17.80684    20.84415    -3.03731
  -1.54568  -2.22809  -2.45929    20.32566    11.38305     8.94261
  -0.59916  -1.68162  -2.45929    27.42970   -12.19896    39.62866
  -0.83565  -0.65459  -3.29929    25.51454   -25.27294    50.78748
  -1.51798   0.28456  -3.29929    23.18459   -14.08166    37.26626
  -2.62201  -0.07416  -3.29929    20.78437     7.24184    13.54253
  -2.62201  -1.23501  -3.29929    20.89356    11.01213     9.88142
  -1.51798  -1.59374  -3.29929    21.86745    -0.71384    22.58129
  -1.82313  -0.65459  -3.62014    21.74007    -3.64581    25.38587
  -3.14376   1.59005  -1.05284    14.61721    18.23237    -3.61516
  -4.22010   1.40027  -1.05284    15.82265    21.04279    -5.22014
  -4.92263   0.56302  -1.05284    16.51793    24.84044    -8.32251
  -4.92263  -0.52992  -1.05284    15.83395    30.55575   -14.72181
  -3.14376   1.59005  -2.09114    18.48517    15.03277     3.45240
  -4.22010   1.40027  -2.09114    17.02935    17.87386    -0.84450
  -4.92263   0.56302  -2.09114    16.83859    20.86081    -4.02222
  -4.92263  -0.52992  -2.09114    16.20606    24.74260    -8.53654
  -3.11607   0.95570  -2.93114    18.88176    12.33951     6.54225
  -4.22010   0.59698  -2.93114    17.49873    17.17317     0.32556
  -4.22010  -0.56387  -2.93114    17.64117    20.71863    -3.07746
  -3.42121   0.01655  -3.25199    18.69978    14.88265     3.81713
   3.44766   3.40028   0.26172    -1.05422   -19.81100    18.75678
   2.50114   3.94675   0.26172     1.91955   -14.24803    16.16758
   1.42480   3.75696   0.26172     3.23042    -8.80938    12.03980
   3.82146   2.37325  -0.77658    -5.03388   -35.02836    29.99448
   3.44766   3.40028  -0.77658     1.13830   -24.29029    25.42859
   2.50114   3.94675  -0.77658     4.60655   -18.94668    23.55323
   1.42480   3.75696  -0.77658     6.84048   -15.74494    22.58543
   3.21117   2.37325  -1.61658     0.36270   -43.03780    43.40050
   2.52884   3.31240  -1.61658     5.86721   -29.73369    35.60090
   2.52884   1.43410  -1.61658    -3.28564   -91.40188    88.11624
   2.22369   2.37325  -1.93743     7.29417   -53.53704    60.83121
   2.91315   1.32925   2.68364   -13.61445   -17.72529     4.11085
   3.90062   1.32925   2.36278   -12.96748   -22.39166     9.42417
   3.21829   2.26839   2.36278    -6.97853   -14.76206     7.78353
   3.21829   0.39010   2.36278   -26.18848   -31.11655     4.92807
   4.51092   1.32925   1.52279   -15.61432   -28.00920    12.39488
   4.13711   2.35628   1.52279    -6.06613   -19.96328    13.89715
   4.51092   1.32925   0.48449   -18.63327   -34.38901    15.75574
   4.13711   2.35628   0.48449    -7.10404   -26.13649    19.03245
   3.90062   1.32925  -0.35551   -16.25501   -44.49953    28.24452
   1.27726   2.00567   2.89880   -15.27609    -8.04281    -7.23328
   2.26474   2.00567   2.57795   -10.82830   -10.87826     0.04996
   1.58241   2.94482   2.57795    -6.02221    -5.59746    -0.42475
   0.47838   2.58609   2.57795   -13.68159    -5.36264    -8.31895
   1.58241   1.06652   2.57795   -22.57340   -13.67826    -8.89514
   1.55471   3.57917   1.73795    -1.21109    -4.92375     3.71265
   0.47838   3.38938   1.73795    -2.57091    -1.06801    -1.50289
  -0.22416   2.55214   1.73795   -16.85930    -4.72087   -12.13842
   0.47838   3.38938   0.69965     4.18988     6.09232    -1.90244
   1.02063  -0.40132  -2.74229    19.52935   -24.39104    43.92039
   0.33830  -1.34047  -2.74229    25.84461   -16.46345    42.30805
   0.03315  -0.40132  -3.06315    23.92129   -36.44888    60.37017
   1.13455  -0.77286   2.17931   -21.84486   -10.61681   -11.22805
   1.65521  -1.67467   2.17931   -14.29341    14.94589   -29.23930
   3.75439   0.24160  -1.47939   -14.29216   -24.18308     9.89092
   3.75439  -1.78732  -1.47939   -11.80345    -6.79411    -5.00934
   3.21719  -0.77286  -2.14534    -0.45369   -10.55704    10.10335
  -1.22044  -1.62823   1.94984    -6.92833    10.43748   -17.36581
  -2.41226   2.05842   0.98751    -2.22703     9.45112   -11.67815
   0.08844  -3.89419  -1.03317     9.17670    16.14748    -6.97078
   1.02664  -4.34601  -1.03317     5.96950    11.45356    -5.48406
   3.42369  -2.06484  -1.99549    -2.35065    -0.57127    -1.77938
   2.32678  -3.77167  -1.99549     4.52936     6.16596    -1.63660
   3.12582  -3.07930  -1.99549     0.76054     3.16332    -2.40278
   0.33543   4.00386  -1.97937     7.30672    -6.54245    13.84917
  -0.70589   4.00386  -1.97937     7.99008     0.61614     7.37394
  -1.64409   3.55205  -1.97937     9.16164     4.98031     4.18133
  -0.45227   3.57999  -2.94169     8.41741    -4.18431    12.60172
  -0.70589   2.62451  -3.60764    10.47376    -6.08983    16.56359
  -4.24416  -0.39735   3.31499     5.15687    18.54671   -13.38983
  -3.72350  -1.29916   3.31499     4.07379    19.09605   -15.02226
  -4.43161   1.02073   2.64904     4.25389    18.64851   -14.39463
  -5.00322   0.13129   2.64904     6.82354    19.46318   -12.63964
  -5.00322  -0.92600   2.64904     7.53513    20.47209   -12.93696
  -2.42335  -2.10418   2.64904     0.44741    18.84342   -18.39601
  -2.68217   1.88381   1.68671    -6.51167    15.48725   -21.99891
  -1.74398  -2.22670   1.68671     1.13579    20.16313   -19.02733
  -5.00322  -0.92600  -0.34372    13.84160    30.48258   -16.64098
  -1.17611  -2.49361  -1.74938    18.50024    17.78877     0.71147
  -4.43536  -1.19290  -2.71170    15.93560    21.98253    -6.04693
  -3.67629  -0.66426  -3.37765    17.10277    15.62869     1.47408
  -3.15563  -1.56607  -3.37765    17.33746    14.41308     2.92438
   2.51320   2.51158   2.65686    -8.25991   -10.33486     2.07495
   1.47188   0.70796   2.65686   -26.60578   -15.95290   -10.65288
   2.77202   3.31660   1.99092    -3.83283   -10.64218     6.80935
   3.45140   3.43912   1.02859    -2.65625   -15.78767    13.13142
   2.51320   3.89093   1.02859    -0.59864   -11.23621    10.63757
   3.86894   1.60977  -1.00183   -10.08282   -41.73716    31.65434
  -1.40494  -1.99293   1.61063    -0.69842    17.36951   -18.06793
  -2.70509   1.99507   0.64831     2.13855    12.67135   -10.53280
  -1.66377  -2.56726   0.64831     6.78275    29.36838   -22.58563
  -2.70509   1.99507  -0.41980     8.86608    14.00649    -5.14041
   2.49769   0.39763  -2.28982     0.41165   -35.25086    35.66250
   3.29066  -0.79413   2.76628   -31.35665   -25.92731    -5.42934
   4.26256  -0.79413   2.54445   -33.77946   -29.74571    -4.03375
   3.77661   0.04756   2.54445   -30.44739   -30.94815     0.50076
   2.80471   0.04756   2.54445   -27.56210   -27.91602     0.35392
   2.31876  -0.79413   2.54445   -26.66915   -19.97200    -6.69716
   2.80471  -1.63582   2.54445   -27.89468   -13.50107   -14.39361
   3.77661  -1.63582   2.54445   -32.63677   -23.89917    -8.73760
   5.04196  -0.79413   1.92290   -34.75336   -31.43927    -3.31409
   4.70749   0.23526   1.92290   -31.70868   -33.70961     2.00093
   2.74948  -2.45972   1.92290   -22.45919    -2.05119   -20.40800
   3.83184  -2.45972   1.92290   -30.80381   -19.55743   -11.24638
   4.70749  -1.82352   1.92290   -34.63978   -26.93916    -7.70062
   5.47450  -0.79413   1.02473   -34.47914   -31.49581    -2.98333
   5.22435   0.22075   1.02473   -32.41275   -34.53063     2.11788
   4.53122  -2.59139   1.02473   -31.74257   -21.69535   -10.04722
   5.22435  -1.80901   1.02473   -34.59836   -27.26001    -7.33835
   5.47450  -0.79413   0.02783   -32.62547   -30.13626    -2.48921
   5.22435   0.22075   0.02783   -30.78562   -34.10848     3.32287
   4.53122  -2.59139   0.02783   -27.96622   -18.77454    -9.19168
   5.22435  -1.80901   0.02783   -32.32050   -25.23749    -7.08301
   5.04196  -0.79413  -0.87034   -28.20404   -26.79495    -1.40909
   4.70749   0.23526  -0.87034   -25.73793   -31.87905     6.14112
   3.83184   0.87146  -0.87034   -18.32077   -43.13924    24.81847
   4.70749  -1.82352  -0.87034   -26.19664   -20.10319    -6.09345
   4.26256  -0.79413  -1.49189   -19.41765   -19.19428    -0.22338
  -0.68444   0.55108   3.84587   -27.49809   -10.10974   -17.38835
   0.28746   0.55108   3.62404   -29.98303   -14.25469   -15.72834
  -0.19849   1.39277   3.62404   -28.26240   -12.88107   -15.38133
  -1.17039   1.39277   3.62404   -25.64757    -8.91785   -16.72972
  -1.65634   0.55108   3.62404   -21.07177    -1.34603   -19.72574
  -1.17039  -0.29061   3.62404   -23.04591    -1.64459   -21.40132
  -0.19849  -0.29061   3.62404   -27.85326   -10.09932   -17.75395
   1.06686   0.55108   3.00249   -30.66262   -16.15494   -14.50769
  -0.14326   2.21667   3.00249   -24.62912   -10.40456   -14.22456
  -1.22562   2.21667   3.00249   -23.39920    -8.32080   -15.07840
  -2.10127   1.58047   3.00249   -18.75312     0.08465   -18.83777
  -1.22562  -1.11450   3.00249   -17.67443     4.98939   -22.66382
  -0.14326  -1.11450   3.00249   -23.48517    -4.58194   -18.90323
   0.73239  -0.47831   3.00249   -28.87610   -12.60800   -16.26810
  -0.42121   2.71900   2.10432   -17.56525    -5.96993   -11.59531
  -1.45884   2.59301   2.10432   -17.60478    -4.63917   -12.96560
  -2.31907   1.99924   2.10432   -14.01103     5.48039   -19.49142
  -0.42121  -1.61683   2.10432   -12.05069     5.34867   -17.39936
   0.55612  -1.24618   2.10432   -17.03061    12.05138   -29.08199
  -1.45884   2.59301   1.10742    -7.26468     0.33017    -7.59484
   3.09451  -2.05643  -2.54993     2.91729    -0.97430     3.89160
   2.77695  -1.07908  -2.54993     5.79442    -7.49405    13.28847
   1.94557  -0.47504  -2.54993    11.44640   -17.30981    28.75621
  -0.23103  -2.05643  -2.54993    22.16113    -2.82249    24.98362
   0.08654  -3.03378  -2.54993    14.61093     7.27833     7.33260
   0.91792  -3.63781  -2.54993    10.17130     7.50000     2.67130
   1.94557  -3.63781  -2.54993     6.95594     5.53090     1.42505
   2.77695  -3.03378  -2.54993     4.18486     2.85455     1.33031
   2.39174  -2.05643  -3.25270     8.67406    -2.01923    10.69329
   1.91174  -1.22504  -3.25270    12.12223    -7.99735    20.11958
   0.95174  -1.22504  -3.25270    17.95681   -11.34976    29.30657
   0.47174  -2.05643  -3.25270    17.67757    -3.43576    21.11333
   0.95174  -2.88781  -3.25270    13.01141     2.59551    10.41590
   1.91174  -2.88781  -3.25270     9.58458     1.82757     7.75701
   1.43174  -2.05643  -3.50993    13.35528    -2.58159    15.93687
   2.22406  -2.87634   1.68980   -10.57793     9.01809   -19.59601
   3.18406  -2.87634   1.43257   -21.20919    -9.92050   -11.28870
   1.74406  -3.70773   1.43257    -2.51443     9.25270   -11.76713
   2.70406  -3.70773   1.43257    -6.70619     0.95592    -7.66211
   1.71023  -4.45773   0.72980     1.55371     8.20979    -6.65608
   2.73788  -4.45773   0.72980    -0.76180     2.37325    -3.13505
   3.56926  -3.85370   0.72980    -7.55647    -4.19764    -3.35883
   4.14406  -2.87634  -0.23020   -19.12586   -12.32114    -6.80473
   1.26406  -4.53911  -0.23020     4.40825    10.71695    -6.30870
   2.22406  -4.79634  -0.23020     3.13064     5.56688    -2.43623
   3.18406  -4.53911  -0.23020     0.47628     1.23417    -0.75789
   3.88682  -3.83634  -0.23020    -5.63629    -3.86151    -1.77478
   3.88682  -2.87634  -1.19020    -8.47075    -3.80178    -4.66898
   1.71023  -4.45773  -1.19020     4.98996     8.29340    -3.30344
   2.73788  -4.45773  -1.19020     2.87274     3.92112    -1.04838
   3.56926  -3.85370  -1.19020    -1.22176     0.02116    -1.24292
   2.70406  -3.70773  -1.89297     3.02083     4.81214    -1.79131
   0.56428  -2.25827   1.86445    -3.47640    14.82814   -18.30455
  -0.39572  -2.25827   1.60722     0.70909    17.24225   -16.53316
   0.08428  -3.08965   1.60722     1.84551    18.66118   -16.81567
  -0.78093  -3.23562   0.90445     7.50878    22.34942   -14.84064
   0.05045  -3.83965   0.90445     4.98870    18.25264   -13.26394
  -1.09849  -3.21827  -0.05555    11.75263    25.98326   -14.23064
  -0.39572  -3.92103  -0.05555     8.75313    19.39011   -10.63698
  -0.78093  -3.23562  -1.01555    13.62574    21.43849    -7.81275
  -0.68458   3.41978   0.88481     1.13579     3.43897    -2.30317
   0.30924   4.16978   0.18204     5.52146     0.83319     4.68827
  -0.71840   4.16978   0.18204     5.78313     3.76553     2.01759
  -1.54979   3.56575   0.18204     5.28237     6.45869    -1.17632
  -1.86735   2.58839   0.18204     5.76932     9.13933    -3.37001
   0.75542   4.25116  -0.77796     6.55810    -6.03584    12.59394
  -0.20458   4.50839  -0.77796     7.12098     0.21418     6.90679
  -1.16458   4.25116  -0.77796     7.41089     4.33065     3.08024
  -1.86735   3.54839  -0.77796     7.80622     8.20554    -0.39932
   0.30924   4.16978  -1.73796     7.15926    -5.36154    12.52079
  -0.71840   4.16978  -1.73796     7.78175     1.12378     6.65797
   2.50294   1.88594  -2.20778     3.70984   -51.46870    55.17854
   2.24571   2.84594  -2.20778     6.87123   -34.45556    41.32679
   1.54295   3.54871  -2.20778     7.29982   -20.14177    27.44159
   2.24571   1.88594  -3.16778     7.61734   -28.17126    35.78859
   1.92815   2.86329  -3.16778     8.28187   -21.67949    29.96137
   1.09677   3.46733  -3.16778     8.40674   -14.06398    22.47073
   0.06912   3.46733  -3.16778     8.64457    -7.96174    16.60631
   1.09677   0.30455  -3.16778    14.33043   -26.32061    40.65105
   1.92815   0.90859  -3.16778     8.77007   -28.17370    36.94377
   1.54295   1.88594  -3.87055    10.04580   -18.85374    28.89954
   1.06295   2.71733  -3.87055     9.73393   -14.41829    24.15222
   0.10294   2.71733  -3.87055     9.92846   -10.06417    19.99262
  -0.37705   1.88594  -3.87055    11.59010   -10.83140    22.42151
   0.10294   1.05456  -3.87055    13.26869   -17.28376    30.55245
   1.06295   1.05456  -3.87055    11.80910   -19.33646    31.14556
   0.58294   1.88594  -4.12778    11.00212   -14.12417    25.12630
  -2.50268   2.64288  -0.98449    10.34010    11.44156    -1.10146
  -2.11747   3.32830  -1.94448    10.05647     6.35100     3.70547
  -2.82024   2.62553  -1.94448    13.04153     9.30114     3.74039
  -1.67129   3.24692  -2.90449    10.50576     1.56763     8.93814
  -2.50268   2.64288  -2.90449    13.36470     4.77337     8.59133
  -2.82024   1.66553  -2.90449    17.26341     7.79165     9.47176
  -1.63747   2.49691  -3.60725    12.27722    -1.20682    13.48404
  -2.11747   1.66553  -3.60725    15.53839     0.25908    15.27931
  -1.63747   0.83414  -3.60725    18.13189    -6.92189    25.05378
  -1.15747   1.66553  -3.86448    13.41678    -6.77901    20.19579
  -4.53892   1.08325   2.58716     4.46285    18.28454   -13.82169
  -5.01892   0.25186   2.58716     6.88127    19.47866   -12.59740
  -4.57274   1.83325   1.88439     4.92407    16.51983   -11.59577
  -5.40413   1.22921   1.88439     7.40398    16.97185    -9.56787
  -5.72169   0.25186   1.88439     8.39231    18.71790   -10.32559
  -4.05892   2.17186   0.92439     5.86157    16.05203   -10.19046
  -5.01892   1.91463   0.92439     8.41302    16.34404    -7.93102
  -5.72169   1.21186   0.92439     9.72765    17.36287    -7.63521
  -5.97892   0.25186   0.92439    10.05207    19.23966    -9.18759
  -5.72169  -0.70814   0.92439    10.06651    22.56899   -12.50248
  -3.54510   1.83325  -0.03561     8.70418    17.09727    -8.39308
  -4.57274   1.83325  -0.03561    10.71159    17.67892    -6.96733
  -5.40413   1.22921  -0.03561    11.76455    18.84592    -7.08137
  -5.72169   0.25186  -0.03561    11.96347    21.27040    -9.30693
  -5.40413  -0.72549  -0.03561    12.12599    26.02544   -13.89945
  -2.76220  -0.09894   4.02223    -2.55522    10.74141   -13.29663
  -1.80220  -0.09894   3.76500   -13.65963     5.01260   -18.67222
  -2.28220   0.73245   3.76500   -10.07906     5.39795   -15.47701
  -3.24220   0.73245   3.76500    -1.13391    11.73888   -12.87279
  -3.72220  -0.09894   3.76500     2.50941    15.04446   -12.53505
  -3.24220  -0.93032   3.76500     1.41441    15.21169   -13.79728
  -2.28220  -0.93032   3.76500    -4.47916    11.45430   -15.93346
  -2.24838   1.48245   3.06223   -15.68334     2.82685   -18.51020
  -3.27603   1.48245   3.06223    -2.59350    13.13894   -15.73243
  -4.10741   0.87841   3.06223     3.00891    17.28477   -14.27586
  -2.24838  -1.68033   3.06223    -2.48557    15.72814   -18.21371
  -1.41699  -1.07629   3.06223   -15.32064     7.63312   -22.95376
  -2.76220   1.82106   2.10223    -7.56776    15.25104   -22.81880
  -4.52250  -1.43193   2.88317     6.84236    20.61362   -13.77126
  -4.04250  -2.26332   2.88317     5.96385    19.46126   -13.49741
  -3.08250  -2.26332   2.88317     3.12186    19.23420   -16.11234
  -5.22527  -1.43193   2.18041     8.63830    21.47036   -12.83207
  -4.90771  -2.40928   2.18041     8.67595    20.37266   -11.69672
  -4.07633  -3.01332   2.18041     8.17582    20.27650   -12.10068
  -3.04868  -3.01332   2.18041     6.04103    20.58490   -14.54387
  -2.21729  -2.40928   2.18041     1.85429    20.02636   -18.17207
  -5.48250  -1.43193   1.22040     9.92657    23.42992   -13.50335
  -5.22527  -2.39193   1.22040    10.43548    22.36415   -11.92866
  -4.52250  -3.09470   1.22040    10.79128    22.55599   -11.76471
  -3.56250  -3.35193   1.22040    10.15624    23.77723   -13.62099
  -2.60250  -3.09470   1.22040     8.15449    25.56177   -17.40728
  -5.22527  -1.43193   0.26041    11.81161    27.30301   -15.49140
  -4.90771  -2.40928   0.26041    12.77986    26.47274   -13.69288
  -4.07633  -3.01332   0.26041    13.81462    28.46730   -14.65268
  -3.04868  -3.01332   0.26041    13.67029    35.30621   -21.63591
  -4.40068  -2.65534  -0.23212    15.11670    29.65148   -14.53477
  -3.56929  -3.25937  -0.23212    14.45970    29.94005   -15.48035
  -2.54165  -3.25937  -0.23212    13.14319    33.55774   -20.41455
  -1.71026  -2.65534  -0.23212    12.34311    36.82873   -24.48561
  -4.97547  -1.67799  -1.19212    14.33859    27.80025   -13.46165
  -4.71824  -2.63799  -1.19212    14.52308    25.11636   -10.59328
  -4.01547  -3.34075  -1.19212    14.66427    24.28566    -9.62139
  -3.05547  -3.59799  -1.19212    14.36181    24.76184   -10.40003
  -2.09547  -3.34075  -1.19212    14.30659    25.98943   -11.68284
  -4.71824  -1.67799  -2.15212    15.02885    24.33462    -9.30577
  -4.40068  -2.65534  -2.15212    14.85440    21.92155    -7.06714
  -3.56929  -3.25937  -2.15212    14.96673    20.92452    -5.95779
  -2.54165  -3.25937  -2.15212    15.14118    20.33627    -5.19509
  -3.53547  -2.50937  -2.85489    15.79755    19.00460    -3.20704
  -2.57547  -2.50937  -2.85489    16.83106    16.75454     0.07652
  -0.86313  -2.31736  -1.94014    20.46748    10.71057     9.75691
  -1.30930  -2.23598  -2.90014    19.13025     4.93423    14.19603
  -0.47792  -1.63194  -2.90014    23.94074   -12.51861    36.45936
  -0.86313  -0.65459  -3.60290    21.54679   -17.54274    39.08954
  -1.34313   0.17680  -3.60290    20.40661   -13.66504    34.07165
  -2.30313   0.17680  -3.60290    18.92631     1.03272    17.89359
  -2.30313  -1.48597  -3.60290    18.35528     6.54602    11.80926
  -1.34313  -1.48597  -3.60290    19.73392    -3.46211    23.19603
  -1.82313  -0.65459  -3.86014    19.11394    -2.90666    22.02060
  -3.93504   1.59794  -0.61199    12.93799    19.48925    -6.55126
  -3.42121   1.93655  -1.57199    14.61219    15.14461    -0.53242
  -4.38121   1.67932  -1.57199    14.24133    17.08032    -2.83899
  -5.08398   0.97655  -1.57199    14.45531    19.42980    -4.97449
  -5.34121   0.01655  -1.57199    14.26643    22.28633    -8.01991
  -5.08398  -0.94345  -1.57199    14.40260    26.43881   -12.03621
  -3.93504   1.59794  -2.53199    15.38340    13.99514     1.38826
  -4.76642   0.99390  -2.53199    14.91590    16.45531    -1.53941
  -5.08398   0.01655  -2.53199    14.68874    18.99826    -4.30952
  -4.76642  -0.96080  -2.53199    15.14620    22.08516    -6.93897
  -2.94121   0.84794  -3.23476    17.77797     8.78411     8.99386
  -3.90121   0.84794  -3.23476    15.78939    13.19974     2.58966
  -4.38121   0.01655  -3.23476    15.45619    16.06697    -0.61078
  -3.42121   0.01655  -3.49199    16.99233    12.30477     4.68756
   2.73751   3.95464   0.70257    -0.14684   -13.02528    12.87844
   4.14369   2.37325  -0.25743    -7.53011   -29.71175    22.18163
   3.88646   3.33325  -0.25743    -2.33183   -21.76096    19.42914
   3.18369   4.03602  -0.25743     0.88542   -16.90776    17.79317
   2.22369   4.29325  -0.25743     2.82254   -13.35851    16.18105
   1.26369   4.03602  -0.25743     4.87387    -9.14000    14.01386
   3.88646   2.37325  -1.21743    -4.23757   -33.51330    29.27573
   3.56890   3.35060  -1.21743     0.46561   -24.73326    25.19887
   2.73751   3.95464  -1.21743     3.59186   -19.93678    23.52865
   1.70987   3.95464  -1.21743     5.81639   -17.22083    23.03721
   3.18369   2.37325  -1.92020     0.65888   -39.26489    39.92378
   2.70369   3.20463  -1.92020     4.43586   -29.38257    33.81844
   2.70369   1.54187  -1.92020    -1.03100   -62.66405    61.63305
   2.91315   1.32925   2.92364   -14.36306   -16.42624     2.06317
   3.87315   1.32925   2.66640   -13.81211   -20.05942     6.24730
   3.39315   2.16063   2.66640    -8.81086   -14.68497     5.87411
   2.43315   0.49786   2.66640   -21.68736   -21.18683    -0.50052
   3.39315   0.49786   2.66640   -22.69137   -25.65725     2.96588
   4.57592   1.32925   1.96364   -15.51203   -24.36876     8.85672
   4.25835   2.30660   1.96364    -7.80057   -18.07809    10.27752
   3.42697   2.91063   1.96364    -4.90461   -14.15849     9.25387
   4.83315   1.32925   1.00364   -18.05972   -29.13576    11.07604
   4.57592   2.28925   1.00364    -8.62512   -22.27202    13.64691
   4.57592   1.32925   0.04364   -18.84035   -34.42381    15.58347
   4.25835   2.30660   0.04364    -8.42620   -28.19133    19.76513
   1.27726   2.00567   3.13880   -15.89858    -8.60995    -7.28863
   2.23726   2.00567   2.88157   -11.96849   -10.76001    -1.20848
   1.75726   2.83705   2.88157    -8.08232    -6.87398    -1.20834
   0.79726   2.83705   2.88157   -10.73794    -5.37111    -5.36684
   1.75726   1.17428   2.88157   -20.08281   -13.23474    -6.84807
   1.79109   3.58705   2.17880    -3.38541    -6.00163     2.61621
   0.76344   3.58705   2.17880    -4.16039    -3.02156    -1.13883
  -0.06794   2.98302   2.17880   -11.55747    -3.74564    -7.81183
   1.27726   3.92567   1.21880    -0.00565    -4.42340     4.41775
   0.31726   3.66844   1.21880     0.06777     0.77586    -0.70809
  -0.38551   2.96567   1.21880    -4.79229     0.69423    -5.48652
  -0.48067  -1.98271  -2.34315    23.84787    -2.89870    26.74657
   0.99315  -0.40132  -3.04591    17.49559   -22.49012    39.98571
   0.03315  -0.40132  -3.30315    21.12385   -28.97000    50.09385
   1.65925  -1.66768   2.51146   -16.14582     5.58637   -21.73219
   4.08506  -0.77286  -1.89221   -11.73192   -15.06782     3.33590
   3.78198   0.25933  -1.89221    -9.42645   -23.94449    14.51805
   3.20911  -0.77286  -2.47749     0.57292   -11.47984    12.05276
  -1.98664   2.72354   0.45346     2.84827     7.62109    -4.77282
   1.03068  -2.95966   1.99536    -4.24949    13.93569   -18.18518
   2.06392  -2.95966   1.99536   -10.02760     9.77039   -19.79800
   1.27559  -3.95460   1.41007    -0.82266    11.10146   -11.92412
   0.99223  -4.49678   0.53413     2.77861    11.65365    -8.87504
   0.51405  -4.55932  -0.49911     5.56915    12.73817    -7.16903
   4.04177  -2.06484  -1.53236   -12.17494    -8.10576    -4.06918
  -0.00798  -4.01510  -1.53236     9.24447    13.24469    -4.00022
   0.99223  -4.49678  -1.53236     6.06613     9.48786    -3.42173
   3.45649  -2.06484  -2.40830    -0.67771    -2.65527     1.97756
   3.15341  -3.09703  -2.40830     1.53301     1.46127     0.07174
  -2.43268   2.80501  -0.41207     7.57780    10.63800    -3.06020
  -2.09442   3.63189  -1.44531     8.25614     6.70872     1.54742
   0.36984   4.15463  -2.47856     6.72251    -7.25517    13.97768
  -0.74030   4.15463  -2.47856     7.28099    -1.24557     8.52656
  -0.45694   3.61245  -3.35450     8.08295    -4.79771    12.88066
  -0.70185   2.61751  -3.93979     9.94477    -6.12419    16.06896
  -0.70185   0.82788  -3.93979    14.77157   -13.73138    28.50295
  -3.71946  -1.29217   3.64714     2.70833    16.18251   -13.47418
  -4.45309   1.04551   3.06185     2.91917    15.65142   -12.73224
  -5.03469   0.14053   3.06185     5.08659    16.68602   -11.59943
  -5.03469  -0.93524   3.06185     5.79003    17.60224   -11.81221
  -2.40973  -2.13401   3.06185    -0.70218    15.73647   -16.43865
  -3.75791   2.03458   2.18591     0.28363    15.05646   -14.77283
  -5.69731  -0.39735   2.18591     7.53890    18.64225   -11.10336
  -1.64756  -2.34761   2.18591    -1.04418    16.37442   -17.41860
  -3.20283   2.30265   1.15266     1.05422    13.59597   -12.54176
  -5.45028  -1.47967   0.11942    11.25752    24.97246   -13.71494
  -4.46682  -1.20214  -3.12451    14.45280    17.79651    -3.34371
  -3.15159   0.23056  -3.70980    16.12762     8.53134     7.59629
  -3.66821  -0.66426  -3.70980    15.32190    12.47137     2.85053
  -3.15159  -1.55908  -3.70980    15.57479    11.48258     4.09221
   2.50916   2.50459   2.98901    -9.18486   -10.01418     0.82932
   1.47592   0.71495   2.98901   -24.96296   -14.81652   -10.14644
   2.78565   3.34643   2.40373    -5.08847    -9.73325     4.64478
   3.54782   3.56003   1.52778    -3.67219   -13.39741     9.72523
   2.54761   4.04170   1.52778    -1.98230    -9.41869     7.43639
   3.90173   3.51896   0.49454    -3.13127   -17.60738    14.47611
   0.95930   4.10425   0.49454     2.68260    -3.51818     6.20079
   4.48702   1.60977  -0.53870   -13.47137   -32.65175    19.18038
   3.90173   1.60977  -1.41465    -7.92105   -37.98268    30.06162
  -1.62935  -2.71803   1.14750     4.98933    23.91055   -18.92122
  -3.21767   2.20838   0.11425     6.29518    13.94346    -7.64828
   3.06249   1.42982  -2.03668    -2.50314   -47.70476    45.20162
   2.48962   0.39763  -2.62197     2.89847   -29.87871    32.77717
   3.29066  -0.79413   3.04628   -26.63401   -21.20680    -5.42721
   4.38404  -0.79413   2.79672   -28.41175   -24.81464    -3.59710
   3.83735   0.15277   2.79672   -25.50763   -25.88561     0.37798
   2.19727  -0.79413   2.79672   -23.94576   -15.83688    -8.10888
   2.74396  -1.74103   2.79672   -23.58745    -9.91392   -13.67353
   3.83735  -1.74103   2.79672   -27.33682   -19.36838    -7.96844
   5.26087  -0.79413   2.09747   -29.18609   -26.54077    -2.64533
   4.94811   0.27105   2.09747   -26.73881   -28.50437     1.76556
   3.01027  -2.74429   2.09747   -20.24973    -5.91515   -14.33458
   4.10911  -2.58630   2.09747   -26.18221   -17.03388    -9.14833
   4.94811  -1.85931   2.09747   -29.04051   -22.86108    -6.17943
   5.74748  -0.79413   1.08703   -28.85351   -26.79596    -2.05755
   5.50417   0.27184   1.08703   -27.06448   -29.38604     2.32155
   4.82246  -2.71495   1.08703   -26.42317   -18.61251    -7.81066
   5.50417  -1.86010   1.08703   -28.81147   -23.27797    -5.53350
   5.74748  -0.79413  -0.03447   -27.04566   -25.76687    -1.27879
   5.50417   0.27184  -0.03447   -25.49383   -29.20557     3.71174
   4.82246   1.12669  -0.03447   -21.06236   -33.16132    12.09896
   4.82246  -2.71495  -0.03447   -23.17079   -16.32229    -6.84850
   5.50417  -1.86010  -0.03447   -26.63652   -21.68633    -4.95019
   5.26087  -0.79413  -1.04492   -22.94928   -23.05573     0.10645
   4.94811   0.27105  -1.04492   -21.10377   -27.76111     6.65733
   4.94811  -1.85931  -1.04492   -21.32717   -17.50855    -3.81862
   4.38404  -0.79413  -1.74416   -15.21397   -17.33494     2.12098
  -0.68444   0.55108   4.12587   -22.45919    -7.20396   -15.25523
   0.40895   0.55108   3.87631   -25.09222   -11.48402   -13.60820
  -0.13775   1.49799   3.87631   -23.27997   -10.07493   -13.20505
  -1.23113   1.49799   3.87631   -20.58733    -5.98347   -14.60386
  -1.23113  -0.39582   3.87631   -18.14004     0.23548   -18.37552
  -0.13775  -0.39582   3.87631   -22.99383    -7.24211   -15.75172
   1.28578   0.55108   3.17706   -26.11193   -14.53228   -11.57965
   0.13402   2.34326   3.17706   -19.87009    -8.44503   -11.42506
  -0.96483   2.50125   3.17706   -19.01668    -6.63660   -12.38007
  -1.97466   2.04007   3.17706   -16.30019    -1.20240   -15.09779
  -0.96483  -1.39908   3.17706   -15.10415     3.69298   -18.79714
   0.13402  -1.24109   3.17706   -20.06650    -3.11766   -16.94884
   0.97301  -0.51409   3.17706   -25.04077   -11.04681   -13.99396
  -1.23113   2.94630   2.16662   -13.46761    -3.24150   -10.22610
  -2.21624   2.47190   2.16662   -11.49660     2.58302   -14.07962
  -0.13775  -1.84414   2.16662    -9.44590     7.84828   -17.29418
   3.30236  -2.05643  -2.66993     1.38052    -2.69399     4.07451
   3.00540  -1.04510  -2.66993     3.37663    -8.73105    12.10768
   2.20883  -0.35486  -2.66993     8.17582   -18.33785    26.51368
  -0.36310  -2.58344  -2.66993    17.35189     4.07010    13.28180
   0.20675  -3.47014  -2.66993    11.78777     7.41885     4.36891
   1.16553  -3.90800  -2.66993     8.22790     6.29190     1.93600
   2.20883  -3.75800  -2.66993     5.45871     4.08740     1.37131
   3.00540  -3.06776  -2.66993     2.86395     1.26224     1.60171
   2.51174  -2.05643  -3.46055     7.17871    -3.00120    10.17990
   1.97174  -1.12112  -3.46055    10.52271    -9.06894    19.59164
   0.89174  -1.12112  -3.46055    16.46208   -12.31641    28.77849
   0.35174  -2.05643  -3.46055    16.32466    -3.91907    20.24373
   0.89174  -2.99173  -3.46055    11.63528     2.02820     9.60708
   1.97174  -2.99173  -3.46055     8.21347     1.02806     7.18541
   1.43174  -2.05643  -3.74993    11.78902    -3.24890    15.03792
   1.68406  -3.81165   1.64042    -3.18587     8.52681   -11.71268
   2.76406  -3.81165   1.64042    -7.62110     0.44188    -8.06298
   1.95784  -4.72792   0.84980     0.31752     5.99193    -5.67442
   3.00114  -4.57791   0.84980    -2.63993     0.90059    -3.54052
   3.79772  -3.88768   0.84980    -9.57579    -5.36844    -4.20735
   1.45811  -4.89598  -0.23020     3.43812     8.37015    -4.93203
   2.48442  -5.02059  -0.23020     1.73130     4.05429    -2.32299
   3.45107  -4.65399  -0.23020    -1.28702     0.08807    -1.37509
   4.13664  -3.88015  -0.23020    -7.29856    -4.85428    -2.44428
   4.09467  -2.87634  -1.31020    -9.05998    -5.22120    -3.83878
   1.95784  -4.72792  -1.31020     3.94641     6.32347    -2.37706
   3.00114  -4.57791  -1.31020     1.53175     2.57362    -1.04187
   3.79772  -3.88768  -1.31020    -2.50816    -1.09357    -1.41459
   0.56428  -2.25827   2.10445    -5.89169    11.89818   -17.78987
  -0.51572  -2.25827   1.81507    -1.72377    14.74540   -16.46917
   0.02428  -3.19357   1.81507     0.41165    16.00889   -15.59724
  -1.23056  -2.78528   1.02445     6.02974    23.50895   -17.47922
  -0.66071  -3.67198   1.02445     5.62813    19.01830   -13.39016
   0.29806  -4.10984   1.02445     3.14759    15.22941   -12.08182
  -1.05251  -3.69061  -0.05555     9.77283    21.87413   -12.10129
  -0.20167  -4.27790  -0.05555     6.88127    16.41710    -9.53583
  -0.66071  -3.67198  -1.13555    11.33282    17.97688    -6.64406
  -0.74458   3.52370   1.09265    -0.87161     2.19793    -3.06954
   0.57250   4.28997   0.30204     3.91001    -1.44290     5.35291
  -0.47080   4.43997   0.30204     4.30534     2.01232     2.29303
  -1.42957   4.00211   0.30204     4.13027     4.63906    -0.50879
  -1.99942   3.11541   0.30204     3.90248     7.53329    -3.63081
   1.02244   4.36604  -0.77796     5.42419    -7.93428    13.35847
   0.05578   4.73265  -0.77796     5.80133    -1.63309     7.43441
  -0.97053   4.60803  -0.77796     6.22301     2.37468     3.84833
  -1.82136   4.02074  -0.77796     6.73380     5.87550     0.85831
   0.57250   4.28997  -1.85796     6.38616    -7.36121    13.74737
  -0.47080   4.43997  -1.85796     6.83923    -1.02130     7.86052
   1.80997   3.66359  -2.20778     6.29580   -20.14456    26.44037
   2.45356   1.88594  -3.28778     6.01154   -25.93255    31.94409
   2.15661   2.89727  -3.28778     6.75890   -20.63539    27.39430
   1.36003   3.58751  -3.28778     7.23518   -14.04839    21.28357
   0.31673   3.73752  -3.28778     7.65938    -8.41879    16.07817
   1.36003   0.18437  -3.28778    12.43410   -23.22465    35.65875
   2.15661   0.87461  -3.28778     7.10843   -25.79258    32.90101
   1.66295   1.88594  -4.07839     8.61759   -17.22559    25.84318
   1.12295   2.82125  -4.07839     8.46197   -13.13048    21.59244
   0.04295   2.82125  -4.07839     9.10830    -8.93487    18.04317
   0.04295   0.95063  -4.07839    12.77986   -15.49222    28.27208
   1.12295   0.95063  -4.07839    10.73041   -17.46767    28.19808
   0.58294   1.88594  -4.36778     9.97175   -12.71960    22.69135
  -2.95231   2.19254  -0.86449    10.96949    13.74516    -2.77567
  -2.77425   3.09787  -1.94448    10.59048     7.60687     2.98361
  -3.25470   2.18245  -1.94448    14.21372    12.01140     2.20232
  -2.38246   3.07924  -3.02449    10.97891     3.44402     7.53489
  -2.95231   2.19254  -3.02449    14.03550     6.55570     7.47980
  -1.69747   2.60084  -3.81510    11.19289    -1.18909    12.38198
  -2.23747   1.66553  -3.81510    14.22313     0.61559    13.60754
  -1.69747   0.73022  -3.81510    16.98605    -5.77997    22.76602
  -1.15747   1.66553  -4.10449    12.50124    -6.32100    18.82225
  -4.32514   2.10344   2.00439     2.99071    14.67116   -11.68045
  -5.28391   1.66558   2.00439     5.65888    14.91637    -9.25749
  -5.85376   0.77888   2.00439     6.98230    16.08075    -9.09845
  -5.85376  -0.27515   2.00439     7.68134    18.27801   -10.59667
  -3.79856   2.39612   0.92439     4.30660    14.16617    -9.85957
  -4.82487   2.27150   0.92439     6.72753    14.48213    -7.75460
  -5.67570   1.68421   0.92439     8.16076    15.26958    -7.10881
  -6.15615   0.76879   0.92439     8.83031    16.62676    -7.79645
  -6.15615  -0.26506   0.92439     9.09261    18.85320    -9.76059
  -4.32514   2.10344  -0.15561     9.49234    15.89831    -6.40597
  -5.28391   1.66558  -0.15561    10.41791    16.70170    -6.28379
  -5.85376   0.77888  -0.15561    10.87788    18.34825    -7.47038
  -5.85376  -0.27515  -0.15561    11.13327    21.37554   -10.24227
  -2.76220  -0.09894   4.26223    -3.48393     9.17440   -12.65833
  -1.68220  -0.09894   3.97284   -14.07755     3.12533   -17.20287
  -2.22220   0.83637   3.97284   -10.62499     3.91309   -14.53808
  -3.30220   0.83637   3.97284    -1.98983    10.14655   -12.13638
  -3.84220  -0.09894   3.97284     1.60517    13.41477   -11.80960
  -3.30220  -1.03425   3.97284     0.61684    13.58391   -12.96707
  -2.22220  -1.03425   3.97284    -5.17570     9.76887   -14.94457
  -3.02842   1.75264   3.18223    -5.39658     9.32041   -14.71699
  -3.98719   1.31478   3.18223     0.88040    14.21125   -13.33086
  -1.98512  -1.80051   3.18223    -4.23506    12.99410   -17.22917
  -4.10250  -2.36724   3.09102     4.92030    17.45155   -12.53125
  -3.02250  -2.36724   3.09102     2.15424    17.07198   -14.91774
  -5.35734  -1.95895   2.30040     7.55710    18.84685   -11.28975
  -4.78749  -2.84565   2.30040     7.42720    18.33200   -10.90479
  -3.82872  -3.28351   2.30040     6.57253    18.40943   -11.83689
  -2.78542  -3.13350   2.30040     4.40574    18.62288   -14.21714
  -5.65973  -1.94885   1.22040     9.17482    20.75904   -11.58423
  -5.17928  -2.86428   1.22040     9.47226    20.34902   -10.87677
  -4.32845  -3.45157   1.22040     9.45406    20.83673   -11.38267
  -3.30214  -3.57618   1.22040     8.68473    22.14806   -13.46332
  -2.33548  -3.20958   1.22040     6.95218    23.85474   -16.90256
  -5.35734  -1.95895   0.14041    11.40373    24.52820   -13.12447
  -4.78749  -2.84565   0.14041    12.21510    24.73433   -12.51923
  -3.82872  -3.28351   0.14041    12.94489    27.43239   -14.48750
  -4.28046  -3.09170  -0.11212    13.41741    26.68468   -13.26727
  -3.32169  -3.52956  -0.11212    12.47865    27.33165   -14.85300
  -2.27839  -3.37956  -0.11212    11.51794    29.96757   -18.44964
  -5.15271  -2.19491  -1.19212    12.99760    23.80676   -10.80915
  -4.67226  -3.11033  -1.19212    12.99572    22.26134    -9.26562
  -3.82142  -3.69762  -1.19212    12.87712    21.86816    -8.99104
  -2.79511  -3.82224  -1.19212    12.67381    22.35229    -9.67848
  -1.82845  -3.45563  -1.19212    13.22037    23.42255   -10.20218
  -4.85031  -2.20500  -2.27212    13.43874    20.64758    -7.20883
  -4.28046  -3.09170  -2.27212    13.31763    19.22127    -5.90363
  -3.32169  -3.52956  -2.27212    13.37913    18.49571    -5.11658
  -2.27839  -3.37956  -2.27212    13.97526    17.71501    -3.73975
  -3.59547  -2.61329  -3.06273    14.35804    16.71322    -2.35517
  -1.04604  -2.35616  -3.02014    17.85892     3.28137    14.57755
  -0.74313  -0.65459  -3.81075    19.15284   -14.97336    34.12621
  -1.28313   0.28072  -3.81075    18.22037   -11.78516    30.00552
  -2.36313   0.28072  -3.81075    17.21321     1.28689    15.92632
  -2.36313  -1.58990  -3.81075    16.56060     6.33944    10.22116
  -1.28313  -1.58990  -3.81075    17.64619    -2.57218    20.21837
  -1.82313  -0.65459  -4.10014    17.12160    -2.28493    19.40653
  -4.18716   2.03619  -1.57199    12.64306    14.66437    -2.02131
  -5.03800   1.44890  -1.57199    12.80621    16.66538    -3.85917
  -5.51845   0.53348  -1.57199    12.89909    18.94156    -6.04248
  -5.51845  -0.50037  -1.57199    12.93674    21.82138    -8.88464
  -3.68743   1.86813  -2.65199    14.30094    11.46288     2.83806
  -4.64621   1.43027  -2.65199    13.37976    13.76550    -0.38574
  -5.21606   0.54357  -2.65199    13.19966    15.92037    -2.72070
  -5.21606  -0.51046  -2.65199    13.33018    18.27455    -4.94436
  -2.88121   0.95186  -3.44260    16.63339     6.69015     9.94325
  -3.96121   0.95186  -3.44260    14.31914    11.34282     2.97632
  -4.50121   0.01655  -3.44260    13.99158    14.15468    -0.16310
  -3.42121   0.01655  -3.73199    15.67581    10.28453     5.39128
   4.13628   3.37705  -0.25743    -3.12562   -20.48939    17.36377
   3.45071   4.15089  -0.25743    -0.11483   -16.05238    15.93755
   2.48405   4.51750  -0.25743     1.82731   -12.73983    14.56713
   1.45774   4.39288  -0.25743     3.62638    -9.14577    12.77214
   4.09431   2.37325  -1.33743    -4.65549   -30.23994    25.58445
   3.79735   3.38458  -1.33743    -0.47377   -22.98789    22.51412
   3.00077   4.07482  -1.33743     2.41215   -18.59372    21.00587
   1.95747   4.22482  -1.33743     4.60278   -15.71788    20.32067
   3.30369   2.37325  -2.12805     0.36333   -34.55151    34.91484
   2.76369   3.30856  -2.12805     3.89809   -26.08025    29.97834
   2.91315   1.32925   3.16364   -14.48731   -15.17670     0.68939
   3.99315   1.32925   2.87425   -14.03488   -18.59284     4.55796
   3.45315   2.26455   2.87425    -9.07692   -13.62296     4.54604
   3.45315   0.39394   2.87425   -22.42029   -23.56162     1.14133
   4.78376   1.32925   2.08364   -15.65762   -22.67429     7.01667
   4.48681   2.34058   2.08364    -8.61006   -17.22904     8.61899
   3.69023   3.03082   2.08364    -5.53463   -13.76833     8.23370
   5.07315   1.32925   1.00364   -17.85453   -27.11134     9.25681
   4.82573   2.33305   1.00364    -9.20933   -21.08416    11.87483
   4.78376   1.32925  -0.07636   -18.14193   -31.87413    13.73220
   1.27726   2.00567   3.37880   -15.80069    -8.74207    -7.05862
   1.81726   2.94098   3.08941    -8.29944    -7.05813    -1.24131
   0.73726   2.94098   3.08941   -10.91427    -5.51865    -5.39562
   2.05434   3.70724   2.29880    -3.87738    -6.90004     3.02266
   1.01105   3.85724   2.29880    -3.93762    -3.84109    -0.09653
   0.05227   3.41938   2.29880    -7.70519    -2.85352    -4.85167
   0.51132   4.02530   1.21880     0.12738    -0.97984     1.10723
  -0.33952   3.43801   1.21880    -1.68549     1.65785    -3.34334
   1.11315  -0.40132  -3.25376    15.41540   -19.86165    35.27705
   0.03315  -0.40132  -3.54315    18.91627   -23.33133    42.24761
   1.66284  -1.66145   2.83606   -16.64783     0.48840   -17.13623
   4.10423  -0.77286  -2.28115    -7.63303   -13.81843     6.18541
   3.79811   0.26969  -2.28115    -6.12387   -22.41680    16.29293
   3.20193  -0.77286  -2.80209     1.44829   -11.71047    13.15876
  -2.73383   2.58675   0.97441     0.05961     9.53680    -9.47718
   1.03427  -2.95344   2.31996    -5.88102    10.99012   -16.87114
   2.06033  -2.95344   2.31996   -10.86909     7.58333   -18.45242
   1.27286  -3.97358   1.79902    -2.29794     9.45396   -11.75190
   0.73878  -4.90648   0.02183     3.69917    10.63323    -6.93406
  -0.23314  -4.42252  -1.02006     7.76543    13.77638    -6.01095
   0.73878  -4.90648  -1.02006     5.11922     9.70576    -4.58654
   4.14538  -2.06484  -1.99911    -7.89344    -7.31448    -0.57896
  -0.55459  -3.59195  -1.99911    11.95343    12.65727    -0.70384
   0.24826  -4.31484  -1.99911     8.12562     9.85509    -1.72947
   1.27573  -4.64869  -1.99911     5.49761     7.06900    -1.57139
   2.35015  -4.53576  -1.99911     3.36910     4.33794    -0.96884
   3.92076  -3.12158  -1.99911    -3.52849    -2.31798    -1.21051
  -2.69713   3.27800  -0.92437     7.92231     8.78836    -0.86605
   1.13167   4.36739  -1.96626     5.52710   -10.73951    16.26661
   0.08737   4.66452  -1.96626     5.92369    -4.05334     9.97703
  -0.99375   4.56434  -1.96626     6.51104     0.43588     6.07516
  -1.96567   4.08038  -1.96626     7.51631     3.76384     3.75247
   0.61762   4.19361  -2.94532     6.39620    -8.55665    14.95286
  -0.45680   4.30654  -2.94532     6.69615    -3.39538    10.09153
  -1.48427   3.97270  -2.94532     7.82755     0.30835     7.51921
  -0.45967   3.63143  -3.74345     7.73656    -4.99006    12.72663
   0.61584  -0.03140  -3.74345    14.63854   -19.76120    34.39974
  -0.69826   2.61129  -4.26439     9.40574    -5.90840    15.31414
  -0.69826   0.83410  -4.26439    13.39607   -11.03925    24.43533
  -3.71587  -1.28595   3.97174     1.60580    13.81891   -12.21311
  -4.46564   1.06001   3.45079     1.89759    13.26053   -11.36294
  -5.05308   0.14593   3.45079     3.81338    14.43014   -10.61676
  -5.05308  -0.94064   3.45079     4.45030    15.26394   -10.81364
  -4.46564  -1.85471   3.45079     4.16604    15.83223   -11.66619
  -2.40176  -2.15145   3.45079    -1.48155    13.24682   -14.72837
  -3.47441   2.18649   2.65266    -2.33371    11.26914   -13.60284
  -5.74414   0.14282   2.65266     5.79882    15.72673    -9.92791
  -5.74414  -0.93752   2.65266     6.16779    16.52877   -10.36098
  -1.46438  -2.32810   2.65266    -3.62575    12.71526   -16.34101
  -2.93023   2.54447   1.67361    -2.89031     9.75707   -12.64738
  -6.10695  -0.94023   1.67361     7.65562    17.96587   -10.31025
  -5.74414  -0.93752  -0.34734    11.16653    22.66655   -11.50002
  -5.53909  -1.20713  -0.69438    11.96284    24.01458   -12.05174
  -5.53909  -1.20713  -1.73627    12.20631    21.03963    -8.83332
  -1.31807  -3.30895  -1.73627    13.78387    17.81583    -4.03196
  -5.17627  -1.20443  -2.71533    12.66942    18.07875    -5.40934
  -1.83212  -3.13518  -2.71533    14.17481    13.05057     1.12424
  -4.48522  -1.20754  -3.51346    13.15385    14.63402    -1.48016
  -3.89778  -2.12162  -3.51346    13.36846    14.22163    -0.85317
  -2.90940  -2.57299  -3.51346    13.88741    12.12773     1.75968
  -3.14800   0.22433  -4.03440    14.61281     6.67736     7.93545
  -3.66103  -0.66426  -4.03440    13.88302    10.12003     3.76299
  -3.14800  -1.55285  -4.03440    14.10892     9.31067     4.79825
  -2.63497  -0.66426  -4.21533    15.14118     4.35176    10.78941
   1.99254   1.60977   3.49454   -15.08031   -10.76478    -4.31553
   2.50557   2.49837   3.31362    -9.67557    -9.60190    -0.07367
   2.50557   0.72118   3.31362   -18.30257   -15.45895    -2.84362
   2.79361   3.36387   2.79267    -5.95193    -9.07271     3.12078
   3.73099   3.54052   1.99454    -4.73393   -12.25277     7.51884
   2.79539   4.08069   1.99454    -3.22854    -9.01312     5.78459
   4.17589   3.60015   1.01549    -4.14658   -15.18276    11.03618
   3.30944   4.25446   1.01549    -1.94340   -11.90237     9.95897
   2.26514   4.55159   1.01549    -0.57668    -8.59605     8.01937
   1.18402   4.45141   1.01549     0.38341    -4.53355     4.91696
   4.74746   2.67703  -0.02640    -7.24271   -22.19672    14.95400
   4.59062   1.60977  -1.00546   -11.26003   -29.91237    18.65234
   3.92090   1.60977  -1.80359    -5.92369   -33.83453    27.91084
  -1.38158  -2.75701   1.61425     2.46486    19.24394   -16.77908
  -2.99294   2.55554   0.63520     2.88843    11.22512    -8.33669
  -1.91183  -3.22792   0.63520     8.19590    26.28678   -18.09088
  -2.99294   2.55554  -0.40669     7.88340    12.00865    -4.12525
   3.07862   1.44019  -2.42563    -0.42671   -37.80117    37.37446
   2.48243   0.39763  -2.94657     4.35178   -25.59518    29.94696
   3.29066  -0.79413   3.32628   -23.08796   -17.71719    -5.37077
   4.36217  -0.79413   3.11314   -24.19426   -20.74546    -3.44880
   3.82641   0.13383   3.11314   -22.25588   -21.65858    -0.59730
   2.75490   0.13383   3.11314   -21.96409   -19.35187    -2.61222
   2.21914  -0.79413   3.11314   -22.07641   -13.62131    -8.45511
   2.75490  -1.72209   3.11314   -20.95631    -9.56896   -11.38735
   3.82641  -1.72209   3.11314   -23.33959   -16.20487    -7.13472
   5.27056  -0.79413   2.50618   -24.83934   -22.48470    -2.35463
   5.00530   0.19582   2.50618   -23.13188   -24.00033     0.86845
   2.30071  -2.50877   2.50618   -15.59298     5.86995   -21.46293
   3.29066  -2.77403   2.50618   -19.34424    -8.09901   -11.24522
   4.28061  -2.50877   2.50618   -22.89531   -15.29283    -7.60248
   5.00530  -1.78408   2.50618   -24.73705   -19.66171    -5.07535
   5.87752  -0.79413   1.59779   -24.79980   -23.15462    -1.64518
   5.65387   0.25804   1.59779   -23.31386   -25.09419     1.78033
   4.09004  -3.25438   1.59779   -19.04680   -11.46761    -7.57918
   5.02161  -2.71654   1.59779   -23.11870   -16.71360    -6.40510
   5.65387  -1.84630   1.59779   -24.77282   -20.41265    -4.36017
   6.09066  -0.79413   0.52628   -23.85791   -22.92204    -0.93588
   5.90158   0.21735   0.52628   -22.71459   -25.26807     2.55348
   5.35988   1.09222   0.52628   -19.72137   -27.40181     7.68044
   4.53873  -3.30059   0.52628   -17.70769   -11.92895    -5.77874
   5.35988  -2.68048   0.52628   -22.07076   -16.57916    -5.49160
   5.90158  -1.80561   0.52628   -23.73931   -20.10297    -3.63634
   5.87752  -0.79413  -0.54523   -21.65473   -21.77088     0.11615
   5.65387   0.25804  -0.54523   -20.49509   -24.96963     4.47454
   5.02161   1.12828  -0.54523   -17.40398   -29.06974    11.66576
   5.02161  -2.71654  -0.54523   -18.14946   -13.54605    -4.60341
   5.65387  -1.84630  -0.54523   -21.10063   -18.20162    -2.89901
   5.27056  -0.79413  -1.45362   -17.62360   -19.36428     1.74068
   5.00530   0.19582  -1.45362   -16.36482   -23.50660     7.14178
   4.28061   0.92051  -1.45362   -12.76354   -30.84122    18.07768
   5.00530  -1.78408  -1.45362   -16.24873   -14.76987    -1.47887
   4.36217  -0.79413  -2.06058   -10.98330   -15.26689     4.28359
  -0.68444   0.55108   4.40587   -18.71108    -5.22879   -13.48229
   0.38707   0.55108   4.19273   -21.16903    -9.10416   -12.06487
  -0.14868   1.47904   4.19273   -19.61406    -7.95787   -11.65620
  -1.22020   1.47904   4.19273   -17.14544    -4.21941   -12.92603
  -1.75595   0.55108   4.19273   -13.88930     0.94422   -14.83352
  -1.22020  -0.37687   4.19273   -15.34951     0.38575   -15.73526
  -0.14868  -0.37687   4.19273   -19.39004    -5.39746   -13.99259
   1.29546   0.55108   3.58577   -22.61105   -12.34823   -10.26282
   1.03020   1.54103   3.58577   -19.99936   -10.25731    -9.74205
   0.30551   2.26573   3.58577   -17.76605    -7.92689    -9.83916
  -0.68444   2.53098   3.58577   -16.62586    -5.95276   -10.67311
  -1.67439   2.26573   3.58577   -14.83181    -2.43623   -12.39559
  -0.68444  -1.42881   3.58577   -14.47664     1.78549   -16.26214
   0.30551  -1.16356   3.58577   -18.52345    -3.70376   -14.81969
   1.03020  -0.43887   3.58577   -22.12410    -9.72558   -12.39852
  -0.95484   3.12378   2.67738   -12.65185    -3.58451    -9.06734
  -1.97787   2.79137   2.67738   -11.37737     0.10089   -11.47826
  -0.95484  -2.02161   2.67738    -8.11244     8.77951   -16.89196
   0.11494  -1.90917   2.67738   -11.84989     4.91946   -16.76935
  -1.45070   3.24420   1.60587    -6.52735     0.56992    -7.09727
  -2.37182   2.78553   1.60587    -5.36081     5.11377   -10.47458
   3.30814  -2.05643  -3.08631     2.13416    -3.90257     6.03673
   3.01027  -1.04197  -3.08631     3.66340    -9.35770    13.02110
   2.21123  -0.34960  -3.08631     8.03400   -16.87505    24.90905
  -0.36865  -2.58507  -3.08631    16.06236     2.08479    13.97757
   0.20297  -3.47451  -3.08631    11.21108     5.37381     5.83727
   1.16470  -3.91372  -3.08631     7.94490     4.61204     3.33286
   2.21123  -3.76326  -3.08631     5.42921     2.64385     2.78536
   3.01027  -3.07088  -3.08631     3.25803    -0.09355     3.35158
   2.47307  -2.05643  -3.75226     6.75200    -3.66751    10.41951
   1.95240  -1.15462  -3.75226     9.58458    -8.75421    18.33879
   0.91108  -1.15462  -3.75226    14.43146   -10.80629    25.23776
   0.39042  -2.05643  -3.75226    14.50551    -3.95217    18.45768
   0.91108  -2.95824  -3.75226    10.64570     0.91612     9.72958
   1.95240  -2.95824  -3.75226     7.63993     0.00356     7.63637
   1.43174  -2.05643  -3.98993    10.58922    -3.64013    14.22936
   2.74472  -3.77816   1.93213    -8.72113     0.29622    -9.01735
   1.95702  -4.73364   1.26618    -1.22239     5.36890    -6.59129
   3.00354  -4.58317   1.26618    -4.30785     0.47560    -4.78345
   3.80258  -3.89080   1.26618   -10.97640    -5.63486    -5.34153
   1.70340  -5.15751   0.30385     1.64909     6.49444    -4.84535
   2.74472  -5.15751   0.30385    -0.31877     2.60836    -2.92713
   3.68291  -4.70569   0.30385    -3.70670    -1.31786    -2.38883
   4.33217  -3.89156   0.30385   -10.14495    -6.61030    -3.53464
   1.70340  -5.15751  -0.76425     3.20155     6.50567    -3.30411
   2.74472  -5.15751  -0.76425     1.28012     3.03529    -1.75517
   3.68291  -4.70569  -0.76425    -1.59136    -0.31138    -1.27999
   4.33217  -3.89156  -0.76425    -6.49284    -4.38768    -2.10516
   3.00354  -4.58317  -1.72657     1.45708     2.34980    -0.89272
   3.80258  -3.89080  -1.72657    -1.91704    -0.86139    -1.05565
   0.56428  -2.25827   2.34445    -7.70770     9.56257   -17.27026
  -0.47704  -2.25827   2.10678    -4.40637    12.03500   -16.44137
   0.04362  -3.16008   2.10678    -1.45770    13.51930   -14.97701
  -0.66450  -3.67635   1.44083     3.50527    16.85880   -13.35353
   0.29724  -4.11556   1.44083     1.53363    13.50280   -11.96917
  -1.54383  -3.27348   0.47850     8.62575    25.32814   -16.70239
  -0.89458  -4.08762   0.47850     6.76330    18.16834   -11.40505
   0.04362  -4.53943   0.47850     4.47665    14.04629    -9.56964
  -0.89458  -4.08762  -0.58960     9.18486    17.95962    -8.77476
  -0.72524   3.49020   1.38436    -3.54417     0.73969    -4.28386
   0.57490   4.29522   0.71842     2.10843    -1.38490     3.49333
  -0.47162   4.44569   0.71842     2.30045     1.40412     0.89633
  -1.43336   4.00648   0.71842     1.88880     3.60215    -1.71334
  -2.00497   3.11703   0.71842     0.87663     5.91389    -5.03726
   0.31608   4.86956  -0.24391     4.21435    -2.23782     6.45217
  -0.72524   4.86956  -0.24391     4.58898     1.24069     3.34829
  -1.66344   4.41774  -0.24391     4.91905     4.15609     0.76296
  -2.31269   3.60361  -0.24391     5.58923     7.36873    -1.77950
   1.25428   4.41774  -1.31201     5.16252   -10.58418    15.74670
   0.31608   4.86956  -1.31201     5.28928    -3.96660     9.25587
  -0.72524   4.86956  -1.31201     5.76367     0.22701     5.53666
  -1.66344   4.41774  -1.31201     6.48155     3.60920     2.87234
   2.92277   1.88594  -2.74183     2.51129   -32.47745    34.98874
   2.69106   2.90115  -2.74183     4.41265   -25.63595    30.04860
   2.04180   3.71529  -2.74183     5.51016   -17.79669    23.30685
   1.10361   4.16710  -2.74183     6.05735   -11.18352    17.24087
   2.45934   1.88594  -3.70416     5.73857   -20.86333    26.60190
   2.16147   2.90040  -3.70416     6.13704   -17.28746    23.42451
   1.36243   3.59277  -3.70416     6.65850   -12.40535    19.06385
   0.31591   3.74324  -3.70416     7.26217    -7.99177    15.25394
   1.36243   0.17911  -3.70416    11.27823   -19.11523    30.39346
   2.16147   0.87149  -3.70416     7.02685   -20.75519    27.78204
   1.62427   1.88594  -4.37011     7.82191   -14.99137    22.81328
   1.10361   2.78775  -4.37011     7.70833   -11.82013    19.52845
   0.06228   2.78775  -4.37011     8.56048    -8.42579    16.98628
   0.06228   0.98413  -4.37011    11.69364   -13.09136    24.78500
   1.10361   0.98413  -4.37011     9.77283   -15.07448    24.84731
   0.58294   1.88594  -4.60778     9.16980   -11.46133    20.63113
  -2.61633   3.49488  -1.41044     8.36658     7.36060     1.00598
  -3.26558   2.68074  -1.41044    10.76116    10.90335    -0.14219
  -2.61633   3.49488  -2.47854     9.36244     4.82852     4.53392
  -3.26558   2.68074  -2.47854    11.83420     8.01897     3.81523
  -2.38625   3.08361  -3.44086    10.25476     2.27870     7.97606
  -2.95786   2.19417  -3.44086    12.79304     4.99218     7.80086
  -1.67813   2.56734  -4.10681    10.47753    -1.68619    12.16371
  -2.19879   1.66553  -4.10681    12.93799    -0.05372    12.99172
  -1.67813   0.76372  -4.10681    15.18949    -4.92177    20.11126
  -1.15747   1.66553  -4.34449    11.70995    -5.82692    17.53687
  -4.32596   2.10916   2.42077     1.81601    13.22122   -11.40521
  -5.28770   1.66995   2.42077     4.33986    13.61540    -9.27555
  -5.85931   0.78051   2.42077     5.68022    14.71523    -9.03502
  -4.57958   2.53303   1.45844     4.18863    12.72491    -8.53628
  -5.51778   2.08122   1.45844     5.93185    13.32440    -7.39255
  -6.16703   1.26708   1.45844     6.91704    14.29752    -7.38049
  -6.39875   0.25186   1.45844     7.45168    15.78563    -8.33396
  -6.16703  -0.76335   1.45844     7.95557    18.12674   -10.17117
  -3.53826   2.53303   0.39034     5.31061    12.85581    -7.54520
  -4.57958   2.53303   0.39034     6.84801    13.30876    -6.46075
  -5.51778   2.08122   0.39034     7.92733    14.01609    -6.08877
  -6.16703   1.26708   0.39034     8.57554    15.11887    -6.54333
  -6.39875   0.25186   0.39034     8.93762    16.80950    -7.87188
  -6.16703  -0.76335   0.39034     9.37060    19.49626   -10.12566
  -4.32596   2.10916  -0.57198    10.30559    15.51615    -5.21057
  -5.28770   1.66995  -0.57198    10.60115    16.22899    -5.62785
  -5.85931   0.78051  -0.57198    10.88854    17.86590    -6.97735
  -5.85931  -0.27678  -0.57198    11.32090    20.92462    -9.60372
  -2.76220  -0.09894   4.50223    -3.96963     7.94219   -11.91181
  -1.72088  -0.09894   4.26455   -11.96535     3.00336   -14.96871
  -2.24154   0.80287   4.26455    -9.44967     3.70925   -13.15892
  -3.28286   0.80287   4.26455    -2.65311     8.65492   -11.30803
  -3.80352  -0.09894   4.26455     0.45620    11.50532   -11.04912
  -3.28286  -1.00075   4.26455    -0.37964    11.60265   -11.98229
  -2.24154  -1.00075   4.26455    -5.29242     8.28917   -13.58158
  -3.02924   1.75836   3.59860    -5.37085     7.33945   -12.71031
  -3.99098   1.31915   3.59860     0.00188    11.66390   -11.66201
  -1.98272  -1.80577   3.59860    -4.61847    10.74307   -15.36154
  -4.08316  -2.33374   3.38273     3.81087    15.70926   -11.89839
  -5.36289  -1.96057   2.71678     6.24309    16.86166   -10.61857
  -4.79128  -2.85002   2.71678     5.92620    16.36066   -10.43446
  -3.82954  -3.28923   2.71678     4.98870    16.26669   -11.27799
  -2.78302  -3.13876   2.71678     2.90474    16.18629   -13.28155
  -5.67061  -2.44714   1.75445     7.71084    17.83700   -10.12617
  -5.02136  -3.26128   1.75445     7.67130    17.67571   -10.00440
  -4.08316  -3.71309   1.75445     7.24209    18.01264   -10.77056
  -3.04184  -3.71309   1.75445     6.16214    18.72521   -12.56307
  -2.10364  -3.26128   1.75445     4.23757    19.42298   -15.18541
  -5.67061  -2.44714   0.68636     9.36495    20.02420   -10.65925
  -5.02136  -3.26128   0.68636     9.62349    20.14643   -10.52294
  -4.08316  -3.71309   0.68636     9.66553    21.21035   -11.54482
  -3.04184  -3.71309   0.68636     9.24384    23.39709   -14.15324
  -2.10364  -3.26128   0.68636     8.30948    26.42987   -18.12039
  -5.36289  -1.96057  -0.27597    11.78149    24.40686   -12.62536
  -2.27599  -3.38482   0.30426     9.93850    28.15254   -18.21404
  -5.16358  -2.69320  -0.65807    11.86746    22.50718   -10.63972
  -4.51433  -3.50734  -0.65807    11.66415    21.55298    -9.88883
  -3.57613  -3.95915  -0.65807    11.30082    21.56087   -10.26005
  -2.53481  -3.95915  -0.65807    11.04040    22.46023   -11.41983
  -1.59661  -3.50734  -0.65807    11.84361    24.37695   -12.53333
  -5.16358  -2.69320  -1.72617    11.88001    19.65382    -7.77381
  -4.51433  -3.50734  -1.72617    11.76643    18.71123    -6.94480
  -3.57613  -3.95915  -1.72617    11.69113    18.34584    -6.65471
  -2.53481  -3.95915  -1.72617    11.85365    18.33836    -6.48470
  -1.59661  -3.50734  -1.72617    13.07040    18.33562    -5.26522
  -4.85586  -2.20663  -2.68849    12.58533    17.94529    -5.35996
  -4.28425  -3.09607  -2.68849    12.27660    16.71457    -4.43797
  -3.32251  -3.53528  -2.68849    12.38704    15.83229    -3.44525
  -2.27599  -3.38482  -2.68849    13.25112    14.57964    -1.32853
  -3.57613  -2.57980  -3.35444    13.44816    14.49302    -1.04486
  -1.04364  -2.36142  -3.43651    16.13264     1.99982    14.13283
  -0.24460  -1.66904  -3.43651    18.88615    -8.83772    27.72387
  -0.78181  -0.65459  -4.10246    16.83545   -11.06366    27.89911
  -1.30247   0.24722  -4.10246    16.28199    -8.97969    25.26168
  -2.34379   0.24722  -4.10246    15.65071     0.79505    14.85567
  -2.34379  -1.55640  -4.10246    15.09788     4.96005    10.13783
  -1.30247  -1.55640  -4.10246    15.84712    -2.06129    17.90842
  -1.82313  -0.65459  -4.34014    15.49823    -1.78033    17.27856
  -3.94187   2.29772  -1.03794    10.78187    13.93807    -3.15620
  -4.88007   1.84590  -1.03794    11.33345    15.77473    -4.44128
  -5.52933   1.03177  -1.03794    11.83169    17.86656    -6.03486
  -5.76104   0.01655  -1.03794    11.94025    20.28663    -8.34638
  -3.94187   2.29772  -2.10604    12.15737    11.61428     0.54309
  -4.88007   1.84590  -2.10604    11.70933    13.33301    -1.62368
  -5.52933   1.03177  -2.10604    11.71497    15.12495    -3.40998
  -5.76104   0.01655  -2.10604    11.79153    17.10249    -5.31096
  -5.52933  -0.99866  -2.10604    12.24585    19.55663    -7.31078
  -3.68825   1.87385  -3.06836    13.31324     9.43027     3.88297
  -4.64999   1.43464  -3.06836    12.31111    11.73404     0.57707
  -5.22160   0.54520  -3.06836    12.12599    13.68658    -1.56058
  -5.22160  -0.51209  -3.06836    12.38955    15.60413    -3.21458
  -3.94187   0.91836  -3.73431    13.26492     9.63779     3.62714
  -4.46254   0.01655  -3.73431    12.97690    12.13899     0.83791
   3.68255   4.20260   0.27662    -1.52234   -14.36868    12.84634
   2.74435   4.65441   0.27662     0.23343   -11.26316    11.49659
   1.70303   4.65441   0.27662     1.61458    -8.04236     9.65695
   4.33180   3.38846  -0.79148    -2.89533   -20.34393    17.44860
   3.68255   4.20260  -0.79148    -0.13115   -16.39000    16.25885
   2.74435   4.65441  -0.79148     1.80472   -13.45775    15.26247
   1.70303   4.65441  -0.79148     3.55484   -10.64729    14.20213
   4.10009   2.37325  -1.75381    -3.51217   -28.12427    24.61210
   3.80221   3.38771  -1.75381    -0.14244   -22.07680    21.93435
   3.00317   4.08008  -1.75381     2.42783   -18.21743    20.64526
   1.95665   4.23055  -1.75381     4.60968   -15.69347    20.30315
   3.26501   2.37325  -2.41976     1.05735   -31.10992    32.16728
   2.74435   3.27506  -2.41976     3.92758   -24.41491    28.34249
   2.91315   1.32925   3.40364   -14.29216   -13.99599    -0.29616
   3.95447   1.32925   3.16596   -13.76003   -16.68662     2.92659
   3.43381   2.23106   3.16596    -9.67557   -12.70908     3.03352
   3.43381   0.42744   3.16596   -20.05646   -19.98861    -0.06785
   4.78954   1.32925   2.50001   -14.80169   -19.89184     5.09015
   4.49167   2.34370   2.50001    -9.02610   -15.48150     6.45541
   5.25297   1.32925   1.53769   -16.48656   -23.36092     6.87436
   5.02126   2.34446   1.53769    -9.45092   -18.41528     8.96436
   4.37200   3.15860   1.53769    -5.75301   -15.45447     9.70146
   5.25297   1.32925   0.46959   -17.57215   -26.89014     9.31799
   5.02126   2.34446   0.46959    -9.50928   -21.77983    12.27055
   1.27726   2.00567   3.61880   -15.33508    -8.58643    -6.74864
   1.79792   2.90748   3.38113    -9.02798    -7.12605    -1.90193
   0.75660   2.90748   3.38113   -11.39243    -5.84623    -5.54621
   2.05675   3.71250   2.71518    -5.03451    -6.70744     1.67293
   1.01022   3.86296   2.71518    -5.28614    -4.24770    -1.03844
   0.04849   3.42375   2.71518    -9.03488    -3.66197    -5.37291
   0.75660   4.28683   1.75285    -1.80660    -2.89676     1.09016
  -0.18160   3.83502   1.75285    -3.58120    -0.79746    -2.78374
   1.07447  -0.40132  -3.54547    14.14030   -17.78321    31.92351
   0.03315  -0.40132  -3.78315    17.07202   -19.03710    36.10912
