 1102     6       482219.9872246188     7896.4503889475
   1.12587  -0.77286   1.83564   -17.08395    -5.00370   -12.08025
   1.65087  -1.68218   1.83564    -9.88767    13.37109   -23.25876
   3.22587  -0.77286  -1.80167    -1.46021   -11.39410     9.93388
   2.70087   0.13647  -1.80167    -2.77171   -33.58260    30.81089
  -1.21222  -1.57107   1.50346    -2.37387    12.48903   -14.86290
  -0.19790  -1.42524   1.50346    -4.56450    12.27716   -16.84167
  -1.69807   2.19260   0.45346     4.65926    13.65294    -8.99368
   1.54730  -2.06484   1.60089    -4.39947    18.12066   -22.52013
   0.80263  -4.02838  -0.49911     6.69741    15.77451    -9.07710
   3.36595  -2.06484  -1.54911    -4.36998     2.34634    -6.71632
  -0.19769  -2.57722  -1.54911    17.82441    15.08348     2.74093
   0.35633  -3.43929  -1.54911    11.39997    14.67790    -3.27794
   1.28848  -3.86498  -1.54911     7.50941    11.85826    -4.34886
  -1.93022   2.23507  -0.39532    11.16339    14.33911    -3.17572
  -0.44405   3.52284  -2.49532     9.01794    -2.33911    11.35705
  -0.71023   2.63202  -3.26397    11.28952    -3.73389    15.02341
  -4.25283  -0.39735   2.97131     7.39332    19.93305   -12.53974
  -3.72784  -1.30668   2.97131     5.99209    21.16579   -15.17370
  -4.94782  -0.90973   2.20266     9.99497    22.75898   -12.76401
  -1.67289  -1.38059   2.20266    -6.52547    12.64203   -19.16751
  -2.94971   1.68734   1.15266     0.61245    16.78442   -16.17197
  -2.00990  -2.12562   1.15266     3.96649    25.15045   -21.18397
  -4.67394  -1.16682  -1.21533    16.27007    32.34872   -16.07865
  -1.44203  -2.39253  -1.21533    18.21848    31.39953   -13.18105
  -4.37995  -1.17663  -2.26533    17.72463    27.93894   -10.21431
  -1.87947  -2.31856  -2.26533    19.58834    26.11254    -6.52420
  -3.15997  -1.57359  -3.03398    19.74270    23.63649    -3.89379
   2.51754   2.51910   2.31319    -6.54618   -11.15089     4.60471
   1.46754   0.70044   2.31319   -26.90698   -17.24970    -9.65728
   2.74804   3.26408   1.54454    -1.88065   -12.59620    10.71555
   1.24787   3.57330   0.49454     2.74661    -7.09702     9.84363
   3.81119   1.60977  -0.55546   -11.84487   -44.09418    32.24931
  -1.42893  -1.94040   1.16425     1.24247    20.42197   -19.17950
  -2.92910   1.67744   0.11425     5.37650    14.26652    -8.89002
  -1.93130  -2.37078   0.11425     9.13152    37.26607   -28.13456
   2.50637   0.39763  -1.94615    -3.49837   -43.05611    39.55775
   3.29066  -0.79413   2.48628   -37.80494   -32.86360    -4.94134
   4.27066  -0.79413   2.22369   -41.24620   -36.76485    -4.48135
   3.78066   0.05457   2.22369   -36.87246   -37.79063     0.91817
   2.80066   0.05457   2.22369   -31.07678   -34.24454     3.16776
   2.31066  -0.79413   2.22369   -28.82339   -25.90453    -2.91886
   2.80066  -1.64284   2.22369   -32.71458   -19.07416   -13.64042
   3.78066  -1.64284   2.22369   -39.97549   -30.53187    -9.44362
   4.98807  -0.79413   1.50628   -42.17240   -37.85346    -4.31894
   4.66389   0.20358   1.50628   -39.09698   -40.55878     1.46180
   2.76613  -2.40846   1.50628   -24.85314    -9.76408   -15.08906
   3.81519  -2.40846   1.50628   -37.91412   -24.79678   -13.11734
   4.66389  -1.79184   1.50628   -42.48867   -32.53704    -9.95163
   5.25066  -0.79413   0.52628   -41.22047   -36.89753    -4.32294
   4.98807   0.18587   0.52628   -39.10765   -41.05752     1.94987
   4.27066  -2.49154   0.52628   -37.27846   -23.65525   -13.62321
   4.98807  -1.77413   0.52628   -41.61078   -31.01802   -10.59276
   4.98807  -0.79413  -0.45372   -37.32552   -34.02668    -3.29884
   4.66389   0.20358  -0.45372   -34.52432   -39.73122     5.20690
   3.81519   0.82020  -0.45372   -24.40886   -49.39422    24.98535
   4.66389  -1.79184  -0.45372   -36.04979   -26.25840    -9.79140
   4.27066  -0.79413  -1.17113   -27.46170   -26.29774    -1.16396
   3.78066   0.05457  -1.17113   -20.97827   -23.95124     2.97297
   3.78066  -1.64284  -1.17113   -19.19175   -13.64711    -5.54464
  -0.68444   0.55108   3.56587   -34.37058   -15.92700   -18.44358
   0.29556   0.55108   3.30328   -36.83355   -19.32860   -17.50495
  -0.19444   1.39979   3.30328   -34.77909   -18.68297   -16.09611
  -1.17444   1.39979   3.30328   -32.19877   -15.18436   -17.01441
  -1.66444   0.55108   3.30328   -26.32277    -5.62645   -20.69632
  -1.17444  -0.29762   3.30328   -28.90372    -3.95987   -24.94385
  -0.19444  -0.29762   3.30328   -34.27457   -13.80593   -20.46863
   1.01297   0.55108   2.58587   -36.66162   -19.13471   -17.52691
  -0.15991   2.16542   2.58587   -29.31850   -14.29283   -15.02567
  -1.20897   2.16542   2.58587   -28.58431   -13.32973   -15.25458
  -2.05767   1.54880   2.58587   -23.58557    -4.71387   -18.87170
  -1.20897  -1.06325   2.58587   -20.76115     3.38627   -24.14742
  -0.15991  -1.06325   2.58587   -27.12849    -1.27432   -25.85417
   0.68879  -0.44663   2.58587   -33.75123    -9.87737   -23.87385
  -0.68444   2.51108   1.60587   -19.37310    -7.14151   -12.23159
  -1.66444   2.24849   1.60587   -18.14695    -4.15656   -13.99038
  -2.38185   1.53108   1.60587   -10.89796    11.64654   -22.54450
   0.29556  -1.14633   1.60587   -11.72941    21.64049   -33.36990
   3.02952  -2.05643  -2.10908     2.74724     1.82337     0.92387
   2.65571  -1.02940  -2.10908     8.59437    -7.00292    15.59729
   1.70919  -0.48292  -2.10908    15.65448   -18.69988    34.35436
  -0.06967  -2.60290  -2.10908    18.18774     8.94779     9.23994
   0.63286  -3.44014  -2.10908    11.91829    10.69753     1.22076
   1.70919  -3.62993  -2.10908     7.86458     8.73849    -0.87391
   2.65571  -3.08346  -2.10908     4.31852     6.00880    -1.69028
   2.41922  -2.05643  -2.94908     9.75087    -1.04991    10.80078
   1.73689  -1.11728  -2.94908    15.31939    -9.29039    24.60978
   0.63286  -1.47600  -2.94908    22.29541    -9.95882    32.25423
   0.63286  -2.63685  -2.94908    16.77772     3.19413    13.58359
   1.73689  -2.99557  -2.94908    11.37549     3.88103     7.49447
   1.43174  -2.05643  -3.26993    15.58169    -1.73254    17.31423
   2.22406  -2.87634   1.44980    -8.69352     6.04028   -14.73380
   3.21154  -2.87634   1.12895   -20.47438   -10.90400    -9.57038
   1.42517  -3.45677   1.12895     0.02134    14.57626   -14.55492
   2.52920  -3.81549   1.12895    -2.56526     3.74193    -6.30719
   3.82183  -2.87634   0.28895   -21.93899   -13.30995    -8.62904
   1.42517  -4.26006   0.28895     4.02108    12.25003    -8.22895
   2.50151  -4.44984   0.28895     2.98946     5.74666    -2.75721
   3.44802  -3.90337   0.28895    -2.98820    -0.92687    -2.06133
   3.82183  -2.87634  -0.74934   -10.88227    -4.79021    -6.09206
   1.42517  -4.26006  -0.74934     5.97577    12.12044    -6.14467
   2.50151  -4.44984  -0.74934     4.64922     6.65153    -2.00231
   3.44802  -3.90337  -0.74934     0.17319     1.59599    -1.42280
   3.21154  -2.87634  -1.58935    -0.83333     4.74282    -5.57615
   2.52920  -3.81549  -1.58935     4.13843     7.29045    -3.15203
   0.56428  -2.25827   1.62445    -0.26606    20.29509   -20.56116
  -0.23461  -1.67784   1.30360     3.19716    17.61941   -14.42225
  -0.23461  -2.83869   1.30360     5.76430    22.24612   -16.48182
   0.86942  -3.19741   1.30360     1.30271    19.83904   -18.53633
  -0.93714  -2.80474   0.46360    11.62210    25.95656   -14.33446
  -0.23461  -3.64198   0.46360     8.91189    20.65324   -11.74135
   0.84173  -3.83177   0.46360     4.64922    17.73983   -13.09061
  -0.93714  -2.80474  -0.57470    15.86156    26.93836   -11.07680
  -0.23461  -3.64198  -0.57470    11.14645    19.61828    -8.47183
  -0.23461  -2.83869  -1.41470    15.77935    17.30809    -1.52873
   0.10057   3.52754   0.58119     5.70343    10.32610    -4.62267
  -1.00347   3.16882   0.58119     3.97653    12.35317    -8.37664
   1.01939   3.61542  -0.25881     7.24522    -8.99152    16.23675
   0.07287   4.16189  -0.25881     8.46322     1.11710     7.34612
  -1.00347   3.97211  -0.25881     8.54229     6.22995     2.31233
  -1.70600   3.13487  -0.25881     8.06036    13.22170    -5.16134
   1.01939   3.61542  -1.29711     7.91603   -15.12632    23.04235
   0.07287   4.16189  -1.29711     8.57429    -2.68136    11.25565
  -1.00347   3.97211  -1.29711     9.04994     3.88767     5.16227
   2.18072   1.88594  -2.72693     8.48518   -35.58417    44.06935
   1.80691   2.91297  -2.72693     9.69439   -23.70834    33.40273
   0.86040   3.45944  -2.72693     9.24133   -12.46261    21.70395
   0.86040   0.31244  -2.72693    18.20593   -32.17044    50.37637
   1.80691   0.85891  -2.72693     9.19615   -35.04388    44.24003
   1.57042   1.88594  -3.56693    11.83546   -19.73198    31.56743
   0.88809   2.82509  -3.56693    11.22238   -12.50759    23.72997
  -0.21594   2.46637  -3.56693    11.15210    -7.43499    18.58708
  -0.21594   1.30551  -3.56693    13.84286   -14.19025    28.03311
   0.88809   0.94679  -3.56693    13.93887   -20.03811    33.97698
   0.58294   1.88594  -3.88778    12.50940   -13.04621    25.55561
  -1.95636   3.04924  -1.42534    10.50137     9.22878     1.27259
  -2.65889   2.21200  -1.42534    14.62787    12.43023     2.19764
  -1.95636   3.04924  -2.46363    12.32805     4.91956     7.40849
  -2.65889   2.21200  -2.46363    16.83608     8.51600     8.32008
  -0.85232   2.60468  -3.30363    11.52170    -3.05829    14.57999
  -1.95636   2.24595  -3.30363    15.31437     2.20715    13.10722
  -1.95636   1.08510  -3.30363    19.83809     0.03815    19.79993
  -0.85232   0.72638  -3.30363    19.26454   -18.41208    37.67662
  -1.15747   1.66553  -3.62449    14.66301    -4.99583    19.65884
  -4.85781   0.83229   2.28354     7.26656    18.62330   -11.35674
  -3.78147   1.82537   1.44354     3.88617    17.42507   -13.53890
  -4.85781   1.63558   1.44354     8.51279    17.11180    -8.59901
  -5.56034   0.79834   1.44354    10.46623    18.51688    -8.05064
  -5.56034  -0.29461   1.44354    10.52584    21.55952   -11.03367
  -3.78147   1.82537   0.40524     8.43059    17.14012    -8.70953
  -4.85781   1.63558   0.40524    11.61708    17.95050    -6.33342
  -5.56034   0.79834   0.40524    12.78613    19.67064    -6.88450
  -5.56034  -0.29461   0.40524    12.22702    23.15575   -10.92873
  -4.85781   0.83229  -0.43476    15.59863    22.56143    -6.96280
  -4.85781  -0.32856  -0.43476    15.96259    29.26950   -13.30692
  -2.76220  -0.09894   3.78223    -0.81702    10.53971   -11.35673
  -1.77472  -0.09894   3.46138   -15.89042     4.07739   -19.96781
  -2.45705   0.84021   3.46138    -7.93109     5.09908   -13.03017
  -3.56109   0.48149   3.46138     2.88843    13.75047   -10.86205
  -3.56109  -0.67937   3.46138     4.46097    16.67684   -12.21587
  -2.45705  -1.03809   3.46138    -1.57944    13.36544   -14.94489
  -2.48475   1.47456   2.62138   -12.45606     5.48611   -17.94217
  -3.56109   1.28477   2.62138     0.86910    16.33321   -15.46411
  -1.53823  -1.12597   2.62138   -13.47200     9.57590   -23.04790
  -4.36139  -2.01236   2.57955     8.46510    20.87354   -12.40844
  -3.25735  -2.37108   2.57955     5.65763    20.60017   -14.94255
  -5.06392  -1.97840   1.73955    10.81011    22.32126   -11.51115
  -4.36139  -2.81564   1.73955    11.29454    21.94993   -10.65538
  -3.28505  -3.00543   1.73955     9.51116    22.62742   -13.11626
  -2.33853  -2.45896   1.73955     4.87198    22.87423   -18.00225
  -5.06392  -1.97840   0.70126    12.53136    25.49965   -12.96829
  -4.36139  -2.81564   0.70126    13.93950    25.83488   -11.89538
  -3.28505  -3.00543   0.70126    13.30759    28.66884   -15.36124
  -2.33853  -2.45896   0.70126     9.01229    31.87072   -22.85843
  -4.36139  -2.01236  -0.13874    17.37448    33.46574   -16.09126
  -2.75032  -2.61713   0.16703    14.93849    42.21712   -27.27863
  -4.55689  -2.22446  -0.67297    16.50977    30.18180   -13.67203
  -3.85436  -3.06170  -0.67297    16.95342    29.22966   -12.27624
  -2.77802  -3.25149  -0.67297    15.90862    31.58145   -15.67283
  -1.83151  -2.70502  -0.67297    15.16439    35.57362   -20.40923
  -4.55689  -2.22446  -1.71127    16.50726    27.05429   -10.54703
  -3.85436  -3.06170  -1.71127    17.14921    26.13185    -8.98264
  -2.77802  -3.25149  -1.71127    16.81349    27.09264   -10.27915
  -1.83151  -2.70502  -1.71127    17.41025    28.56660   -11.15635
  -3.85436  -2.25841  -2.55127    17.49873    25.81006    -8.31133
  -2.75032  -2.61713  -2.55127    17.80684    26.80049    -8.99365
  -1.54568  -2.22809  -2.45929    20.32566    17.14364     3.18202
  -0.59916  -1.68162  -2.45929    27.42970    -9.25810    36.68780
  -0.83565  -0.65459  -3.29929    25.51454   -21.52929    47.04383
  -1.51798   0.28456  -3.29929    23.18459   -10.30023    33.48482
  -2.62201  -0.07416  -3.29929    20.78437    10.54637    10.23800
  -2.62201  -1.23501  -3.29929    20.89356    16.37012     4.52344
  -1.51798  -1.59374  -3.29929    21.86745     4.18948    17.67797
  -1.82313  -0.65459  -3.62014    21.74007     0.64093    21.09913
  -3.14376   1.59005  -1.05284    14.61721    17.22184    -2.60463
  -4.22010   1.40027  -1.05284    15.82265    19.44840    -3.62575
  -4.92263   0.56302  -1.05284    16.51793    22.98707    -6.46914
  -4.92263  -0.52992  -1.05284    15.83395    28.56071   -12.72676
  -3.14376   1.59005  -2.09114    18.48517    14.64886     3.83632
  -4.22010   1.40027  -2.09114    17.02935    16.75120     0.27815
  -4.92263   0.56302  -2.09114    16.83859    19.53441    -2.69582
  -4.92263  -0.52992  -2.09114    16.20606    23.71306    -7.50700
  -3.11607   0.95570  -2.93114    18.88176    12.90435     5.97741
  -4.22010   0.59698  -2.93114    17.49873    16.71275     0.78598
  -4.22010  -0.56387  -2.93114    17.64117    21.11381    -3.47263
  -3.42121   0.01655  -3.25199    18.69978    16.11624     2.58355
   3.44766   3.40028   0.26172    -1.05422   -19.93398    18.87976
   2.50114   3.94675   0.26172     1.91955   -14.83428    16.75384
   1.42480   3.75696   0.26172     3.23042    -9.78917    13.01959
   3.82146   2.37325  -0.77658    -5.03388   -35.04067    30.00679
   3.44766   3.40028  -0.77658     1.13830   -24.43571    25.57402
   2.50114   3.94675  -0.77658     4.60655   -19.26660    23.87314
   1.42480   3.75696  -0.77658     6.84048   -16.39188    23.23236
   3.21117   2.37325  -1.61658     0.36270   -43.01397    43.37667
   2.52884   3.31240  -1.61658     5.86721   -29.57824    35.44546
   2.52884   1.43410  -1.61658    -3.28564   -91.37617    88.09053
   2.22369   2.37325  -1.93743     7.29417   -52.46438    59.75855
   2.91315   1.32925   2.68364   -13.61445   -17.24151     3.62706
   3.90062   1.32925   2.36278   -12.96748   -21.43215     8.46466
   3.21829   2.26839   2.36278    -6.97853   -14.31329     7.33475
   3.21829   0.39010   2.36278   -26.18848   -30.33512     4.14664
   4.51092   1.32925   1.52279   -15.61432   -26.93528    11.32096
   4.13711   2.35628   1.52279    -6.06613   -19.06580    12.99967
   4.51092   1.32925   0.48449   -18.63327   -33.54382    14.91055
   4.13711   2.35628   0.48449    -7.10404   -25.37677    18.27273
   3.90062   1.32925  -0.35551   -16.25501   -44.31264    28.05763
   1.27726   2.00567   2.89880   -15.27609    -9.80836    -5.46773
   2.26474   2.00567   2.57795   -10.82830   -11.57140     0.74310
   1.58241   2.94482   2.57795    -6.02221    -7.09875     1.07654
   0.47838   2.58609   2.57795   -13.68159    -7.53476    -6.14683
   1.58241   1.06652   2.57795   -22.57340   -14.73443    -7.83897
   1.55471   3.57917   1.73795    -1.21109    -6.30261     5.09152
   0.47838   3.38938   1.73795    -2.57091    -2.39798    -0.17293
  -0.22416   2.55214   1.73795   -16.85930    -6.55368   -10.30562
   0.47838   3.38938   0.69965     4.18988     6.21714    -2.02726
   1.02063  -0.40132  -2.74229    19.52935   -24.20782    43.73717
   0.33830  -1.34047  -2.74229    25.84461   -16.03526    41.87986
   0.03315  -0.40132  -3.06315    23.92129   -34.64297    58.56426
   1.13455  -0.77286   2.17931   -21.84486    -3.07717   -18.76770
   1.65521  -1.67467   2.17931   -14.29341     9.72793   -24.02134
   3.75439   0.24160  -1.47939   -14.29216   -27.24129    12.94914
   3.75439  -1.78732  -1.47939   -11.80345    -8.03797    -3.76549
   3.21719  -0.77286  -2.14534    -0.45369   -12.50266    12.04897
  -1.22044  -1.62823   1.94984    -6.92833    10.63682   -17.56515
  -2.41226   2.05842   0.98751    -2.22703     9.33077   -11.55780
   0.08844  -3.89419  -1.03317     9.17670    15.82882    -6.65212
   1.02664  -4.34601  -1.03317     5.96950    11.88432    -5.91482
   3.42369  -2.06484  -1.99549    -2.35065    -1.51896    -0.83169
   2.32678  -3.77167  -1.99549     4.52936     6.71004    -2.18068
   3.12582  -3.07930  -1.99549     0.76054     3.32750    -2.56695
   0.33543   4.00386  -1.97937     7.30672    -6.52344    13.83016
  -0.70589   4.00386  -1.97937     7.99008     0.24285     7.74723
  -1.64409   3.55205  -1.97937     9.16164     4.72609     4.43554
  -0.45227   3.57999  -2.94169     8.41741    -3.33590    11.75332
  -0.70589   2.62451  -3.60764    10.47376    -4.33558    14.80934
  -4.24416  -0.39735   3.31499     5.15687    16.86323   -11.70635
  -3.72350  -1.29916   3.31499     4.07379    17.62116   -13.54737
  -4.43161   1.02073   2.64904     4.25389    16.73105   -12.47716
  -5.00322   0.13129   2.64904     6.82354    18.07165   -11.24812
  -5.00322  -0.92600   2.64904     7.53513    19.20875   -11.67362
  -2.42335  -2.10418   2.64904     0.44741    17.87893   -17.43151
  -2.68217   1.88381   1.68671    -6.51167    11.86746   -18.37912
  -1.74398  -2.22670   1.68671     1.13579    19.42201   -18.28622
  -5.00322  -0.92600  -0.34372    13.84160    28.79581   -14.95421
  -1.17611  -2.49361  -1.74938    18.50024    20.46925    -1.96902
  -4.43536  -1.19290  -2.71170    15.93560    22.74529    -6.80969
  -3.67629  -0.66426  -3.37765    17.10277    17.38833    -0.28556
  -3.15563  -1.56607  -3.37765    17.33746    18.37416    -1.03670
   2.51320   2.51158   2.65686    -8.25991   -10.84725     2.58734
   1.47188   0.70796   2.65686   -26.60578   -16.46936   -10.13641
   2.77202   3.31660   1.99092    -3.83283   -11.07696     7.24413
   3.45140   3.43912   1.02859    -2.65625   -15.80770    13.15145
   2.51320   3.89093   1.02859    -0.59864   -11.85220    11.25355
   3.86894   1.60977  -1.00183   -10.08282   -41.99859    31.91576
  -1.40494  -1.99293   1.61063    -0.69842    17.01230   -17.71072
  -2.70509   1.99507   0.64831     2.13855    12.28666   -10.14811
  -1.66377  -2.56726   0.64831     6.78275    27.40806   -20.62531
  -2.70509   1.99507  -0.41980     8.86608    13.96999    -5.10391
   2.49769   0.39763  -2.28982     0.41165   -35.77258    36.18423
   3.29066  -0.79413   2.76628   -31.35665   -26.25150    -5.10515
   4.26256  -0.79413   2.54445   -33.77946   -29.73361    -4.04585
   3.77661   0.04756   2.54445   -30.44739   -30.56425     0.11686
   2.80471   0.04756   2.54445   -27.56210   -27.58829     0.02619
   2.31876  -0.79413   2.54445   -26.66915   -20.42416    -6.24499
   2.80471  -1.63582   2.54445   -27.89468   -15.69559   -12.19909
   3.77661  -1.63582   2.54445   -32.63677   -24.46912    -8.16765
   5.04196  -0.79413   1.92290   -34.75336   -31.25654    -3.49681
   4.70749   0.23526   1.92290   -31.70868   -33.20694     1.49826
   2.74948  -2.45972   1.92290   -22.45919    -5.48814   -16.97105
   3.83184  -2.45972   1.92290   -30.80381   -20.02604   -10.77777
   4.70749  -1.82352   1.92290   -34.63978   -26.93126    -7.70852
   5.47450  -0.79413   1.02473   -34.47914   -31.30636    -3.17278
   5.22435   0.22075   1.02473   -32.41275   -34.19831     1.78556
   4.53122  -2.59139   1.02473   -31.74257   -21.40877   -10.33380
   5.22435  -1.80901   1.02473   -34.59836   -27.05137    -7.54700
   5.47450  -0.79413   0.02783   -32.62547   -30.14450    -2.48098
   5.22435   0.22075   0.02783   -30.78562   -34.13247     3.34686
   4.53122  -2.59139   0.02783   -27.96622   -18.31720    -9.64901
   5.22435  -1.80901   0.02783   -32.32050   -25.09436    -7.22615
   5.04196  -0.79413  -0.87034   -28.20404   -27.34380    -0.86024
   4.70749   0.23526  -0.87034   -25.73793   -32.76044     7.02251
   3.83184   0.87146  -0.87034   -18.32077   -44.25645    25.93569
   4.70749  -1.82352  -0.87034   -26.19664   -20.35194    -5.84470
   4.26256  -0.79413  -1.49189   -19.41765   -20.93247     1.51482
  -0.68444   0.55108   3.84587   -27.49809   -11.32812   -16.16997
   0.28746   0.55108   3.62404   -29.98303   -14.86307   -15.11996
  -0.19849   1.39277   3.62404   -28.26240   -14.32635   -13.93605
  -1.17039   1.39277   3.62404   -25.64757   -10.70527   -14.94230
  -1.65634   0.55108   3.62404   -21.07177    -3.60776   -17.46401
  -1.17039  -0.29061   3.62404   -23.04591    -2.98391   -20.06200
  -0.19849  -0.29061   3.62404   -27.85326   -10.02619   -17.82707
   1.06686   0.55108   3.00249   -30.66262   -16.46237   -14.20026
  -0.14326   2.21667   3.00249   -24.62912   -12.27410   -12.35502
  -1.22562   2.21667   3.00249   -23.39920    -9.94711   -13.45209
  -2.10127   1.58047   3.00249   -18.75312    -2.70545   -16.04767
  -1.22562  -1.11450   3.00249   -17.67443     4.37195   -22.04639
  -0.14326  -1.11450   3.00249   -23.48517    -1.85129   -21.63388
   0.73239  -0.47831   3.00249   -28.87610    -9.80865   -19.06746
  -0.42121   2.71900   2.10432   -17.56525    -7.25667   -10.30858
  -1.45884   2.59301   2.10432   -17.60478    -5.01524   -12.58954
  -2.31907   1.99924   2.10432   -14.01103     2.76388   -16.77491
  -0.42121  -1.61683   2.10432   -12.05069     8.74870   -20.79939
   0.55612  -1.24618   2.10432   -17.03061    44.51249   -61.54310
  -1.45884   2.59301   1.10742    -7.26468     7.34253   -14.60721
   3.09451  -2.05643  -2.54993     2.91729    -1.72498     4.64227
   2.77695  -1.07908  -2.54993     5.79442    -8.69369    14.48811
   1.94557  -0.47504  -2.54993    11.44640   -18.00457    29.45097
  -0.23103  -2.05643  -2.54993    22.16113    -1.47671    23.63784
   0.08654  -3.03378  -2.54993    14.61093     7.72191     6.88902
   0.91792  -3.63781  -2.54993    10.17130     7.60994     2.56136
   1.94557  -3.63781  -2.54993     6.95594     5.65951     1.29644
   2.77695  -3.03378  -2.54993     4.18486     2.74674     1.43812
   2.39174  -2.05643  -3.25270     8.67406    -2.39840    11.07246
   1.91174  -1.22504  -3.25270    12.12223    -8.29472    20.41695
   0.95174  -1.22504  -3.25270    17.95681   -11.08641    29.04323
   0.47174  -2.05643  -3.25270    17.67757    -2.86958    20.54715
   0.95174  -2.88781  -3.25270    13.01141     2.76353    10.24788
   1.91174  -2.88781  -3.25270     9.58458     1.72565     7.85893
   1.43174  -2.05643  -3.50993    13.35528    -2.57365    15.92894
   2.22406  -2.87634   1.68980   -10.57793     6.13668   -16.71461
   3.18406  -2.87634   1.43257   -21.20919   -10.34201   -10.86718
   1.74406  -3.70773   1.43257    -2.51443     9.08981   -11.60424
   2.70406  -3.70773   1.43257    -6.70619     1.11720    -7.82339
   1.71023  -4.45773   0.72980     1.55371     8.87468    -7.32097
   2.73788  -4.45773   0.72980    -0.76180     3.30938    -4.07118
   3.56926  -3.85370   0.72980    -7.55647    -3.29131    -4.26516
   4.14406  -2.87634  -0.23020   -19.12586   -11.56447    -7.56139
   1.26406  -4.53911  -0.23020     4.40825    11.39485    -6.98660
   2.22406  -4.79634  -0.23020     3.13064     6.64739    -3.51674
   3.18406  -4.53911  -0.23020     0.47628     2.41445    -1.93817
   3.88682  -3.83634  -0.23020    -5.63629    -2.79253    -2.84376
   3.88682  -2.87634  -1.19020    -8.47075    -3.43214    -5.03861
   1.71023  -4.45773  -1.19020     4.98996     9.16655    -4.17660
   2.73788  -4.45773  -1.19020     2.87274     5.01722    -2.14448
   3.56926  -3.85370  -1.19020    -1.22176     0.98914    -2.21090
   2.70406  -3.70773  -1.89297     3.02083     5.47320    -2.45237
   0.56428  -2.25827   1.86445    -3.47640    16.38987   -19.86627
  -0.39572  -2.25827   1.60722     0.70909    18.07286   -17.36377
   0.08428  -3.08965   1.60722     1.84551    18.37665   -16.53114
  -0.78093  -3.23562   0.90445     7.50878    21.35474   -13.84597
   0.05045  -3.83965   0.90445     4.98870    17.62324   -12.63454
  -1.09849  -3.21827  -0.05555    11.75263    24.71677   -12.96414
  -0.39572  -3.92103  -0.05555     8.75313    18.64219    -9.88906
  -0.78093  -3.23562  -1.01555    13.62574    21.12391    -7.49817
  -0.68458   3.41978   0.88481     1.13579     5.84869    -4.71290
   0.30924   4.16978   0.18204     5.52146     0.74812     4.77333
  -0.71840   4.16978   0.18204     5.78313     4.48825     1.29487
  -1.54979   3.56575   0.18204     5.28237    10.81280    -5.53043
  -1.86735   2.58839   0.18204     5.76932    18.54945   -12.78013
   0.75542   4.25116  -0.77796     6.55810    -6.57822    13.13632
  -0.20458   4.50839  -0.77796     7.12098    -0.19708     7.31805
  -1.16458   4.25116  -0.77796     7.41089     4.23923     3.17166
  -1.86735   3.54839  -0.77796     7.80622     8.66039    -0.85417
   0.30924   4.16978  -1.73796     7.15926    -5.60015    12.75940
  -0.71840   4.16978  -1.73796     7.78175     0.65603     7.12572
   2.50294   1.88594  -2.20778     3.70984   -50.57122    54.28106
   2.24571   2.84594  -2.20778     6.87123   -33.42285    40.29408
   1.54295   3.54871  -2.20778     7.29982   -19.21096    26.51078
   2.24571   1.88594  -3.16778     7.61734   -26.64790    34.26524
   1.92815   2.86329  -3.16778     8.28187   -20.08215    28.36402
   1.09677   3.46733  -3.16778     8.40674   -12.54161    20.94835
   0.06912   3.46733  -3.16778     8.64457    -6.57846    15.22303
   1.09677   0.30455  -3.16778    14.33043   -24.80713    39.13756
   1.92815   0.90859  -3.16778     8.77007   -26.79803    35.56810
   1.54295   1.88594  -3.87055    10.04580   -16.91433    26.96013
   1.06295   2.71733  -3.87055     9.73393   -12.48166    22.21558
   0.10294   2.71733  -3.87055     9.92846    -8.07680    18.00526
  -0.37705   1.88594  -3.87055    11.59010    -8.48990    20.08000
   0.10294   1.05456  -3.87055    13.26869   -14.81261    28.08130
   1.06295   1.05456  -3.87055    11.80910   -17.27704    29.08614
   0.58294   1.88594  -4.12778    11.00212   -11.92240    22.92452
  -2.50268   2.64288  -0.98449    10.34010    11.61752    -1.27742
  -2.11747   3.32830  -1.94448    10.05647     6.31726     3.73921
  -2.82024   2.62553  -1.94448    13.04153     9.37295     3.66858
  -1.67129   3.24692  -2.90449    10.50576     2.11515     8.39062
  -2.50268   2.64288  -2.90449    13.36470     5.33947     8.02522
  -2.82024   1.66553  -2.90449    17.26341     8.49568     8.76773
  -1.63747   2.49691  -3.60725    12.27722     0.01602    12.26121
  -2.11747   1.66553  -3.60725    15.53839     1.72480    13.81359
  -1.63747   0.83414  -3.60725    18.13189    -4.39566    22.52755
  -1.15747   1.66553  -3.86448    13.41678    -4.80828    18.22506
  -4.53892   1.08325   2.58716     4.46285    16.49728   -12.03443
  -5.01892   0.25186   2.58716     6.88127    18.08893   -11.20766
  -4.57274   1.83325   1.88439     4.92407    15.09069   -10.16662
  -5.40413   1.22921   1.88439     7.40398    15.90098    -8.49699
  -5.72169   0.25186   1.88439     8.39231    17.71520    -9.32289
  -4.05892   2.17186   0.92439     5.86157    14.93005    -9.06848
  -5.01892   1.91463   0.92439     8.41302    15.39941    -6.98639
  -5.72169   1.21186   0.92439     9.72765    16.49047    -6.76282
  -5.97892   0.25186   0.92439    10.05207    18.34823    -8.29615
  -5.72169  -0.70814   0.92439    10.06651    21.52918   -11.46268
  -3.54510   1.83325  -0.03561     8.70418    16.13502    -7.43084
  -4.57274   1.83325  -0.03561    10.71159    16.70511    -5.99352
  -5.40413   1.22921  -0.03561    11.76455    17.87430    -6.10975
  -5.72169   0.25186  -0.03561    11.96347    20.23041    -8.26694
  -5.40413  -0.72549  -0.03561    12.12599    24.73347   -12.60747
  -2.76220  -0.09894   4.02223    -2.55522     8.84329   -11.39850
  -1.80220  -0.09894   3.76500   -13.65963     3.02341   -16.68304
  -2.28220   0.73245   3.76500   -10.07906     3.07764   -13.15670
  -3.24220   0.73245   3.76500    -1.13391     9.56473   -10.69864
  -3.72220  -0.09894   3.76500     2.50941    13.21137   -10.70196
  -3.24220  -0.93032   3.76500     1.41441    13.60660   -12.19219
  -2.28220  -0.93032   3.76500    -4.47916     9.88506   -14.36423
  -2.24838   1.48245   3.06223   -15.68334    -0.10331   -15.58003
  -3.27603   1.48245   3.06223    -2.59350    10.43866   -13.03215
  -4.10741   0.87841   3.06223     3.00891    15.13480   -12.12589
  -2.24838  -1.68033   3.06223    -2.48557    14.59609   -17.08166
  -1.41699  -1.07629   3.06223   -15.32064     6.56548   -21.88613
  -2.76220   1.82106   2.10223    -7.56776    11.27450   -18.84226
  -4.52250  -1.43193   2.88317     6.84236    19.30852   -12.46615
  -4.04250  -2.26332   2.88317     5.96385    18.30833   -12.34448
  -3.08250  -2.26332   2.88317     3.12186    18.13358   -15.01172
  -5.22527  -1.43193   2.18041     8.63830    20.29072   -11.65243
  -4.90771  -2.40928   2.18041     8.67595    19.24942   -10.57348
  -4.07633  -3.01332   2.18041     8.17582    19.15152   -10.97570
  -3.04868  -3.01332   2.18041     6.04103    19.47134   -13.43031
  -2.21729  -2.40928   2.18041     1.85429    19.13888   -17.28458
  -5.48250  -1.43193   1.22040     9.92657    22.26913   -12.34256
  -5.22527  -2.39193   1.22040    10.43548    21.21654   -10.78106
  -4.52250  -3.09470   1.22040    10.79128    21.34318   -10.55190
  -3.56250  -3.35193   1.22040    10.15624    22.36054   -12.20430
  -2.60250  -3.09470   1.22040     8.15449    23.89579   -15.74130
  -5.22527  -1.43193   0.26041    11.81161    25.95906   -14.14745
  -4.90771  -2.40928   0.26041    12.77986    25.19123   -12.41137
  -4.07633  -3.01332   0.26041    13.81462    26.85268   -13.03806
  -3.04868  -3.01332   0.26041    13.67029    32.05917   -18.38887
  -4.40068  -2.65534  -0.23212    15.11670    28.33817   -13.22146
  -3.56929  -3.25937  -0.23212    14.45970    28.29736   -13.83766
  -2.54165  -3.25937  -0.23212    13.14319    30.94745   -17.80427
  -1.71026  -2.65534  -0.23212    12.34311    34.35280   -22.00969
  -4.97547  -1.67799  -1.19212    14.33859    27.00517   -12.66658
  -4.71824  -2.63799  -1.19212    14.52308    24.91415   -10.39107
  -4.01547  -3.34075  -1.19212    14.66427    24.35850    -9.69423
  -3.05547  -3.59799  -1.19212    14.36181    24.99016   -10.62835
  -2.09547  -3.34075  -1.19212    14.30659    26.49931   -12.19272
  -4.71824  -1.67799  -2.15212    15.02885    24.71119    -9.68234
  -4.40068  -2.65534  -2.15212    14.85440    23.02992    -8.17552
  -3.56929  -3.25937  -2.15212    14.96673    22.73719    -7.77046
  -2.54165  -3.25937  -2.15212    15.14118    23.19981    -8.05863
  -3.53547  -2.50937  -2.85489    15.79755    22.32475    -6.52720
  -2.57547  -2.50937  -2.85489    16.83106    22.35634    -5.52528
  -0.86313  -2.31736  -1.94014    20.46748    13.09956     7.36792
  -1.30930  -2.23598  -2.90014    19.13025     9.04969    10.08057
  -0.47792  -1.63194  -2.90014    23.94074    -9.96815    33.90889
  -0.86313  -0.65459  -3.60290    21.54679   -14.31280    35.85959
  -1.34313   0.17680  -3.60290    20.40661   -10.38955    30.79616
  -2.30313   0.17680  -3.60290    18.92631     3.94399    14.98232
  -2.30313  -1.48597  -3.60290    18.35528    11.00421     7.35107
  -1.34313  -1.48597  -3.60290    19.73392     0.32622    19.40770
  -1.82313  -0.65459  -3.86014    19.11394     0.65931    18.45463
  -3.93504   1.59794  -0.61199    12.93799    18.19360    -5.25561
  -3.42121   1.93655  -1.57199    14.61219    14.50390     0.10828
  -4.38121   1.67932  -1.57199    14.24133    16.01180    -1.77048
  -5.08398   0.97655  -1.57199    14.45531    18.15982    -3.70452
  -5.34121   0.01655  -1.57199    14.26643    20.99637    -6.72995
  -5.08398  -0.94345  -1.57199    14.40260    25.36174   -10.95914
  -3.93504   1.59794  -2.53199    15.38340    13.51608     1.86732
  -4.76642   0.99390  -2.53199    14.91590    15.67688    -0.76098
  -5.08398   0.01655  -2.53199    14.68874    18.30468    -3.61594
  -4.76642  -0.96080  -2.53199    15.14620    22.07367    -6.92747
  -2.94121   0.84794  -3.23476    17.77797     9.97801     7.79996
  -3.90121   0.84794  -3.23476    15.78939    13.29769     2.49170
  -4.38121   0.01655  -3.23476    15.45619    16.19301    -0.73682
  -3.42121   0.01655  -3.49199    16.99233    13.68759     3.30474
   2.73751   3.95464   0.70257    -0.14684   -13.50266    13.35582
   4.14369   2.37325  -0.25743    -7.53011   -29.44935    21.91923
   3.88646   3.33325  -0.25743    -2.33183   -21.77068    19.43886
   3.18369   4.03602  -0.25743     0.88542   -17.13855    18.02397
   2.22369   4.29325  -0.25743     2.82254   -13.78237    16.60491
   1.26369   4.03602  -0.25743     4.87387    -9.79538    14.66925
   3.88646   2.37325  -1.21743    -4.23757   -33.56555    29.32798
   3.56890   3.35060  -1.21743     0.46561   -24.76139    25.22701
   2.73751   3.95464  -1.21743     3.59186   -20.01901    23.61087
   1.70987   3.95464  -1.21743     5.81639   -17.39801    23.21439
   3.18369   2.37325  -1.92020     0.65888   -39.07646    39.73535
   2.70369   3.20463  -1.92020     4.43586   -29.03905    33.47491
   2.70369   1.54187  -1.92020    -1.03100   -62.44600    61.41500
   2.91315   1.32925   2.92364   -14.36306   -16.17065     1.80758
   3.87315   1.32925   2.66640   -13.81211   -19.40804     5.59593
   3.39315   2.16063   2.66640    -8.81086   -14.33461     5.52375
   2.43315   0.49786   2.66640   -21.68736   -20.89585    -0.79150
   3.39315   0.49786   2.66640   -22.69137   -25.10250     2.41113
   4.57592   1.32925   1.96364   -15.51203   -23.56474     8.05270
   4.25835   2.30660   1.96364    -7.80057   -17.40956     9.60899
   3.42697   2.91063   1.96364    -4.90461   -13.93061     9.02599
   4.83315   1.32925   1.00364   -18.05972   -28.38839    10.32866
   4.57592   2.28925   1.00364    -8.62512   -21.58258    12.95746
   4.57592   1.32925   0.04364   -18.84035   -34.01102    15.17067
   4.25835   2.30660   0.04364    -8.42620   -27.73916    19.31296
   1.27726   2.00567   3.13880   -15.89858   -10.03901    -5.85957
   2.23726   2.00567   2.88157   -11.96849   -11.41117    -0.55732
   1.75726   2.83705   2.88157    -8.08232    -8.02220    -0.06012
   0.79726   2.83705   2.88157   -10.73794    -6.94114    -3.79680
   1.75726   1.17428   2.88157   -20.08281   -13.98071    -6.10210
   1.79109   3.58705   2.17880    -3.38541    -7.07933     3.69392
   0.76344   3.58705   2.17880    -4.16039    -4.22388     0.06349
  -0.06794   2.98302   2.17880   -11.55747    -5.11141    -6.44606
   1.27726   3.92567   1.21880    -0.00565    -5.40380     5.39815
   0.31726   3.66844   1.21880     0.06777     0.33466    -0.26689
  -0.38551   2.96567   1.21880    -4.79229     1.16497    -5.95726
  -0.48067  -1.98271  -2.34315    23.84787    -0.89132    24.73919
   0.99315  -0.40132  -3.04591    17.49559   -21.91489    39.41048
   0.03315  -0.40132  -3.30315    21.12385   -27.07612    48.19998
   1.65925  -1.66768   2.51146   -16.14582     3.30037   -19.44619
   4.08506  -0.77286  -1.89221   -11.73192   -16.72084     4.98893
   3.78198   0.25933  -1.89221    -9.42645   -25.81498    16.38853
   3.20911  -0.77286  -2.47749     0.57292   -12.79887    13.37178
  -1.98664   2.72354   0.45346     2.84827    17.95261   -15.10434
   1.03068  -2.95966   1.99536    -4.24949    13.01167   -17.26116
   2.06392  -2.95966   1.99536   -10.02760     6.96915   -16.99675
   1.27559  -3.95460   1.41007    -0.82266    10.95609   -11.77875
   0.99223  -4.49678   0.53413     2.77861    11.86788    -9.08927
   0.51405  -4.55932  -0.49911     5.56915    12.81239    -7.24325
   4.04177  -2.06484  -1.53236   -12.17494    -8.73328    -3.44166
  -0.00798  -4.01510  -1.53236     9.24447    13.28031    -4.03584
   0.99223  -4.49678  -1.53236     6.06613     9.83512    -3.76899
   3.45649  -2.06484  -2.40830    -0.67771    -3.35087     2.67316
   3.15341  -3.09703  -2.40830     1.53301     1.46657     0.06643
  -2.43268   2.80501  -0.41207     7.57780    11.99151    -4.41370
  -2.09442   3.63189  -1.44531     8.25614     6.66800     1.58814
   0.36984   4.15463  -2.47856     6.72251    -6.78513    13.50764
  -0.74030   4.15463  -2.47856     7.28099    -1.09433     8.37532
  -0.45694   3.61245  -3.35450     8.08295    -3.81162    11.89457
  -0.70185   2.61751  -3.93979     9.94477    -4.52921    14.47398
  -0.70185   0.82788  -3.93979    14.77157   -11.37192    26.14349
  -3.71946  -1.29217   3.64714     2.70833    14.83193   -12.12359
  -4.45309   1.04551   3.06185     2.91917    13.92076   -11.00158
  -5.03469   0.14053   3.06185     5.08659    15.36045   -10.27386
  -5.03469  -0.93524   3.06185     5.79003    16.41753   -10.62750
  -2.40973  -2.13401   3.06185    -0.70218    14.80321   -15.50539
  -3.75791   2.03458   2.18591     0.28363    12.99229   -12.70865
  -5.69731  -0.39735   2.18591     7.53890    17.60831   -10.06941
  -1.64756  -2.34761   2.18591    -1.04418    15.87004   -16.91422
  -3.20283   2.30265   1.15266     1.05422    12.50731   -11.45309
  -5.45028  -1.47967   0.11942    11.25752    23.79677   -12.53925
  -4.46682  -1.20214  -3.12451    14.45280    18.77701    -4.32421
  -3.15159   0.23056  -3.70980    16.12762    10.11709     6.01053
  -3.66821  -0.66426  -3.70980    15.32190    14.18401     1.13789
  -3.15159  -1.55908  -3.70980    15.57479    14.62133     0.95345
   2.50916   2.50459   2.98901    -9.18486   -10.49329     1.30843
   1.47592   0.71495   2.98901   -24.96296   -15.22403    -9.73892
   2.78565   3.34643   2.40373    -5.08847   -10.13946     5.05099
   3.54782   3.56003   1.52778    -3.67219   -13.41894     9.74675
   2.54761   4.04170   1.52778    -1.98230    -9.94701     7.96471
   3.90173   3.51896   0.49454    -3.13127   -17.56013    14.42886
   0.95930   4.10425   0.49454     2.68260    -4.03639     6.71899
   4.48702   1.60977  -0.53870   -13.47137   -32.59476    19.12339
   3.90173   1.60977  -1.41465    -7.92105   -38.31512    30.39407
  -1.62935  -2.71803   1.14750     4.98933    22.64759   -17.65826
  -3.21767   2.20838   0.11425     6.29518    13.65313    -7.35796
   3.06249   1.42982  -2.03668    -2.50314   -47.79017    45.28703
   2.48962   0.39763  -2.62197     2.89847   -30.01259    32.91106
   3.29066  -0.79413   3.04628   -26.63401   -21.49503    -5.13898
   4.38404  -0.79413   2.79672   -28.41175   -24.82182    -3.58993
   3.83735   0.15277   2.79672   -25.50763   -25.57346     0.06583
   2.19727  -0.79413   2.79672   -23.94576   -16.01723    -7.92853
   2.74396  -1.74103   2.79672   -23.58745   -11.75810   -11.82936
   3.83735  -1.74103   2.79672   -27.33682   -19.88731    -7.44952
   5.26087  -0.79413   2.09747   -29.18609   -26.39565    -2.79045
   4.94811   0.27105   2.09747   -26.73881   -28.11311     1.37430
   3.01027  -2.74429   2.09747   -20.24973    -7.58137   -12.66836
   4.10911  -2.58630   2.09747   -26.18221   -17.33195    -8.85026
   4.94811  -1.85931   2.09747   -29.04051   -22.85811    -6.18240
   5.74748  -0.79413   1.08703   -28.85351   -26.64437    -2.20914
   5.50417   0.27184   1.08703   -27.06448   -29.11574     2.05126
   4.82246  -2.71495   1.08703   -26.42317   -18.38588    -8.03729
   5.50417  -1.86010   1.08703   -28.81147   -23.12057    -5.69090
   5.74748  -0.79413  -0.03447   -27.04566   -25.78323    -1.26243
   5.50417   0.27184  -0.03447   -25.49383   -29.22474     3.73091
   4.82246   1.12669  -0.03447   -21.06236   -32.95630    11.89394
   4.82246  -2.71495  -0.03447   -23.17079   -15.97450    -7.19629
   5.50417  -1.86010  -0.03447   -26.63652   -21.59075    -5.04578
   5.26087  -0.79413  -1.04492   -22.94928   -23.51272     0.56344
   4.94811   0.27105  -1.04492   -21.10377   -28.43274     7.32896
   4.94811  -1.85931  -1.04492   -21.32717   -17.73534    -3.59182
   4.38404  -0.79413  -1.74416   -15.21397   -18.67939     3.46542
  -0.68444   0.55108   4.12587   -22.45919    -8.27350   -14.18569
   0.40895   0.55108   3.87631   -25.09222   -12.00377   -13.08845
  -0.13775   1.49799   3.87631   -23.27997   -11.31164   -11.96833
  -1.23113   1.49799   3.87631   -20.58733    -7.54971   -13.03762
  -1.23113  -0.39582   3.87631   -18.14004    -0.91672   -17.22333
  -0.13775  -0.39582   3.87631   -22.99383    -7.21050   -15.78333
   1.28578   0.55108   3.17706   -26.11193   -14.75159   -11.36033
   0.13402   2.34326   3.17706   -19.87009   -10.07946    -9.79062
  -0.96483   2.50125   3.17706   -19.01668    -7.96866   -11.04802
  -1.97466   2.04007   3.17706   -16.30019    -3.10282   -13.19736
  -0.96483  -1.39908   3.17706   -15.10415     3.81541   -18.91957
   0.13402  -1.24109   3.17706   -20.06650    -0.55562   -19.51088
   0.97301  -0.51409   3.17706   -25.04077    -9.17423   -15.86654
  -1.23113   2.94630   2.16662   -13.46761    -3.34251   -10.12510
  -2.21624   2.47190   2.16662   -11.49660     1.46874   -12.96534
  -0.13775  -1.84414   2.16662    -9.44590    11.66701   -21.11291
   3.30236  -2.05643  -2.66993     1.38052    -3.30361     4.68413
   3.00540  -1.04510  -2.66993     3.37663    -9.76885    13.14548
   2.20883  -0.35486  -2.66993     8.17582   -18.92518    27.10100
  -0.36310  -2.58344  -2.66993    17.35189     5.42734    11.92455
   0.20675  -3.47014  -2.66993    11.78777     7.83805     3.94971
   1.16553  -3.90800  -2.66993     8.22790     6.49908     1.72883
   2.20883  -3.75800  -2.66993     5.45871     4.28072     1.17798
   3.00540  -3.06776  -2.66993     2.86395     1.20215     1.66181
   2.51174  -2.05643  -3.46055     7.17871    -3.24257    10.42128
   1.97174  -1.12112  -3.46055    10.52271    -9.17256    19.69527
   0.89174  -1.12112  -3.46055    16.46208   -11.77995    28.24203
   0.35174  -2.05643  -3.46055    16.32466    -3.09458    19.41924
   0.89174  -2.99173  -3.46055    11.63528     2.34581     9.28947
   1.97174  -2.99173  -3.46055     8.21347     1.04264     7.17083
   1.43174  -2.05643  -3.74993    11.78902    -3.07975    14.86877
   1.68406  -3.81165   1.64042    -3.18587     8.21391   -11.39977
   2.76406  -3.81165   1.64042    -7.62110     0.40311    -8.02421
   1.95784  -4.72792   0.84980     0.31752     6.54467    -6.22715
   3.00114  -4.57791   0.84980    -2.63993     1.60832    -4.24826
   3.79772  -3.88768   0.84980    -9.57579    -4.71099    -4.86481
   1.45811  -4.89598  -0.23020     3.43812     9.00453    -5.56641
   2.48442  -5.02059  -0.23020     1.73130     4.93488    -3.20358
   3.45107  -4.65399  -0.23020    -1.28702     1.01391    -2.30093
   4.13664  -3.88015  -0.23020    -7.29856    -4.03790    -3.26067
   4.09467  -2.87634  -1.31020    -9.05998    -4.99582    -4.06416
   1.95784  -4.72792  -1.31020     3.94641     7.08979    -3.14339
   3.00114  -4.57791  -1.31020     1.53175     3.44253    -1.91078
   3.79772  -3.88768  -1.31020    -2.50816    -0.37050    -2.13766
   0.56428  -2.25827   2.10445    -5.89169    13.62494   -19.51663
  -0.51572  -2.25827   1.81507    -1.72377    15.64983   -17.37360
   0.02428  -3.19357   1.81507     0.41165    15.81215   -15.40050
  -1.23056  -2.78528   1.02445     6.02974    22.42162   -16.39188
  -0.66071  -3.67198   1.02445     5.62813    18.26767   -12.63953
   0.29806  -4.10984   1.02445     3.14759    14.84761   -11.70002
  -1.05251  -3.69061  -0.05555     9.77283    20.98073   -11.20790
  -0.20167  -4.27790  -0.05555     6.88127    15.97763    -9.09636
  -0.66071  -3.67198  -1.13555    11.33282    17.83176    -6.49894
  -0.74458   3.52370   1.09265    -0.87161     4.16819    -5.03980
   0.57250   4.28997   0.30204     3.91001    -1.67537     5.58539
  -0.47080   4.43997   0.30204     4.30534     2.39390     1.91145
  -1.42957   4.00211   0.30204     4.13027     6.75990    -2.62963
  -1.99942   3.11541   0.30204     3.90248    14.73408   -10.83160
   1.02244   4.36604  -0.77796     5.42419    -8.34724    13.77143
   0.05578   4.73265  -0.77796     5.80133    -1.91862     7.71995
  -0.97053   4.60803  -0.77796     6.22301     2.32028     3.90273
  -1.82136   4.02074  -0.77796     6.73380     6.25972     0.47408
   0.57250   4.28997  -1.85796     6.38616    -7.35216    13.73832
  -0.47080   4.43997  -1.85796     6.83923    -1.22309     8.06231
   1.80997   3.66359  -2.20778     6.29580   -19.43147    25.72727
   2.45356   1.88594  -3.28778     6.01154   -24.73971    30.75125
   2.15661   2.89727  -3.28778     6.75890   -19.34872    26.10762
   1.36003   3.58751  -3.28778     7.23518   -12.79475    20.02994
   0.31673   3.73752  -3.28778     7.65938    -7.26833    14.92771
   1.36003   0.18437  -3.28778    12.43410   -22.12141    34.55551
   2.15661   0.87461  -3.28778     7.10843   -24.76493    31.87336
   1.66295   1.88594  -4.07839     8.61759   -15.61742    24.23501
   1.12295   2.82125  -4.07839     8.46197   -11.51440    19.97636
   0.04295   2.82125  -4.07839     9.10830    -7.25714    16.36544
   0.04295   0.95063  -4.07839    12.77986   -13.30606    26.08592
   1.12295   0.95063  -4.07839    10.73041   -15.73265    26.46306
   0.58294   1.88594  -4.36778     9.97175   -10.84226    20.81401
  -2.95231   2.19254  -0.86449    10.96949    13.53308    -2.56358
  -2.77425   3.09787  -1.94448    10.59048     7.70067     2.88980
  -3.25470   2.18245  -1.94448    14.21372    11.80438     2.40934
  -2.38246   3.07924  -3.02449    10.97891     3.93869     7.04021
  -2.95231   2.19254  -3.02449    14.03550     7.05907     6.97643
  -1.69747   2.60084  -3.81510    11.19289    -0.07475    11.26764
  -2.23747   1.66553  -3.81510    14.22313     1.95824    12.26489
  -1.69747   0.73022  -3.81510    16.98605    -3.38514    20.37119
  -1.15747   1.66553  -4.10449    12.50124    -4.51132    17.01257
  -4.32514   2.10344   2.00439     2.99071    13.21819   -10.22748
  -5.28391   1.66558   2.00439     5.65888    13.85216    -8.19328
  -5.85376   0.77888   2.00439     6.98230    15.13561    -8.15331
  -5.85376  -0.27515   2.00439     7.68134    17.29933    -9.61799
  -3.79856   2.39612   0.92439     4.30660    13.26053    -8.95393
  -4.82487   2.27150   0.92439     6.72753    13.61473    -6.88720
  -5.67570   1.68421   0.92439     8.16076    14.45118    -6.29041
  -6.15615   0.76879   0.92439     8.83031    15.81486    -6.98454
  -6.15615  -0.26506   0.92439     9.09261    17.97478    -8.88217
  -4.32514   2.10344  -0.15561     9.49234    15.07285    -5.58051
  -5.28391   1.66558  -0.15561    10.41791    15.82217    -5.40425
  -5.85376   0.77888  -0.15561    10.87788    17.43138    -6.55350
  -5.85376  -0.27515  -0.15561    11.13327    20.34454    -9.21127
  -2.76220  -0.09894   4.26223    -3.48393     7.53854   -11.02247
  -1.68220  -0.09894   3.97284   -14.07755     1.48619   -15.56374
  -2.22220   0.83637   3.97284   -10.62499     1.92650   -12.55149
  -3.30220   0.83637   3.97284    -1.98983     8.27076   -10.26060
  -3.84220  -0.09894   3.97284     1.60517    11.81498   -10.20982
  -3.30220  -1.03425   3.97284     0.61684    12.18265   -11.56581
  -2.22220  -1.03425   3.97284    -5.17570     8.45270   -13.62840
  -3.02842   1.75264   3.18223    -5.39658     6.98825   -12.38483
  -3.98719   1.31478   3.18223     0.88040    12.20938   -11.32899
  -1.98512  -1.80051   3.18223    -4.23506    12.10601   -16.34107
  -4.10250  -2.36724   3.09102     4.92030    16.39680   -11.47650
  -3.02250  -2.36724   3.09102     2.15424    16.05951   -13.90527
  -5.35734  -1.95895   2.30040     7.55710    17.81010   -10.25301
  -4.78749  -2.84565   2.30040     7.42720    17.33091    -9.90371
  -3.82872  -3.28351   2.30040     6.57253    17.40348   -10.83094
  -2.78542  -3.13350   2.30040     4.40574    17.64778   -13.24204
  -5.65973  -1.94885   1.22040     9.17482    19.73396   -10.55914
  -5.17928  -2.86428   1.22040     9.47226    19.33203    -9.85977
  -4.32845  -3.45157   1.22040     9.45406    19.74020   -10.28614
  -3.30214  -3.57618   1.22040     8.68473    20.85447   -12.16974
  -2.33548  -3.20958   1.22040     6.95218    22.37518   -15.42300
  -5.35734  -1.95895   0.14041    11.40373    23.40784   -12.00411
  -4.78749  -2.84565   0.14041    12.21510    23.62016   -11.40506
  -3.82872  -3.28351   0.14041    12.94489    25.88966   -12.94477
  -4.28046  -3.09170  -0.11212    13.41741    25.49127   -12.07386
  -3.32169  -3.52956  -0.11212    12.47865    25.81211   -13.33346
  -2.27839  -3.37956  -0.11212    11.51794    27.91023   -16.39229
  -5.15271  -2.19491  -1.19212    12.99760    23.36389   -10.36629
  -4.67226  -3.11033  -1.19212    12.99572    22.16627    -9.17055
  -3.82142  -3.69762  -1.19212    12.87712    21.95635    -9.07923
  -2.79511  -3.82224  -1.19212    12.67381    22.57428    -9.90047
  -1.82845  -3.45563  -1.19212    13.22037    23.86182   -10.64145
  -4.85031  -2.20500  -2.27212    13.43874    21.25557    -7.81683
  -4.28046  -3.09170  -2.27212    13.31763    20.35248    -7.03485
  -3.32169  -3.52956  -2.27212    13.37913    20.20593    -6.82680
  -2.27839  -3.37956  -2.27212    13.97526    20.24915    -6.27388
  -3.59547  -2.61329  -3.06273    14.35804    19.46694    -5.10890
  -1.04604  -2.35616  -3.02014    17.85892     6.33587    11.52305
  -0.74313  -0.65459  -3.81075    19.15284   -12.24047    31.39332
  -1.28313   0.28072  -3.81075    18.22037    -8.95493    27.17530
  -2.36313   0.28072  -3.81075    17.21321     3.72555    13.48766
  -2.36313  -1.58990  -3.81075    16.56060    10.06098     6.49963
  -1.28313  -1.58990  -3.81075    17.64619     0.60132    17.04487
  -1.82313  -0.65459  -4.10014    17.12160     0.73170    16.38990
  -4.18716   2.03619  -1.57199    12.64306    13.92455    -1.28149
  -5.03800   1.44890  -1.57199    12.80621    15.68123    -2.87501
  -5.51845   0.53348  -1.57199    12.89909    17.87701    -4.97793
  -5.51845  -0.50037  -1.57199    12.93674    20.82697    -7.89024
  -3.68743   1.86813  -2.65199    14.30094    11.31952     2.98142
  -4.64621   1.43027  -2.65199    13.37976    13.25374     0.12602
  -5.21606   0.54357  -2.65199    13.19966    15.34273    -2.14307
  -5.21606  -0.51046  -2.65199    13.33018    17.96902    -4.63884
  -2.88121   0.95186  -3.44260    16.63339     7.95821     8.67519
  -3.96121   0.95186  -3.44260    14.31914    11.58847     2.73067
  -4.50121   0.01655  -3.44260    13.99158    14.42265    -0.43107
  -3.42121   0.01655  -3.73199    15.67581    11.71146     3.96436
   4.13628   3.37705  -0.25743    -3.12562   -20.45062    17.32499
   3.45071   4.15089  -0.25743    -0.11483   -16.19629    16.08146
   2.48405   4.51750  -0.25743     1.82731   -13.03917    14.86647
   1.45774   4.39288  -0.25743     3.62638    -9.60589    13.23227
   4.09431   2.37325  -1.33743    -4.65549   -30.27348    25.61799
   3.79735   3.38458  -1.33743    -0.47377   -22.96684    22.49307
   3.00077   4.07482  -1.33743     2.41215   -18.60219    21.01433
   1.95747   4.22482  -1.33743     4.60278   -15.77077    20.37355
   3.30369   2.37325  -2.12805     0.36333   -34.31747    34.68080
   2.76369   3.30856  -2.12805     3.89809   -25.66588    29.56397
   2.91315   1.32925   3.16364   -14.48731   -15.07027     0.58296
   3.99315   1.32925   2.87425   -14.03488   -18.12301     4.08814
   3.45315   2.26455   2.87425    -9.07692   -13.42668     4.34975
   3.45315   0.39394   2.87425   -22.42029   -23.19456     0.77427
   4.78376   1.32925   2.08364   -15.65762   -22.05928     6.40166
   4.48681   2.34058   2.08364    -8.61006   -16.71493     8.10487
   3.69023   3.03082   2.08364    -5.53463   -13.57116     8.03653
   5.07315   1.32925   1.00364   -17.85453   -26.54698     8.69245
   4.82573   2.33305   1.00364    -9.20933   -20.55648    11.34715
   4.78376   1.32925  -0.07636   -18.14193   -31.63120    13.48927
   1.27726   2.00567   3.37880   -15.80069    -9.92188    -5.87881
   1.81726   2.94098   3.08941    -8.29944    -7.99427    -0.30517
   0.73726   2.94098   3.08941   -10.91427    -6.83438    -4.07989
   2.05434   3.70724   2.29880    -3.87738    -7.71393     3.83655
   1.01105   3.85724   2.29880    -3.93762    -4.79780     0.86017
   0.05227   3.41938   2.29880    -7.70519    -3.80656    -3.89863
   0.51132   4.02530   1.21880     0.12738    -1.42581     1.55319
  -0.33952   3.43801   1.21880    -1.68549     2.29505    -3.98054
   1.11315  -0.40132  -3.25376    15.41540   -19.21057    34.62597
   0.03315  -0.40132  -3.54315    18.91627   -21.43835    40.35462
   1.66284  -1.66145   2.83606   -16.64783    -0.41767   -16.23016
   4.10423  -0.77286  -2.28115    -7.63303   -14.97670     7.34368
   3.79811   0.26969  -2.28115    -6.12387   -23.57222    17.44836
   3.20193  -0.77286  -2.80209     1.44829   -12.58884    14.03713
  -2.73383   2.58675   0.97441     0.05961    10.28689   -10.22727
   1.03427  -2.95344   2.31996    -5.88102    10.21882   -16.09984
   2.06033  -2.95344   2.31996   -10.86909     5.11243   -15.98152
   1.27286  -3.97358   1.79902    -2.29794     9.13279   -11.43073
   0.73878  -4.90648   0.02183     3.69917    10.80447    -7.10530
  -0.23314  -4.42252  -1.02006     7.76543    13.72482    -5.95939
   0.73878  -4.90648  -1.02006     5.11922     9.98100    -4.86177
   4.14538  -2.06484  -1.99911    -7.89344    -7.85128    -0.04216
  -0.55459  -3.59195  -1.99911    11.95343    13.24924    -1.29582
   0.24826  -4.31484  -1.99911     8.12562    10.11020    -1.98458
   1.27573  -4.64869  -1.99911     5.49761     7.44642    -1.94881
   2.35015  -4.53576  -1.99911     3.36910     4.89351    -1.52442
   3.92076  -3.12158  -1.99911    -3.52849    -2.19245    -1.33603
  -2.69713   3.27800  -0.92437     7.92231     9.17034    -1.24803
   1.13167   4.36739  -1.96626     5.52710   -10.52197    16.04907
   0.08737   4.66452  -1.96626     5.92369    -4.05254     9.97623
  -0.99375   4.56434  -1.96626     6.51104     0.37431     6.13673
  -1.96567   4.08038  -1.96626     7.51631     3.79415     3.72216
   0.61762   4.19361  -2.94532     6.39620    -7.82623    14.22244
  -0.45680   4.30654  -2.94532     6.69615    -2.94504     9.64119
  -1.48427   3.97270  -2.94532     7.82755     0.67483     7.15272
  -0.45967   3.63143  -3.74345     7.73656    -3.99200    11.72856
   0.61584  -0.03140  -3.74345    14.63854   -18.24296    32.88150
  -0.69826   2.61129  -4.26439     9.40574    -4.47473    13.88047
  -0.69826   0.83410  -4.26439    13.39607    -8.97967    22.37575
  -3.71587  -1.28595   3.97174     1.60580    12.59672   -10.99093
  -4.46564   1.06001   3.45079     1.89759    11.72405    -9.82647
  -5.05308   0.14593   3.45079     3.81338    13.19885    -9.38548
  -5.05308  -0.94064   3.45079     4.45030    14.16347    -9.71317
  -4.46564  -1.85471   3.45079     4.16604    14.77530   -10.60927
  -2.40176  -2.15145   3.45079    -1.48155    12.36770   -13.84925
  -3.47441   2.18649   2.65266    -2.33371     9.36016   -11.69387
  -5.74414   0.14282   2.65266     5.79882    14.71062    -8.91181
  -5.74414  -0.93752   2.65266     6.16779    15.55285    -9.38506
  -1.46438  -2.32810   2.65266    -3.62575    12.41605   -16.04180
  -2.93023   2.54447   1.67361    -2.89031     8.79541   -11.68571
  -6.10695  -0.94023   1.67361     7.65562    17.06224    -9.40662
  -5.74414  -0.93752  -0.34734    11.16653    21.61350   -10.44697
  -5.53909  -1.20713  -0.69438    11.96284    22.95887   -10.99603
  -5.53909  -1.20713  -1.73627    12.20631    20.48674    -8.28043
  -1.31807  -3.30895  -1.73627    13.78387    19.11692    -5.33304
  -5.17627  -1.20443  -2.71533    12.66942    18.23175    -5.56233
  -1.83212  -3.13518  -2.71533    14.17481    15.96862    -1.79381
  -4.48522  -1.20754  -3.51346    13.15385    15.68298    -2.52912
  -3.89778  -2.12162  -3.51346    13.36846    16.31643    -2.94796
  -2.90940  -2.57299  -3.51346    13.88741    15.26795    -1.38053
  -3.14800   0.22433  -4.03440    14.61281     8.20371     6.40910
  -3.66103  -0.66426  -4.03440    13.88302    11.71563     2.16739
  -3.14800  -1.55285  -4.03440    14.10892    11.86468     2.24424
  -2.63497  -0.66426  -4.21533    15.14118     6.83218     8.30900
   1.99254   1.60977   3.49454   -15.08031   -11.32562    -3.75469
   2.50557   2.49837   3.31362    -9.67557   -10.04509     0.36952
   2.50557   0.72118   3.31362   -18.30257   -15.46031    -2.84226
   2.79361   3.36387   2.79267    -5.95193    -9.45281     3.50089
   3.73099   3.54052   1.99454    -4.73393   -12.24358     7.50965
   2.79539   4.08069   1.99454    -3.22854    -9.40108     6.17254
   4.17589   3.60015   1.01549    -4.14658   -15.07785    10.93126
   3.30944   4.25446   1.01549    -1.94340   -12.11062    10.16722
   2.26514   4.55159   1.01549    -0.57668    -9.05318     8.47650
   1.18402   4.45141   1.01549     0.38341    -5.06501     5.44842
   4.74746   2.67703  -0.02640    -7.24271   -21.96772    14.72500
   4.59062   1.60977  -1.00546   -11.26003   -30.05912    18.79909
   3.92090   1.60977  -1.80359    -5.92369   -34.11218    28.18849
  -1.38158  -2.75701   1.61425     2.46486    18.56570   -16.10084
  -2.99294   2.55554   0.63520     2.88843    11.62636    -8.73793
  -1.91183  -3.22792   0.63520     8.19590    24.54173   -16.34583
  -2.99294   2.55554  -0.40669     7.88340    12.30216    -4.41876
   3.07862   1.44019  -2.42563    -0.42671   -37.64590    37.21920
   2.48243   0.39763  -2.94657     4.35178   -25.45091    29.80269
   3.29066  -0.79413   3.32628   -23.08796   -17.96779    -5.12016
   4.36217  -0.79413   3.11314   -24.19426   -20.79174    -3.40252
   3.82641   0.13383   3.11314   -22.25588   -21.47561    -0.78027
   2.75490   0.13383   3.11314   -21.96409   -19.23026    -2.73383
   2.21914  -0.79413   3.11314   -22.07641   -13.72891    -8.34751
   2.75490  -1.72209   3.11314   -20.95631   -10.76101   -10.19530
   3.82641  -1.72209   3.11314   -23.33959   -16.66260    -6.67699
   5.27056  -0.79413   2.50618   -24.83934   -22.39098    -2.44835
   5.00530   0.19582   2.50618   -23.13188   -23.72434     0.59246
   2.30071  -2.50877   2.50618   -15.59298     2.29894   -17.89193
   3.29066  -2.77403   2.50618   -19.34424    -9.14228   -10.20196
   4.28061  -2.50877   2.50618   -22.89531   -15.58543    -7.30989
   5.00530  -1.78408   2.50618   -24.73705   -19.70663    -5.03042
   5.87752  -0.79413   1.59779   -24.79980   -23.01791    -1.78189
   5.65387   0.25804   1.59779   -23.31386   -24.83912     1.52526
   4.09004  -3.25438   1.59779   -19.04680   -11.41204    -7.63475
   5.02161  -2.71654   1.59779   -23.11870   -16.62491    -6.49379
   5.65387  -1.84630   1.59779   -24.77282   -20.31204    -4.46078
   6.09066  -0.79413   0.52628   -23.85791   -22.84611    -1.01180
   5.90158   0.21735   0.52628   -22.71459   -25.15246     2.43787
   5.35988   1.09222   0.52628   -19.72137   -27.10151     7.38014
   4.53873  -3.30059   0.52628   -17.70769   -11.45296    -6.25473
   5.35988  -2.68048   0.52628   -22.07076   -16.36439    -5.70638
   5.90158  -1.80561   0.52628   -23.73931   -19.99131    -3.74800
   5.87752  -0.79413  -0.54523   -21.65473   -21.88910     0.23438
   5.65387   0.25804  -0.54523   -20.49509   -25.12752     4.63243
   5.02161   1.12828  -0.54523   -17.40398   -29.15924    11.75526
   5.02161  -2.71654  -0.54523   -18.14946   -13.34036    -4.80909
   5.65387  -1.84630  -0.54523   -21.10063   -18.21089    -2.88974
   5.27056  -0.79413  -1.45362   -17.62360   -19.86922     2.24561
   5.00530   0.19582  -1.45362   -16.36482   -24.19239     7.82757
   4.28061   0.92051  -1.45362   -12.76354   -31.66141    18.89787
   5.00530  -1.78408  -1.45362   -16.24873   -15.09508    -1.15365
   4.36217  -0.79413  -2.06058   -10.98330   -16.39134     5.40804
  -0.68444   0.55108   4.40587   -18.71108    -6.17779   -12.53329
   0.38707   0.55108   4.19273   -21.16903    -9.61609   -11.55294
  -0.14868   1.47904   4.19273   -19.61406    -9.00182   -10.61224
  -1.22020   1.47904   4.19273   -17.14544    -5.56452   -11.58092
  -1.75595   0.55108   4.19273   -13.88930    -0.66704   -13.22225
  -1.22020  -0.37687   4.19273   -15.34951    -0.60868   -14.74083
  -0.14868  -0.37687   4.19273   -19.39004    -5.58114   -13.80890
   1.29546   0.55108   3.58577   -22.61105   -12.58105   -10.03000
   1.03020   1.54103   3.58577   -19.99936   -11.29429    -8.70507
   0.30551   2.26573   3.58577   -17.76605    -9.22423    -8.54182
  -0.68444   2.53098   3.58577   -16.62586    -7.15910    -9.46677
  -1.67439   2.26573   3.58577   -14.83181    -3.85680   -10.97501
  -0.68444  -1.42881   3.58577   -14.47664     2.03054   -16.50718
   0.30551  -1.16356   3.58577   -18.52345    -2.40907   -16.11439
   1.03020  -0.43887   3.58577   -22.12410    -8.92445   -13.19965
  -0.95484   3.12378   2.67738   -12.65185    -4.27436    -8.37748
  -1.97787   2.79137   2.67738   -11.37737    -0.81363   -10.56374
  -0.95484  -2.02161   2.67738    -8.11244     9.22511   -17.33756
   0.11494  -1.90917   2.67738   -11.84989     7.86026   -19.71015
  -1.45070   3.24420   1.60587    -6.52735     2.52331    -9.05067
  -2.37182   2.78553   1.60587    -5.36081     5.65411   -11.01492
   3.30814  -2.05643  -3.08631     2.13416    -4.29374     6.42790
   3.01027  -1.04197  -3.08631     3.66340    -9.95562    13.61902
   2.21123  -0.34960  -3.08631     8.03400   -17.02859    25.06260
  -0.36865  -2.58507  -3.08631    16.06236     3.57391    12.48845
   0.20297  -3.47451  -3.08631    11.21108     5.95424     5.25684
   1.16470  -3.91372  -3.08631     7.94490     4.88070     3.06419
   2.21123  -3.76326  -3.08631     5.42921     2.81092     2.61830
   3.01027  -3.07088  -3.08631     3.25803    -0.13346     3.39149
   2.47307  -2.05643  -3.75226     6.75200    -3.74937    10.50138
   1.95240  -1.15462  -3.75226     9.58458    -8.66034    18.24492
   0.91108  -1.15462  -3.75226    14.43146   -10.13374    24.56520
   0.39042  -2.05643  -3.75226    14.50551    -3.07293    17.57844
   0.91108  -2.95824  -3.75226    10.64570     1.32911     9.31658
   1.95240  -2.95824  -3.75226     7.63993     0.11214     7.52778
   1.43174  -2.05643  -3.98993    10.58922    -3.35140    13.94063
   2.74472  -3.77816   1.93213    -8.72113    -0.03537    -8.68576
   1.95702  -4.73364   1.26618    -1.22239     5.65299    -6.87537
   3.00354  -4.58317   1.26618    -4.30785     0.88731    -5.19516
   3.80258  -3.89080   1.26618   -10.97640    -5.27434    -5.70206
   1.70340  -5.15751   0.30385     1.64909     7.00158    -5.35249
   2.74472  -5.15751   0.30385    -0.31877     3.27572    -3.59450
   3.68291  -4.70569   0.30385    -3.70670    -0.62779    -3.07891
   4.33217  -3.89156   0.30385   -10.14495    -6.00002    -4.14493
   1.70340  -5.15751  -0.76425     3.20155     7.11176    -3.91020
   2.74472  -5.15751  -0.76425     1.28012     3.77730    -2.49718
   3.68291  -4.70569  -0.76425    -1.59136     0.42859    -2.01996
   4.33217  -3.89156  -0.76425    -6.49284    -3.77848    -2.71436
   3.00354  -4.58317  -1.72657     1.45708     3.00002    -1.54294
   3.80258  -3.89080  -1.72657    -1.91704    -0.35641    -1.56063
   0.56428  -2.25827   2.34445    -7.70770    11.23538   -18.94308
  -0.47704  -2.25827   2.10678    -4.40637    13.18608   -17.59245
   0.04362  -3.16008   2.10678    -1.45770    13.47946   -14.93716
  -0.66450  -3.67635   1.44083     3.50527    16.29300   -12.78773
   0.29724  -4.11556   1.44083     1.53363    13.16287   -11.62924
  -1.54383  -3.27348   0.47850     8.62575    23.86458   -15.23884
  -0.89458  -4.08762   0.47850     6.76330    17.47777   -10.71448
   0.04362  -4.53943   0.47850     4.47665    13.76321    -9.28655
  -0.89458  -4.08762  -0.58960     9.18486    17.59002    -8.40517
  -0.72524   3.49020   1.38436    -3.54417     1.99790    -5.54207
   0.57490   4.29522   0.71842     2.10843    -1.63188     3.74031
  -0.47162   4.44569   0.71842     2.30045     1.88659     0.41386
  -1.43336   4.00648   0.71842     1.88880     5.85901    -3.97021
  -2.00497   3.11703   0.71842     0.87663    13.01287   -12.13624
   0.31608   4.86956  -0.24391     4.21435    -2.42017     6.63452
  -0.72524   4.86956  -0.24391     4.58898     1.37189     3.21709
  -1.66344   4.41774  -0.24391     4.91905     4.88671     0.03234
  -2.31269   3.60361  -0.24391     5.58923     8.94069    -3.35146
   1.25428   4.41774  -1.31201     5.16252   -10.72305    15.88557
   0.31608   4.86956  -1.31201     5.28928    -4.13289     9.42217
  -0.72524   4.86956  -1.31201     5.76367     0.10588     5.65779
  -1.66344   4.41774  -1.31201     6.48155     3.61773     2.86382
   2.92277   1.88594  -2.74183     2.51129   -31.85147    34.36276
   2.69106   2.90115  -2.74183     4.41265   -24.83892    29.25156
   2.04180   3.71529  -2.74183     5.51016   -16.99070    22.50086
   1.10361   4.16710  -2.74183     6.05735   -10.47462    16.53197
   2.45934   1.88594  -3.70416     5.73857   -19.77989    25.51847
   2.16147   2.90040  -3.70416     6.13704   -16.13084    22.26788
   1.36243   3.59277  -3.70416     6.65850   -11.25570    17.91420
   0.31591   3.74324  -3.70416     7.26217    -6.88163    14.14380
   1.36243   0.17911  -3.70416    11.27823   -17.98656    29.26478
   2.16147   0.87149  -3.70416     7.02685   -19.76554    26.79239
   1.62427   1.88594  -4.37011     7.82191   -13.58832    21.41023
   1.10361   2.78775  -4.37011     7.70833   -10.40898    18.11730
   0.06228   2.78775  -4.37011     8.56048    -6.93960    15.50008
   0.06228   0.98413  -4.37011    11.69364   -11.18672    22.88036
   1.10361   0.98413  -4.37011     9.77283   -13.53933    23.31216
   0.58294   1.88594  -4.60778     9.16980    -9.83298    19.00277
  -2.61633   3.49488  -1.41044     8.36658     7.49740     0.86918
  -3.26558   2.68074  -1.41044    10.76116    10.77995    -0.01879
  -2.61633   3.49488  -2.47854     9.36244     5.04145     4.32099
  -3.26558   2.68074  -2.47854    11.83420     8.13473     3.69947
  -2.38625   3.08361  -3.44086    10.25476     2.87213     7.38263
  -2.95786   2.19417  -3.44086    12.79304     5.61942     7.17362
  -1.67813   2.56734  -4.10681    10.47753    -0.58075    11.05828
  -2.19879   1.66553  -4.10681    12.93799     1.24887    11.68912
  -1.67813   0.76372  -4.10681    15.18949    -2.81660    18.00610
  -1.15747   1.66553  -4.34449    11.70995    -4.16760    15.87755
  -4.32596   2.10916   2.42077     1.81601    11.76542    -9.94941
  -5.28770   1.66995   2.42077     4.33986    12.53693    -8.19707
  -5.85931   0.78051   2.42077     5.68022    13.75967    -8.07946
  -4.57958   2.53303   1.45844     4.18863    11.80837    -7.61974
  -5.51778   2.08122   1.45844     5.93185    12.49626    -6.56441
  -6.16703   1.26708   1.45844     6.91704    13.51157    -6.59453
  -6.39875   0.25186   1.45844     7.45168    14.98678    -7.53510
  -6.16703  -0.76335   1.45844     7.95557    17.23845    -9.28288
  -3.53826   2.53303   0.39034     5.31061    12.53384    -7.22323
  -4.57958   2.53303   0.39034     6.84801    12.64472    -5.79671
  -5.51778   2.08122   0.39034     7.92733    13.28923    -5.36190
  -6.16703   1.26708   0.39034     8.57554    14.37427    -5.79872
  -6.39875   0.25186   0.39034     8.93762    16.02448    -7.08687
  -6.16703  -0.76335   0.39034     9.37060    18.60715    -9.23655
  -4.32596   2.10916  -0.57198    10.30559    14.71399    -4.40840
  -5.28770   1.66995  -0.57198    10.60115    15.35239    -4.75124
  -5.85931   0.78051  -0.57198    10.88854    16.94100    -6.05246
  -5.85931  -0.27678  -0.57198    11.32090    19.89379    -8.57289
  -2.76220  -0.09894   4.50223    -3.96963     6.51660   -10.48622
  -1.72088  -0.09894   4.26455   -11.96535     1.61734   -13.58269
  -2.24154   0.80287   4.26455    -9.44967     2.04040   -11.49006
  -3.28286   0.80287   4.26455    -2.65311     7.04733    -9.70044
  -3.80352  -0.09894   4.26455     0.45620    10.09002    -9.63382
  -3.28286  -1.00075   4.26455    -0.37964    10.34465   -10.72429
  -2.24154  -1.00075   4.26455    -5.29242     7.11728   -12.40969
  -3.02924   1.75836   3.59860    -5.37085     5.45769   -10.82854
  -3.99098   1.31915   3.59860     0.00188     9.97472    -9.97284
  -1.98272  -1.80577   3.59860    -4.61847     9.90104   -14.51951
  -4.08316  -2.33374   3.38273     3.81087    14.71676   -10.90590
  -5.36289  -1.96057   2.71678     6.24309    15.89408    -9.65099
  -4.79128  -2.85002   2.71678     5.92620    15.44801    -9.52181
  -3.82954  -3.28923   2.71678     4.98870    15.37356   -10.38486
  -2.78302  -3.13876   2.71678     2.90474    15.34049   -12.43575
  -5.67061  -2.44714   1.75445     7.71084    16.93257    -9.22173
  -5.02136  -3.26128   1.75445     7.67130    16.77798    -9.10668
  -4.08316  -3.71309   1.75445     7.24209    17.07339    -9.83130
  -3.04184  -3.71309   1.75445     6.16214    17.71825   -11.55611
  -2.10364  -3.26128   1.75445     4.23757    18.44489   -14.20731
  -5.67061  -2.44714   0.68636     9.36495    19.11481    -9.74986
  -5.02136  -3.26128   0.68636     9.62349    19.22752    -9.60403
  -4.08316  -3.71309   0.68636     9.66553    20.14815   -10.48262
  -3.04184  -3.71309   0.68636     9.24384    21.98566   -12.74182
  -2.10364  -3.26128   0.68636     8.30948    24.60515   -16.29567
  -5.36289  -1.96057  -0.27597    11.78149    23.39922   -11.61773
  -2.27599  -3.38482   0.30426     9.93850    26.11063   -16.17213
  -5.16358  -2.69320  -0.65807    11.86746    21.89065   -10.02319
  -4.51433  -3.50734  -0.65807    11.66415    21.08728    -9.42313
  -3.57613  -3.95915  -0.65807    11.30082    21.10638    -9.80556
  -2.53481  -3.95915  -0.65807    11.04040    21.94619   -10.90579
  -1.59661  -3.50734  -0.65807    11.84361    23.81172   -11.96810
  -5.16358  -2.69320  -1.72617    11.88001    19.76063    -7.88062
  -4.51433  -3.50734  -1.72617    11.76643    19.10661    -7.34017
  -3.57613  -3.95915  -1.72617    11.69113    18.99026    -7.29913
  -2.53481  -3.95915  -1.72617    11.85365    19.26341    -7.40976
  -1.59661  -3.50734  -1.72617    13.07040    19.59381    -6.52341
  -4.85586  -2.20663  -2.68849    12.58533    18.75892    -6.17359
  -4.28425  -3.09607  -2.68849    12.27660    17.98998    -5.71338
  -3.32251  -3.53528  -2.68849    12.38704    17.65098    -5.26394
  -2.27599  -3.38482  -2.68849    13.25112    17.14300    -3.89188
  -3.57613  -2.57980  -3.35444    13.44816    16.99143    -3.54327
  -1.04364  -2.36142  -3.43651    16.13264     4.63586    11.49678
  -0.24460  -1.66904  -3.43651    18.88615    -6.99398    25.88013
  -0.78181  -0.65459  -4.10246    16.83545    -8.64839    25.48384
  -1.30247   0.24722  -4.10246    16.28199    -6.50887    22.79086
  -2.34379   0.24722  -4.10246    15.65071     2.97525    12.67547
  -2.34379  -1.55640  -4.10246    15.09788     7.98388     7.11399
  -1.30247  -1.55640  -4.10246    15.84712     0.64004    15.20709
  -1.82313  -0.65459  -4.34014    15.49823     0.80695    14.69128
  -3.94187   2.29772  -1.03794    10.78187    13.34820    -2.56633
  -4.88007   1.84590  -1.03794    11.33345    14.89175    -3.55830
  -5.52933   1.03177  -1.03794    11.83169    16.85320    -5.02151
  -5.76104   0.01655  -1.03794    11.94025    19.22946    -7.28921
  -3.94187   2.29772  -2.10604    12.15737    11.28008     0.87729
  -4.88007   1.84590  -2.10604    11.70933    12.73538    -1.02605
  -5.52933   1.03177  -2.10604    11.71497    14.41854    -2.70357
  -5.76104   0.01655  -2.10604    11.79153    16.43533    -4.64380
  -5.52933  -0.99866  -2.10604    12.24585    19.13428    -6.88843
  -3.68825   1.87385  -3.06836    13.31324     9.55420     3.75904
  -4.64999   1.43464  -3.06836    12.31111    11.51769     0.79342
  -5.22160   0.54520  -3.06836    12.12599    13.42192    -1.29593
  -5.22160  -0.51209  -3.06836    12.38955    15.61453    -3.22498
  -3.94187   0.91836  -3.73431    13.26492    10.09202     3.17290
  -4.46254   0.01655  -3.73431    12.97690    12.61505     0.36185
   3.68255   4.20260   0.27662    -1.52234   -14.47564    12.95330
   2.74435   4.65441   0.27662     0.23343   -11.54699    11.78042
   1.70303   4.65441   0.27662     1.61458    -8.46311    10.07769
   4.33180   3.38846  -0.79148    -2.89533   -20.30795    17.41263
   3.68255   4.20260  -0.79148    -0.13115   -16.43454    16.30339
   2.74435   4.65441  -0.79148     1.80472   -13.58363    15.38835
   1.70303   4.65441  -0.79148     3.55484   -10.87492    14.42976
   4.10009   2.37325  -1.75381    -3.51217   -28.12894    24.61676
   3.80221   3.38771  -1.75381    -0.14244   -21.97882    21.83637
   3.00317   4.08008  -1.75381     2.42783   -18.09233    20.52017
   1.95665   4.23055  -1.75381     4.60968   -15.52534    20.13503
   3.26501   2.37325  -2.41976     1.05735   -30.74975    31.80710
   2.74435   3.27506  -2.41976     3.92758   -23.85967    27.78725
   2.91315   1.32925   3.40364   -14.29216   -13.98880    -0.30336
   3.95447   1.32925   3.16596   -13.76003   -16.38117     2.62115
   3.43381   2.23106   3.16596    -9.67557   -12.63080     2.95523
   3.43381   0.42744   3.16596   -20.05646   -19.76502    -0.29144
   4.78954   1.32925   2.50001   -14.80169   -19.43723     4.63553
   4.49167   2.34370   2.50001    -9.02610   -15.11838     6.09229
   5.25297   1.32925   1.53769   -16.48656   -22.88317     6.39662
   5.02126   2.34446   1.53769    -9.45092   -17.98181     8.53089
   4.37200   3.15860   1.53769    -5.75301   -15.18407     9.43107
   5.25297   1.32925   0.46959   -17.57215   -26.54763     8.97548
   5.02126   2.34446   0.46959    -9.50928   -21.42146    11.91218
   1.27726   2.00567   3.61880   -15.33508    -9.57896    -5.75612
   1.79792   2.90748   3.38113    -9.02798    -7.93456    -1.09342
   0.75660   2.90748   3.38113   -11.39243    -6.98094    -4.41150
   2.05675   3.71250   2.71518    -5.03451    -7.40695     2.37244
   1.01022   3.86296   2.71518    -5.28614    -5.10313    -0.18301
   0.04849   3.42375   2.71518    -9.03488    -4.61963    -4.41526
   0.75660   4.28683   1.75285    -1.80660    -3.48739     1.68079
  -0.18160   3.83502   1.75285    -3.58120    -0.96634    -2.61485
   1.07447  -0.40132  -3.54547    14.14030   -16.93960    31.07990
   0.03315  -0.40132  -3.78315    17.07202   -17.19908    34.27110
