
  Conf 1                                                                        

iqopt   irstrnt  ihfree     qwt
  1      1      1        0.005000

 rel.rms   dipole mom       Qxx      Qyy      Qzz
    0.09882   0.00000   0.00000   0.00000   0.00000

          Point charges before & after optimization
    NO   At.No.    q0           q(opt)   IVARY  d(rstr)/dq 
     1     6   0.000000       0.385641    0    0.012550
     2     6   0.000000       0.426454    0    0.011415
     3     6   0.000000       0.001206    0    0.049996
     4     6   0.000000      -0.010967    0    0.049702
     5     6   0.000000      -0.028716    0    0.048057
     6     6   0.000000      -0.028716    5    0.048057
     7     6   0.000000      -0.024743    0    0.048537
     8     6   0.000000       0.006396    0    0.049898
     9     7   0.000000      -0.237111    0    0.019430
    10     7   0.000000      -0.203281    0    0.022070
    11     8   0.000000      -0.473836    0    0.010325
    12     8   0.000000      -0.477986    0    0.010239
    13     1   0.000000       0.036063    0    0.000000
    14     1   0.000000       0.004563    0    0.000000
    15     1   0.000000       0.046364    0    0.000000
    16     1   0.000000       0.042174    0    0.000000
    17     1   0.000000       0.000575    0    0.000000
    18     1   0.000000       0.020847    0    0.000000
    19     1   0.000000       0.045206    0    0.000000
    20     1   0.000000       0.060002    0    0.000000
    21     1   0.000000       0.055114    0    0.000000
    22     1   0.000000       0.047823    0    0.000000
    23     1   0.000000       0.017727    0    0.000000
    24     1   0.000000       0.068669    0    0.000000
    25     1   0.000000       0.051326    0    0.000000
    26     1   0.000000       0.030089    0    0.000000
    27     1   0.000000       0.062141    0    0.000000
    28     1   0.000000       0.076978    0    0.000000
    29     6   0.000000       0.385641    1    0.012550
    30     6   0.000000       0.426454    2    0.011415
    31     6   0.000000       0.001206    3    0.049996
    32     6   0.000000      -0.010967    4    0.049702
    33     6   0.000000      -0.028716    5    0.048057
    34     6   0.000000      -0.028716    5    0.048057
    35     6   0.000000      -0.024743    7    0.048537
    36     6   0.000000       0.006396    8    0.049898
    37     7   0.000000      -0.237111    9    0.019430
    38     7   0.000000      -0.203281   10    0.022070
    39     8   0.000000      -0.473836   11    0.010325
    40     8   0.000000      -0.477986   12    0.010239
    41     1   0.000000       0.036063   13    0.000000
    42     1   0.000000       0.004563   14    0.000000
    43     1   0.000000       0.046364   15    0.000000
    44     1   0.000000       0.042174   16    0.000000
    45     1   0.000000       0.000575   17    0.000000
    46     1   0.000000       0.020847   18    0.000000
    47     1   0.000000       0.045206   19    0.000000
    48     1   0.000000       0.060002   20    0.000000
    49     1   0.000000       0.055114   21    0.000000
    50     1   0.000000       0.047823   22    0.000000
    51     1   0.000000       0.017727   23    0.000000
    52     1   0.000000       0.068669   24    0.000000
    53     1   0.000000       0.051326   25    0.000000
    54     1   0.000000       0.030089   26    0.000000
    55     1   0.000000       0.062141   27    0.000000
    56     1   0.000000       0.076978   28    0.000000

        Statistics of the fitting:
  The initial sum of squares (ssvpot)                      1.225
  The residual sum of squares (chipot)                     0.012
  The std err of estimate (sqrt(chipot/N))               0.00330
  ESP relative RMS (SQRT(chipot/ssvpot))                 0.09882
