
  Conf 1                                                                        

iqopt   irstrnt  ihfree     qwt
  2      1      1        0.001000

 rel.rms   dipole mom       Qxx      Qyy      Qzz
    0.12797   0.00000   0.00000   0.00000   0.00000

          Point charges before & after optimization
    NO   At.No.    q0           q(opt)   IVARY  d(rstr)/dq 
     1     6   0.385641       0.385641   -1    0.002510
     2     6   0.426454       0.426454   -1    0.002283
     3     6   0.001206       0.001206   -1    0.009999
     4     6  -0.010967      -0.010967   -1    0.009940
     5     6  -0.028716      -0.028716   -1    0.009612
     6     6  -0.028716      -0.028716   -1    0.009612
     7     6  -0.024743      -0.024743   -1    0.009707
     8     6   0.006396       0.006396   -1    0.009980
     9     7  -0.237111      -0.237111   -1    0.003886
    10     7  -0.203281      -0.203281   -1    0.004414
    11     8  -0.473836      -0.473836   -1    0.002065
    12     8  -0.477986      -0.477986   -1    0.002048
    13     1   0.036063       0.028996    0    0.000000
    14     1   0.004563       0.028996   13    0.000000
    15     1   0.046364       0.028996   13    0.000000
    16     1   0.042174       0.025767    0    0.000000
    17     1   0.000575       0.025767   16    0.000000
    18     1   0.020847       0.025767   16    0.000000
    19     1   0.045206       0.049090    0    0.000000
    20     1   0.060002       0.049090   19    0.000000
    21     1   0.055114       0.049090   19    0.000000
    22     1   0.047823       0.049090   19    0.000000
    23     1   0.017727       0.049090   19    0.000000
    24     1   0.068669       0.049090   19    0.000000
    25     1   0.051326       0.047191    0    0.000000
    26     1   0.030089       0.047191   25    0.000000
    27     1   0.062141       0.047191   25    0.000000
    28     1   0.076978       0.065253    0    0.000000
    29     6   0.385641       0.385641    1    0.002510
    30     6   0.426454       0.426454    2    0.002283
    31     6   0.001206       0.001206    3    0.009999
    32     6  -0.010967      -0.010967    4    0.009940
    33     6  -0.028716      -0.028716    5    0.009612
    34     6  -0.028716      -0.028716    6    0.009612
    35     6  -0.024743      -0.024743    7    0.009707
    36     6   0.006396       0.006396    8    0.009980
    37     7  -0.237111      -0.237111    9    0.003886
    38     7  -0.203281      -0.203281   10    0.004414
    39     8  -0.473836      -0.473836   11    0.002065
    40     8  -0.477986      -0.477986   12    0.002048
    41     1   0.036063       0.028996   13    0.000000
    42     1   0.004563       0.028996   13    0.000000
    43     1   0.046364       0.028996   13    0.000000
    44     1   0.042174       0.025767   16    0.000000
    45     1   0.000575       0.025767   16    0.000000
    46     1   0.020847       0.025767   16    0.000000
    47     1   0.045206       0.049090   19    0.000000
    48     1   0.060002       0.049090   19    0.000000
    49     1   0.055114       0.049090   19    0.000000
    50     1   0.047823       0.049090   19    0.000000
    51     1   0.017727       0.049090   19    0.000000
    52     1   0.068669       0.049090   19    0.000000
    53     1   0.051326       0.047191   25    0.000000
    54     1   0.030089       0.047191   25    0.000000
    55     1   0.062141       0.047191   25    0.000000
    56     1   0.076978       0.065253   28    0.000000

        Statistics of the fitting:
  The initial sum of squares (ssvpot)                      1.225
  The residual sum of squares (chipot)                     0.020
  The std err of estimate (sqrt(chipot/N))               0.00428
  ESP relative RMS (SQRT(chipot/ssvpot))                 0.12797
