Stage 1 resp fit for connector id 1.
 &cntrl

 nmol    = 2,
 ihfree  = 1,
 ioutopt = 1,
 iqopt   = 1,
 qwt     = 0.00500

 &end
  1.000000
  Conf 0
    0   28
    6    0
    6    0
    6    0
    6    0
    6    0
    6    5
    6    0
    6    0
    7    0
    7    0
    8    0
    8    0
    1    0
    1    0
    1    0
    1    0
    1    0
    1    0
    1    0
    1    0
    1    0
    1    0
    1    0
    1    0
    1    0
    1    0
    1    0
    1    0

  1.000000
  Conf 1
    0   28
    6    0
    6    0
    6    0
    6    0
    6    0
    6    0
    6    0
    6    0
    7    0
    7    0
    8    0
    8    0
    1    0
    1    0
    1    0
    1    0
    1    0
    1    0
    1    0
    1    0
    1    0
    1    0
    1    0
    1    0
    1    0
    1    0
    1    0
    1    0

    6   0.00000
    1    1    1   11    1    3    1   13    1   14    1   15
    9   0.00000
    1    9    1    5    1   19    1   20    1   21    1    6    1   22    1   23
    1   24

    2
    1    1    2    1
    2
    1    2    2    2
    2
    1    3    2    3
    2
    1    4    2    4
    2
    1    5    2    5
    2
    1    6    2    6
    2
    1    7    2    7
    2
    1    8    2    8
    2
    1    9    2    9
    2
    1   10    2   10
    2
    1   11    2   11
    2
    1   12    2   12
    2
    1   13    2   13
    2
    1   14    2   14
    2
    1   15    2   15
    2
    1   16    2   16
    2
    1   17    2   17
    2
    1   18    2   18
    2
    1   19    2   19
    2
    1   20    2   20
    2
    1   21    2   21
    2
    1   22    2   22
    2
    1   23    2   23
    2
    1   24    2   24
    2
    1   25    2   25
    2
    1   26    2   26
    2
    1   27    2   27
    2
    1   28    2   28

