  905     7       136461.2218586041     1308.3674556737
  -3.35728   0.12656   2.38960    15.06023    17.91036    -2.85013
  -2.30728   0.12656   2.10826    15.82893    16.39370    -0.56477
  -4.40728   0.12656   2.10826    20.70405    21.63311    -0.92906
  -3.88228  -0.78277   2.10826    10.42356    12.34668    -1.92312
  -2.83228  -0.78277   2.10826     6.23807     6.81838    -0.58030
  -4.92916   1.51912   0.28960    15.76304    14.83285     0.93019
  -3.61611   1.92670  -0.76040     5.31312     8.13548    -2.82236
  -4.54825   1.50101  -0.76040    -1.18035     1.84566    -3.02601
  -5.10227   0.63893  -0.76040     2.03250     3.54188    -1.50937
  -2.83228   1.03589  -1.52905    -2.44729    -3.13585     0.68856
  -3.88228   1.03589  -1.52905   -11.18473    -7.23981    -3.94492
  -4.40728   0.12656  -1.52905    -9.67180    -8.38866    -1.28314
  -3.88228  -0.78277  -1.52905   -11.17971   -16.35744     5.17773
  -3.35728   0.12656  -1.81040    -9.61345   -11.61513     2.00168
  -2.24005  -0.60870   2.06757    10.50451     9.68869     0.81582
  -2.76505  -1.51802   1.78622    -1.25627    -2.38831     1.13203
  -1.71505  -1.51802   1.78622     0.40412    -0.23898     0.64310
  -2.76505   0.30063  -1.85108    -2.24837    -6.11918     3.87082
  -3.29005  -0.60870  -1.85108   -10.83207   -15.92521     5.09314
  -2.24005  -0.60870  -2.13243    -8.61633   -11.77974     3.16341
  -3.28739  -1.79529   1.37419    -7.48180    -8.83756     1.35577
  -2.79739  -2.64400   1.37419   -22.84323   -22.06608    -0.77714
  -1.81739  -2.64400   1.37419   -21.49973   -20.74893    -0.75080
  -3.68062  -2.79300   0.65678   -26.01843   -24.44787    -1.57055
  -2.83192  -3.40963   0.65678   -31.71308   -31.59057    -0.12251
  -1.78286  -3.40963   0.65678   -30.04139   -30.13766     0.09627
  -4.00480  -2.77529  -0.32322   -29.22123   -27.68401    -1.53723
  -3.28739  -3.49270  -0.32322   -34.88388   -34.92474     0.04086
  -2.30739  -3.75529  -0.32322   -35.04264   -36.25082     1.20818
  -1.32739  -3.49270  -0.32322   -32.14480   -31.84400    -0.30080
  -4.00480  -1.79529  -1.30322   -22.67757   -24.36993     1.69236
  -3.68062  -2.79300  -1.30322   -33.22726   -33.10813    -0.11912
  -2.83192  -3.40963  -1.30322   -36.02783   -37.24573     1.21790
  -1.78286  -3.40963  -1.30322   -35.70529   -35.97670     0.27141
  -0.93416  -2.79300  -1.30322   -30.70780   -28.26787    -2.43993
  -1.32739  -1.79529  -2.02063   -27.26654   -25.65971    -1.60683
  -3.28739  -1.79529  -2.02063   -27.50625   -28.96143     1.45518
  -2.79739  -2.64400  -2.02063   -33.81021   -34.71441     0.90420
  -1.81739  -2.64400  -2.02063   -34.01478   -33.53187    -0.48291
  -2.30739  -1.79529  -2.28322   -28.29064   -28.76620     0.47556
  -0.93330   0.13826   2.06230     3.11872     4.71686    -1.59813
  -0.93330   0.13826  -2.13771    -7.46862    -7.93328     0.46466
  -0.84118   1.53437   1.98990     3.11872     3.76680    -0.64808
  -1.36618   2.44370   1.70855    11.94088    13.04229    -1.10141
  -1.89118   1.53437   1.70855    22.78612    23.14455    -0.35842
  -1.10000   3.33451   0.93990    16.83357    15.49149     1.34208
  -1.36618   2.44370  -1.92875     5.22339     4.73155     0.49184
  -1.89118   1.53437  -1.92875     2.39960     1.75410     0.64550
  -0.84118   1.53437  -2.21010    -4.00288    -5.08407     1.08119
   0.40910   2.15269   1.98460    -1.65474    -1.87179     0.21705
   0.93410   3.06201   1.70325     4.71260     5.59605    -0.88346
  -0.11590   3.06201   1.70325     5.65010     6.35750    -0.70740
  -0.78186   3.52713   0.93460    15.99333    14.94831     1.04503
   1.93905   3.13592  -1.16540    14.09700    12.29798     1.79902
   0.93410   3.06201  -1.93405     4.65675     5.09658    -0.43983
  -0.11590   3.06201  -1.93405     4.90022     4.61297     0.28725
   0.40910   2.15269  -2.21540    -3.60316    -4.67083     1.06767
   1.57575   1.39123   2.05349    -2.56275    -3.52544     0.96269
   2.62575   1.39123   1.77215     2.24021     1.06850     1.17171
   2.10075   2.30056   1.77215     3.82404     4.44585    -0.62181
   2.62575   1.39123  -1.86516     1.23619     0.12092     1.11528
   2.10075   2.30056  -1.86516     3.39043     3.40639    -0.01596
   1.57575   1.39123  -2.14651    -4.57768    -6.01616     1.43848
   1.47158   0.00046   2.11428    -4.11458    -7.67567     3.56109
   1.47158   0.00046  -2.08572    -7.13980   -11.41378     4.27398
   2.93730  -0.96744   2.47229   -10.88290    -7.94261    -2.94028
   3.96995  -0.96744   2.23660   -10.89231    -7.86107    -3.03124
   3.45363  -0.07315   2.23660    -9.16038    -6.51197    -2.64842
   2.42098  -0.07315   2.23660    -5.82643    -7.50977     1.68335
   1.90466  -0.96744   2.23660    -6.80409    -7.99735     1.19327
   2.42098  -1.86173   2.23660   -11.10378    -8.21821    -2.88557
   3.45363  -1.86173   2.23660   -11.44326    -8.65012    -2.79315
   4.79806  -0.96744   1.57620    -7.59098    -7.85977     0.26879
   4.44269   0.12629   1.57620    -8.79643    -5.57987    -3.21655
   3.51231   0.80225   1.57620    -2.58910    -2.27218    -0.31693
   1.43192  -2.06117   1.57620    -4.72326    -5.44232     0.71906
   2.36230  -2.73713   1.57620   -11.32780    -8.38039    -2.94741
   3.51231  -2.73713   1.57620    -9.48543    -9.28257    -0.20286
   4.44269  -2.06117   1.57620    -6.17532    -8.99292     2.81760
   5.25763  -0.96744   0.62189    -4.68561    -7.93642     3.25080
   4.99185   0.11087   0.62189    -7.60102    -5.56622    -2.03480
   4.25540   0.94215   0.62189    -2.00740    -0.15872    -1.84868
   2.11450  -3.13699   0.62189   -10.51329    -8.14399    -2.36930
   3.21699  -3.27085   0.62189    -9.53501    -9.67318     0.13817
   4.25540  -2.87703   0.62189    -4.10705    -9.71585     5.60880
   4.99185  -2.04575   0.62189    -1.80032    -9.14131     7.34099
   5.25763  -0.96744  -0.43730    -5.24472    -8.10579     2.86106
   4.99185   0.11087  -0.43730    -7.77359    -5.65048    -2.12310
   4.25540   0.94215  -0.43730    -1.27698     0.21650    -1.49348
   2.11450  -3.13699  -0.43730   -11.12700    -8.88690    -2.24010
   3.21699  -3.27085  -0.43730   -10.20393   -10.11258    -0.09135
   4.25540  -2.87703  -0.43730    -4.87010   -10.00813     5.13803
   4.99185  -2.04575  -0.43730    -2.54894    -9.35958     6.81064
   4.79806  -0.96744  -1.39161    -8.85918    -8.42831    -0.43086
   4.44269   0.12629  -1.39161    -8.95833    -5.93135    -3.02697
   3.51231   0.80225  -1.39161    -1.00464    -1.89115     0.88651
   1.43192  -2.06117  -1.39161    -6.36106    -8.58980     2.22874
   2.36230  -2.73713  -1.39161   -12.79994   -10.20336    -2.59657
   3.51231  -2.73713  -1.39161   -11.16026   -10.35952    -0.80073
   4.44269  -2.06117  -1.39161    -7.92796    -9.73218     1.80422
   3.96995  -0.96744  -2.05201   -12.08646    -9.02544    -3.06102
   3.45363  -0.07315  -2.05201    -9.20996    -7.72594    -1.48402
   2.42098  -0.07315  -2.05201    -6.25564   -10.03928     3.78363
   1.90466  -0.96744  -2.05201    -8.25740   -11.54874     3.29135
   2.42098  -1.86173  -2.05201   -12.59788   -10.76117    -1.83671
   3.45363  -1.86173  -2.05201   -13.10805   -10.20442    -2.90362
   2.93730  -0.96744  -2.28771   -11.79279   -10.06707    -1.72572
   0.23417  -0.63322   2.11193    -3.04970    -2.63583    -0.41386
  -0.29083  -1.54255   1.83058    -0.47502     0.64156    -1.11659
   0.75917  -1.54255   1.83058    -1.61521    -2.53460     0.91939
  -0.29083  -1.54255  -1.80673   -12.79743   -12.00781    -0.78962
   0.75917  -1.54255  -1.80673    -7.07078    -8.79405     1.72327
   0.23417  -0.63322  -2.08808    -9.80797   -10.84113     1.03316
  -5.00239   0.16667   1.77443    24.37435    23.70616     0.66819
  -5.00239  -0.99418   1.77443    19.54880    19.16147     0.38734
  -3.89835  -1.35290   1.77443     8.15888     8.50899    -0.35011
  -5.70492   0.13272   0.93443    23.39920    21.92118     1.47802
  -5.70492  -0.96022   0.93443    21.76203    20.08810     1.67393
  -5.00239  -1.79747   0.93443    13.83847    12.22797     1.61050
  -3.92605  -1.98725   0.93443    -4.53250    -5.57824     1.04574
  -5.70492   0.13272  -0.10386    16.95593    16.07937     0.87656
  -5.70492  -0.96022  -0.10386    17.37950    15.49666     1.88284
  -5.00239  -1.79747  -0.10386     8.05848     5.74988     2.30860
  -5.00239  -0.99418  -0.94386     5.85843     3.56888     2.28955
  -3.27201   0.96001   2.53346    23.95078    25.56082    -1.61004
  -2.28454   0.96001   2.21261    22.45292    23.46348    -1.01057
  -2.96687   1.89916   2.21261    29.43835    29.87495    -0.43660
  -4.07090   1.54044   2.21261    28.36531    28.58388    -0.21857
  -2.99456   2.53351   1.37261    32.62296    32.64557    -0.02261
  -4.07090   2.34372   1.37261    29.76717    29.44639     0.32077
  -4.77343   1.50648   1.37261    27.03625    25.73119     1.30505
  -4.07090   2.34372   0.33431    23.36469    23.80927    -0.44458
  -2.53625   2.72136   1.15928    28.59812    29.01017    -0.41206
  -1.45991   3.71443   0.31928    20.95066    19.30789     1.64277
  -2.53625   3.52465   0.31928    22.75538    21.78023     0.97515
  -3.23878   2.68740   0.31928    29.33858    28.72569     0.61289
  -1.45991   3.71443  -0.71902    19.57328    17.50039     2.07288
  -2.53625   3.52465  -0.71902    19.32416    17.98271     1.34145
  -3.23878   2.68740  -0.71902    17.87461    17.46773     0.40688
  -1.43221   3.08008  -1.55902    12.16051    11.07421     1.08629
  -2.53625   2.72136  -1.55902    12.54768    12.29239     0.25529
  -2.53625   1.56051  -1.55902     5.24221     4.76858     0.47363
   0.78475   4.17382   1.17814    13.67155    14.75585    -1.08430
  -0.31928   3.81509   1.17814    13.60817    14.37011    -0.76194
   1.70357   4.26170   0.33814    16.82855    16.50887     0.31968
   0.75706   4.80817   0.33814    17.35189    17.07231     0.27959
  -0.31928   4.61838   0.33814    17.96309    17.65607     0.30702
  -1.02181   3.78114   0.33814    20.72538    18.70001     2.02537
   1.70357   4.26170  -0.70016    16.58947    16.14404     0.44543
   0.75706   4.80817  -0.70016    17.24710    16.72461     0.52249
  -0.31928   4.61838  -0.70016    17.70330    17.09297     0.61033
  -1.02181   3.78114  -0.70016    20.06273    17.63023     2.43251
   0.78475   4.17382  -1.54016    13.35591    13.84856    -0.49264
  -0.31928   3.81509  -1.54016    12.76919    12.75199     0.01720
   3.53963   1.86385   1.31187     8.22853     7.83239     0.39614
   2.85730   2.80300   1.31187    11.21987    11.36123    -0.14136
   4.14992   1.86385   0.47187     9.80421     8.60054     1.20367
   3.77612   2.89088   0.47187    14.27647    12.57796     1.69851
   2.82960   3.43735   0.47187    16.13264    14.94758     1.18506
   4.14992   1.86385  -0.56643     9.83496     8.52214     1.31281
   3.77612   2.89088  -0.56643    14.27019    12.47185     1.79834
   2.82960   3.43735  -0.56643    16.39431    14.98447     1.40984
   3.53963   1.86385  -1.40643     8.05346     7.47600     0.57745
   2.85730   2.80300  -1.40643    11.30647    11.01869     0.28777
  -0.64823  -2.29375   1.40373    -3.99473    -3.75400    -0.24073
   0.45580  -2.65247   1.40373     0.30748    -0.60750     0.91498
  -0.64823  -3.09703   0.56374   -11.86369   -12.84522     0.98152
   0.42810  -3.28682   0.56374    -0.55472    -2.92568     2.37096
   1.37462  -2.74035   0.56374    -2.12788    -3.19551     1.06763
  -0.64823  -3.09703  -0.47456   -19.59085   -19.50080    -0.09004
   0.42810  -3.28682  -0.47456    -2.94992    -5.19989     2.24997
   1.37462  -2.74035  -0.47456    -3.10303    -4.46780     1.36477
  -0.64823  -2.29375  -1.31456   -23.16953   -20.56684    -2.60269
   0.45580  -2.65247  -1.31456    -5.55409    -6.43726     0.88317
  -3.35728   0.12656   2.68960    13.59750    15.67272    -2.07522
  -2.31596   0.12656   2.45193    12.78362    13.95497    -1.17135
  -4.39860   0.12656   2.45193    16.96786    18.07483    -1.10697
  -3.87794  -0.77525   2.45193     9.23255    10.77670    -1.54416
  -2.83662  -0.77525   2.45193     6.12700     7.13672    -1.00972
  -5.15767   0.65520   1.78598    21.95154    21.16506     0.78647
  -3.62432  -1.73074   1.78598     0.33886     0.29132     0.04754
  -5.46539   1.14177   0.82365    18.56675    17.31573     1.25102
  -4.81614   1.95591  -0.24445     9.53438    10.49044    -0.95607
  -5.46539   1.14177  -0.24445     9.21623     9.37831    -0.16208
  -3.62432   1.98386  -1.20677     3.27183     5.47648    -2.20464
  -4.58606   1.54464  -1.20677    -1.46084     1.14135    -2.60219
  -5.15767   0.65520  -1.20677    -0.41541     1.09277    -1.50818
  -2.83662   1.02837  -1.87272    -2.19879    -2.61162     0.41283
  -3.87794   1.02837  -1.87272    -7.06513    -4.88046    -2.18467
  -4.39860   0.12656  -1.87272    -7.67444    -7.07243    -0.60201
  -3.87794  -0.77525  -1.87272   -11.47966   -14.48625     3.00659
  -3.35728   0.12656  -2.11040    -7.91352    -9.38019     1.46667
  -2.24005  -0.60870   2.36757     7.95619     8.22636    -0.27017
  -2.76071  -1.51051   2.12989    -0.07216    -0.18413     0.11197
  -1.71939  -1.51051   2.12989     0.16503     0.15685     0.00819
  -2.76071   0.29311  -2.19476    -3.96712    -6.22272     2.25561
  -3.28137  -0.60870  -2.19476   -10.98957   -13.88846     2.89889
  -2.24005  -0.60870  -2.43243    -9.93599   -11.84646     1.91048
  -2.79334  -2.63698   1.69495   -15.57730   -14.99604    -0.58126
  -1.82144  -2.63698   1.69495   -14.98869   -14.34375    -0.64494
  -3.72423  -2.82468   1.07339   -17.25149   -16.43320    -0.81830
  -2.84857  -3.46088   1.07339   -23.37159   -22.98224    -0.38935
  -1.76621  -3.46088   1.07339   -22.23580   -22.00952    -0.22628
  -4.42777  -2.31792   0.17522    -9.08194    -9.41801     0.33607
  -3.94202  -3.24345   0.17522   -23.32829   -22.43477    -0.89352
  -3.08179  -3.83722   0.17522   -27.17681   -27.22420     0.04739
  -2.04416  -3.96321   0.17522   -26.94589   -27.34032     0.39443
  -1.06683  -3.59256   0.17522   -22.38640   -22.30985    -0.07655
  -4.42777  -2.31792  -0.82167   -16.95782   -17.25499     0.29717
  -3.94202  -3.24345  -0.82167   -26.13389   -25.73987    -0.39402
  -3.08179  -3.83722  -0.82167   -28.95392   -29.46340     0.50948
  -2.04416  -3.96321  -0.82167   -28.88489   -29.46032     0.57543
  -1.06683  -3.59256  -0.82167   -25.70404   -25.23988    -0.46416
  -4.05869  -1.79529  -1.71984   -18.86858   -20.29328     1.42470
  -3.72423  -2.82468  -1.71984   -26.23868   -26.52732     0.28864
  -2.84857  -3.46088  -1.71984   -29.09009   -29.75654     0.66646
  -1.76621  -3.46088  -1.71984   -28.88865   -28.87277    -0.01588
  -0.89056  -2.82468  -1.71984   -24.99245   -23.47866    -1.51379
  -1.33549  -1.79529  -2.34139   -22.05570   -21.17995    -0.87575
  -3.27929  -1.79529  -2.34139   -22.03374   -23.15677     1.12303
  -2.79334  -2.63698  -2.34139   -26.88251   -27.41766     0.53515
  -1.82144  -2.63698  -2.34139   -26.98165   -26.64385    -0.33780
  -2.30739  -1.79529  -2.56322   -22.69137   -23.07680     0.38543
  -0.93330   0.13826   2.36230     3.17645     4.58080    -1.40435
  -0.93330   0.13826  -2.43771    -7.44540    -7.77147     0.32607
  -0.84118   1.53437   2.28990     4.05120     4.99318    -0.94198
  -1.36184   2.43618   2.05222    10.84713    12.08268    -1.23555
  -1.88250   1.53437   2.05222    18.66904    19.71634    -1.04730
  -1.10822   3.39167   1.38628    13.07165    13.41377    -0.34212
  -1.10822   3.39167  -1.60648    11.21548    10.27925     0.93623
  -1.36184   2.43618  -2.27243     3.10680     3.05601     0.05079
  -1.88250   1.53437  -2.27243     0.46624     0.26519     0.20105
  -0.84118   1.53437  -2.51010    -3.54982    -4.06810     0.51828
   0.40910   2.15269   2.28460    -0.28991     0.06068    -0.35059
   0.92976   3.05450   2.04693     3.88868     4.94764    -1.05896
  -0.11156   3.05450   2.04693     5.11546     6.13646    -1.02101
  -0.81968   3.57077   1.38098    12.23957    12.65352    -0.41395
   1.98762   3.16714  -1.61178     8.86294     8.76753     0.09541
  -0.81968   3.57077  -1.61178    11.19163    10.51883     0.67280
   0.92976   3.05450  -2.27772     3.10303     3.62098    -0.51794
  -0.11156   3.05450  -2.27772     3.31388     3.44488    -0.13100
   0.40910   2.15269  -2.51540    -2.80873    -3.26788     0.45915
   1.57575   1.39123   2.35349    -1.96724    -2.35398     0.38674
   2.61707   1.39123   2.11582     0.50075     0.12575     0.37500
   2.09641   2.29304   2.11582     2.53137     3.23369    -0.70232
   2.35523   3.09806   1.44987     9.22000     9.62890    -0.40890
   2.35523   3.09806  -1.54288     9.60466     9.46575     0.13891
   2.61707   1.39123  -2.20883    -0.51205    -1.08147     0.56942
   2.09641   2.29304  -2.20883     1.69992     1.92137    -0.22145
   1.57575   1.39123  -2.44651    -4.12462    -5.01848     0.89386
   1.47158   0.00046   2.41428    -4.09826    -5.90481     1.80655
   1.47158   0.00046  -2.38572    -7.17055    -9.81497     2.64442
   2.93730  -0.96744   2.81229    -8.35592    -6.26290    -2.09302
   3.97820  -0.96744   2.60525    -8.55672    -6.25832    -2.29840
   3.45775  -0.06600   2.60525    -7.00614    -5.06971    -1.93644
   2.41685  -0.06600   2.60525    -5.36207    -5.64836     0.28629
   1.89640  -0.96744   2.60525    -6.19603    -6.20429     0.00826
   2.41685  -1.86889   2.60525    -8.72615    -6.65290    -2.07325
   3.45775  -1.86889   2.60525    -9.17105    -6.98722    -2.18383
   4.86063  -0.96744   2.01563    -6.91704    -6.28452    -0.63252
   4.60296  -0.00578   2.01563    -6.93398    -4.72965    -2.20433
   3.89897   0.69821   2.01563    -4.24322    -2.60831    -1.63491
   2.93730   0.95589   2.01563    -1.13391    -1.94158     0.80767
   1.27165  -1.92911   2.01563    -4.62851    -4.74604     0.11753
   1.97564  -2.63309   2.01563    -8.27622    -6.47148    -1.80474
   2.93730  -2.89077   2.01563    -9.26706    -7.47348    -1.79358
   3.89897  -2.63309   2.01563    -7.73656    -7.61386    -0.12270
   4.60296  -1.92911   2.01563    -6.55559    -7.20363     0.64804
   5.45026  -0.96744   1.13319    -4.94917    -6.35174     1.40257
   5.23300   0.05467   1.13319    -5.87914    -4.57338    -1.30575
   4.61880   0.90005   1.13319    -3.18336    -1.27854    -1.90481
   1.68083  -3.14372   1.13319    -7.10906    -5.94384    -1.16522
   2.67463  -3.46663   1.13319    -9.18423    -7.79290    -1.39133
   3.71385  -3.35740   1.13319    -7.20506    -8.15048     0.94542
   4.61880  -2.83493   1.13319    -4.57266    -7.94958     3.37692
   5.23300  -1.98955   1.13319    -3.75753    -7.37538     3.61785
   5.65730  -0.96744   0.09230    -4.32229    -6.46884     2.14656
   5.47363   0.01514   0.09230    -5.46749    -4.73138    -0.73611
   4.94741   0.86501   0.09230    -3.23858    -1.41987    -1.81871
   2.19294  -3.58361   0.09230    -9.26392    -7.81850    -1.44542
   3.18827  -3.67584   0.09230    -8.61069    -8.52202    -0.08867
   4.14971  -3.40228   0.09230    -5.72540    -8.48804     2.76264
   4.94741  -2.79989   0.09230    -3.30509    -8.13251     4.82742
   5.47363  -1.95002   0.09230    -2.92231    -7.49728     4.57497
   5.45026  -0.96744  -0.94860    -5.62876    -6.66460     1.03584
   5.23300   0.05467  -0.94860    -6.17971    -4.78477    -1.39494
   4.61880   0.90005  -0.94860    -2.76543    -1.14111    -1.62432
   1.68083  -3.14372  -0.94860    -8.54417    -7.70611    -0.83806
   2.67463  -3.46663  -0.94860   -10.24911    -8.83229    -1.41682
   3.71385  -3.35740  -0.94860    -8.19653    -8.82389     0.62736
   4.61880  -2.83493  -0.94860    -5.55283    -8.43643     2.88360
   5.23300  -1.98955  -0.94860    -4.65298    -7.75944     3.10646
   4.86063  -0.96744  -1.83103    -7.97816    -6.99915    -0.97901
   4.60296  -0.00578  -1.83103    -7.37073    -5.30403    -2.06670
   3.89897   0.69821  -1.83103    -3.84789    -2.90424    -0.94364
   1.27165  -1.92911  -1.83103    -7.70707    -8.99840     1.29133
   1.97564  -2.63309  -1.83103   -10.38026    -9.18090    -1.19936
   2.93730  -2.89077  -1.83103   -10.93310    -9.15447    -1.77863
   3.89897  -2.63309  -1.83103    -9.29906    -8.75396    -0.54510
   4.60296  -1.92911  -1.83103    -7.98004    -8.06947     0.08943
   3.97820  -0.96744  -2.42066    -9.70506    -7.57490    -2.13017
   3.45775  -0.06600  -2.42066    -7.56212    -6.50071    -1.06140
   2.41685  -0.06600  -2.42066    -6.65160    -8.35124     1.69964
   1.89640  -0.96744  -2.42066    -8.47765    -9.93401     1.45635
   2.41685  -1.86889  -2.42066   -10.66515    -9.41289    -1.25226
   3.45775  -1.86889  -2.42066   -10.76932    -8.70746    -2.06186
   2.93730  -0.96744  -2.62770    -9.70506    -8.53234    -1.17272
   0.23417  -0.63322   2.41193    -2.64935    -2.08634    -0.56301
  -0.28649  -1.53503   2.17425    -1.51795    -0.42623    -1.09172
   0.75483  -1.53503   2.17425    -2.99385    -3.07899     0.08514
  -0.28649  -1.53503  -2.15040   -13.03023   -12.30643    -0.72381
   0.75483  -1.53503  -2.15040    -8.58935    -9.42884     0.83949
   0.23417  -0.63322  -2.38808    -9.54316   -10.19272     0.64956
  -5.16350  -0.41375   2.07805    17.99760    17.94350     0.05410
  -4.68350  -1.24514   2.07805    12.56588    12.77440    -0.20852
  -5.54871   0.56360   1.37528    20.98204    19.85246     1.12957
  -5.86627  -0.41375   1.37528    18.88176    17.92923     0.95253
  -5.54871  -1.39111   1.37528    15.23279    14.25107     0.98172
  -4.71732  -1.99514   1.37528     7.11031     6.44327     0.66704
  -5.86627   0.54625   0.41528    16.73693    15.81074     0.92619
  -6.12350  -0.41375   0.41528    16.72501    15.56776     1.15725
  -5.86627  -1.37375   0.41528    14.04931    12.58594     1.46337
  -5.16350  -2.07652   0.41528     6.32279     4.96710     1.35569
  -5.86627  -0.41375  -0.54472    11.25501    10.40538     0.84963
  -5.54871  -1.39111  -0.54472     8.12311     6.49948     1.62363
  -4.71732  -1.99514  -0.54472    -4.90085    -6.45245     1.55160
  -5.16350  -0.41375  -1.24748     2.10090     1.57042     0.53049
  -4.68350  -1.24514  -1.24748    -3.44377    -5.94588     2.50210
  -3.27201   0.96001   2.77346    19.71572    21.08436    -1.36864
  -2.31201   0.96001   2.51623    18.16766    19.34641    -1.17875
  -2.79201   1.79139   2.51623    22.96748    23.70475    -0.73727
  -3.75201   1.79139   2.51623    23.90058    24.34104    -0.44046
  -4.23201   0.96001   2.51623    21.38176    22.13215    -0.75039
  -2.75819   2.54140   1.81346    26.11004    26.58167    -0.47163
  -3.78584   2.54140   1.81346    25.80068    25.79259     0.00809
  -4.61722   1.93736   1.81346    23.90372    23.61165     0.29207
  -3.27201   2.88001   0.85346    27.45731    27.34111     0.11620
  -4.23201   2.62278   0.85346    23.08168    23.08052     0.00116
  -4.93478   1.92001   0.85346    20.37837    19.77281     0.60557
  -3.78584   2.54140  -0.10654    19.03864    19.70983    -0.67120
  -2.21736   2.97232   1.46290    20.84085    21.68566    -0.84481
  -2.25118   3.72232   0.76013    19.25136    19.03445     0.21691
  -3.08257   3.11828   0.76013    24.77282    24.57999     0.19283
  -1.73736   4.06093  -0.19987    18.16640    17.08723     1.07917
  -2.69736   3.80370  -0.19987    18.33771    17.54572     0.79199
  -3.40013   3.10093  -0.19987    19.55696    19.21243     0.34453
  -1.22354   3.72232  -1.15987    15.56224    14.20540     1.35684
  -2.25118   3.72232  -1.15987    14.87323    14.12130     0.75193
  -3.08257   3.11828  -1.15987    13.88867    13.58038     0.30829
  -3.40013   2.14093  -1.15987     7.27723     8.69069    -1.41346
  -2.21736   2.97232  -1.86264     9.75464     9.69617     0.05847
  -2.69736   2.14093  -1.86264     6.11947     6.50815    -0.38868
   0.95961   4.06605   1.48176    10.60742    11.75962    -1.15220
  -0.00039   4.06605   1.48176    11.31462    12.45223    -1.13760
   1.82482   4.21202   0.77899    13.57240    13.68918    -0.11678
   0.99343   4.81606   0.77899    13.85415    14.13107    -0.27691
  -0.03422   4.81606   0.77899    14.52496    14.78108    -0.25611
  -0.86560   4.21202   0.77899    15.84524    15.77654     0.06870
   2.14238   4.19467  -0.18101    15.19200    14.65458     0.53743
   1.43961   4.89744  -0.18101    14.58395    14.37437     0.20958
   0.47961   5.15467  -0.18101    15.03199    14.77675     0.25524
  -0.48039   4.89744  -0.18101    15.75425    15.41930     0.33495
  -1.18316   4.19467  -0.18101    18.23919    17.13911     1.10008
   1.82482   4.21202  -1.14101    13.04969    12.99210     0.05759
   0.99343   4.81606  -1.14101    13.53412    13.50550     0.02863
  -0.03422   4.81606  -1.14101    14.01668    13.88865     0.12803
  -0.86560   4.21202  -1.14101    14.74522    14.15940     0.58582
   0.95961   4.06605  -1.84378     9.97364    10.61532    -0.64168
  -0.00039   4.06605  -1.84378    10.31500    10.75677    -0.44176
   3.51215   1.86385   1.61549     5.37776     5.48216    -0.10440
   3.03215   2.69524   1.61549     8.12060     8.48195    -0.36135
   4.21492   1.86385   0.91272     6.45205     6.16427     0.28778
   3.89736   2.84120   0.91272    10.38089     9.62225     0.75864
   3.06597   3.44524   0.91272    12.19063    11.72880     0.46182
   4.47215   1.86385  -0.04728     6.85303     6.30054     0.55249
   4.21492   2.82385  -0.04728    10.85717     9.63311     1.22406
   3.51215   3.52662  -0.04728    12.99949    11.89825     1.10124
   2.55215   3.78385  -0.04728    15.71221    14.68876     1.02345
   4.21492   1.86385  -1.00728     6.48029     5.99704     0.48326
   3.89736   2.84120  -1.00728    10.32128     9.40931     0.91197
   3.06597   3.44524  -1.00728    12.34248    11.62549     0.71699
   3.51215   1.86385  -1.71005     5.12864     4.99115     0.13748
   3.03215   2.69524  -1.71005     7.94992     7.96554    -0.01563
  -0.32935  -2.54471   1.70735    -3.46636    -3.27361    -0.19275
   0.63065  -2.54471   1.70735    -1.82668    -1.97069     0.14401
  -0.36317  -3.29471   1.00459    -7.16177    -7.99910     0.83733
   0.66448  -3.29471   1.00459    -2.39018    -3.42791     1.03773
   0.15065  -3.63332   0.04459    -6.04731    -7.52890     1.48159
   1.11065  -3.37609   0.04459    -3.60943    -4.53420     0.92476
  -0.36317  -3.29471  -0.91541   -14.96296   -15.10198     0.13902
   0.66448  -3.29471  -0.91541    -5.65888    -6.67215     1.01327
  -0.32935  -2.54471  -1.61818   -16.03538   -14.97139    -1.06398
   0.63065  -2.54471  -1.61818    -7.35692    -7.72592     0.36900
  -3.35728   0.12656   2.98960    12.02371    13.50507    -1.48136
  -2.32404   0.12656   2.78408    10.71535    11.84631    -1.13096
  -4.39053   0.12656   2.78408    14.28651    15.22829    -0.94178
  -3.87391  -0.76826   2.78408     8.36219     9.51289    -1.15070
  -2.84066  -0.76826   2.78408     5.95883     6.91348    -0.95465
  -5.18914   0.66444   2.19879    18.19589    18.00378     0.19211
  -3.62899  -1.76320   2.19879     1.08622     1.42033    -0.33411
  -5.60473   1.20887   1.32285    17.64933    16.84271     0.80662
  -5.26647   2.03575   0.28960    13.21912    13.19454     0.02457
  -5.85176   1.15980   0.28960    12.80559    12.33059     0.47499
  -3.91236   2.55849  -0.74364    10.89796    11.92265    -1.02469
  -4.91256   2.07682  -0.74364     5.99083     7.17501    -1.18417
  -5.60473   1.20887  -0.74364     5.44553     6.07815    -0.63262
  -3.62899   2.01632  -1.61959     2.44603     3.95154    -1.50551
  -4.60754   1.56943  -1.61959    -0.99335     0.84053    -1.83388
  -5.18914   0.66444  -1.61959    -1.15838    -0.09146    -1.06692
  -5.18914  -0.41132  -1.61959    -0.95821    -1.35602     0.39781
  -4.60754  -1.31631  -1.61959    -7.64809    -9.50190     1.85381
  -2.84066   1.02138  -2.20487    -2.19377    -2.57161     0.37784
  -3.87391   1.02138  -2.20487    -4.74962    -3.63337    -1.11625
  -4.39053   0.12656  -2.20487    -6.27196    -6.12449    -0.14747
  -3.87391  -0.76826  -2.20487   -10.74422   -12.69759     1.95338
  -3.35728   0.12656  -2.41040    -6.89884    -8.03605     1.13721
  -2.24005  -0.60870   2.66757     6.60768     7.22380    -0.61613
  -2.75667  -1.50351   2.46204     0.83020     1.11085    -0.28065
  -1.72343  -1.50351   2.46204     0.20959     0.48127    -0.27168
  -2.75667   0.28612  -2.52690    -4.72828    -6.17924     1.45095
  -3.27329  -0.60870  -2.52690   -10.27484   -12.11913     1.84429
  -2.24005  -0.60870  -2.73243    -9.90398   -11.18478     1.28080
  -2.85409  -2.74219   1.94722   -11.64469   -11.20228    -0.44241
  -1.76070  -2.74219   1.94722   -11.47903   -10.97863    -0.50040
  -3.59761  -3.28428   1.24797   -15.81261   -15.29499    -0.51762
  -2.58778  -3.74545   1.24797   -18.93322   -18.71418    -0.21904
  -1.48894  -3.58746   1.24797   -16.96033   -16.76472    -0.19561
  -4.52091  -2.86127   0.23753   -12.20192   -11.99613    -0.20580
  -3.83919  -3.71611   0.23753   -20.12360   -19.75105    -0.37255
  -2.85409  -4.19051   0.23753   -22.39330   -22.53413     0.14083
  -1.76070  -4.19051   0.23753   -21.63653   -21.82216     0.18563
  -0.77559  -3.71611   0.23753   -16.41879   -16.69078     0.27199
  -4.52091  -2.86127  -0.88398   -16.76705   -16.76233    -0.00472
  -3.83919  -3.71611  -0.88398   -22.32177   -22.31308    -0.00868
  -2.85409  -4.19051  -0.88398   -24.07001   -24.49542     0.42541
  -1.76070  -4.19051  -0.88398   -23.56800   -23.81800     0.25000
  -0.77559  -3.71611  -0.88398   -19.82303   -19.62543    -0.19759
  -4.19780  -1.24022  -1.89442   -11.87687   -13.93002     2.05315
  -4.19780  -2.35037  -1.89442   -17.95116   -18.57185     0.62069
  -3.59761  -3.28428  -1.89442   -22.64556   -22.99402     0.34846
  -2.58778  -3.74545  -1.89442   -24.26705   -24.68519     0.41814
  -1.48894  -3.58746  -1.89442   -23.48831   -23.28696    -0.20135
  -0.64994  -2.86047  -1.89442   -19.67368   -18.68233    -0.99135
  -1.21401  -1.79529  -2.59366   -18.14318   -17.60949    -0.53369
  -3.40078  -1.79529  -2.59366   -17.89092   -18.84804     0.95712
  -2.85409  -2.74219  -2.59366   -22.11594   -22.53781     0.42187
  -1.76070  -2.74219  -2.59366   -22.21070   -21.99925    -0.21145
  -2.30739  -1.79529  -2.84322   -18.62825   -19.01179     0.38355
  -0.93330   0.13826   2.66230     3.30133     4.37422    -1.07290
  -0.93330   0.13826  -2.73771    -7.04568    -7.45392     0.40824
  -0.84118   1.53437   2.58990     4.72452     5.56660    -0.84208
  -1.35780   2.42919   2.38437    10.09788    11.14697    -1.04909
  -1.11288   3.42413   1.79909    11.17406    11.88535    -0.71128
  -2.09143   2.97724   1.79909    17.61733    18.49541    -0.87809
  -1.39625   3.96630   0.92315    15.89419    15.74967     0.14451
  -1.11288   3.42413  -2.01929     8.01330     7.71610     0.29719
  -1.35780   2.42919  -2.60458     2.04129     2.00634     0.03495
  -1.87442   1.53437  -2.60458    -0.42796    -0.60712     0.17916
  -0.84118   1.53437  -2.81010    -3.01205    -3.42468     0.41263
   0.40910   2.15269   2.58460     0.88416     1.30142    -0.41725
   0.92572   3.04750   2.37908     3.70105     4.58232    -0.88127
  -0.10752   3.04750   2.37908     5.07655     5.98227    -0.90572
   1.20221   3.88934   1.79379     8.25300     9.22354    -0.97054
   0.13739   4.04244   1.79379     9.36621    10.43817    -1.07196
  -0.84115   3.59555   1.79379    10.37336    11.09414    -0.72078
   2.01521   3.18487  -2.02459     6.08057     6.30328    -0.22271
  -0.84115   3.59555  -2.02459     8.11244     7.93227     0.18017
   0.92572   3.04750  -2.60987     2.36822     2.69329    -0.32507
  -0.10752   3.04750  -2.60987     2.55271     2.66390    -0.11120
   0.40910   2.15269  -2.81540    -2.06764    -2.40712     0.33948
   1.57575   1.39123   2.65349    -1.25376    -1.44766     0.19389
   2.60900   1.39123   2.44797    -0.12738    -0.20578     0.07840
   2.09237   2.28604   2.44797     2.04003     2.58068    -0.54064
   2.36886   3.12789   1.86268     6.68360     7.24424    -0.56063
   3.48494   1.39123  -1.95570     1.20545     1.08197     0.12348
   2.36886   3.12789  -1.95570     6.61270     6.74243    -0.12973
   2.60900   1.39123  -2.54098    -1.23368    -1.64477     0.41108
   2.09237   2.28604  -2.54098     0.92432     1.02564    -0.10131
   1.57575   1.39123  -2.74651    -3.53915    -4.26438     0.72522
   1.47158   0.00046   2.71428    -3.58496    -4.51778     0.93282
   1.47158   0.00046  -2.68572    -6.74384    -8.53419     1.79035
   2.93730  -0.96744   3.15230    -6.46460    -5.00098    -1.46363
   3.98389  -0.96744   2.96776    -6.69866    -5.05567    -1.64300
   3.46060  -0.06107   2.96776    -5.37023    -3.99403    -1.37620
   2.41401  -0.06107   2.96776    -4.45092    -4.27925    -0.17168
   1.89072  -0.96744   2.96776    -5.20645    -4.86512    -0.34133
   2.41401  -1.87381   2.96776    -6.91892    -5.45953    -1.45939
   3.46060  -1.87381   2.96776    -7.31174    -5.72757    -1.58417
   4.90423  -0.96744   2.43639    -5.88227    -5.10873    -0.77354
   4.64071   0.01603   2.43639    -5.33948    -3.76942    -1.57005
   3.92077   0.73597   2.43639    -3.32141    -2.10426    -1.21715
   2.93730   0.99949   2.43639    -1.56877    -1.62005     0.05127
   1.23389  -1.95091   2.43639    -4.69377    -4.34468    -0.34909
   1.95384  -2.67085   2.43639    -6.88252    -5.57778    -1.30474
   2.93730  -2.93437   2.43639    -7.61922    -6.28018    -1.33904
   3.92077  -2.67085   2.43639    -6.83170    -6.34162    -0.49007
   4.64071  -1.95091   2.43639    -6.03852    -5.94378    -0.09474
   5.58734  -0.96744   1.62229    -4.66365    -5.17805     0.51440
   5.38562   0.04669   1.62229    -4.68122    -3.72742    -0.95380
   4.81116   0.90642   1.62229    -2.74849    -1.34908    -1.39942
   3.95143   1.48088   1.62229     1.84237     2.34890    -0.50653
   1.92318  -3.41576   1.62229    -7.16867    -6.04785    -1.12082
   2.93730  -3.61748   1.62229    -7.59412    -6.79956    -0.79456
   3.95143  -3.41576   1.62229    -6.29518    -6.88103     0.58585
   4.81116  -2.84130   1.62229    -4.84877    -6.62105     1.77228
   5.38562  -1.98157   1.62229    -4.32354    -6.07727     1.75373
   5.95082  -0.96744   0.62366    -3.90436    -5.27264     1.36828
   5.76908   0.06324   0.62366    -4.17796    -3.75223    -0.42573
   5.24579   0.96961   0.62366    -2.27409    -1.06034    -1.21375
   1.43055  -3.57722   0.62366    -5.88980    -5.63208    -0.25773
   2.41401  -3.93517   0.62366    -7.94113    -7.09875    -0.84238
   3.46060  -3.93517   0.62366    -7.01681    -7.33998     0.32317
   4.44406  -3.57722   0.62366    -5.09914    -7.19053     2.09138
   5.24579  -2.90449   0.62366    -3.61383    -6.81731     3.20348
   5.76908  -1.99812   0.62366    -3.30509    -6.21265     2.90756
   5.95082  -0.96744  -0.43907    -4.15851    -5.40872     1.25022
   5.76908   0.06324  -0.43907    -4.31789    -3.85105    -0.46684
   5.24579   0.96961  -0.43907    -2.20068    -1.05288    -1.14780
   1.43055  -3.57722  -0.43907    -6.77397    -6.62459    -0.14937
   2.41401  -3.93517  -0.43907    -8.49460    -7.66547    -0.82913
   3.46060  -3.93517  -0.43907    -7.45105    -7.70136     0.25032
   4.44406  -3.57722  -0.43907    -5.49385    -7.44686     1.95302
   5.24579  -2.90449  -0.43907    -3.98155    -7.01555     3.03400
   5.76908  -1.99812  -0.43907    -3.63077    -6.37563     2.74486
   5.58734  -0.96744  -1.43771    -5.35266    -5.61756     0.26490
   5.38562   0.04669  -1.43771    -5.05396    -4.06776    -0.98620
   4.81116   0.90642  -1.43771    -2.58534    -1.43292    -1.15242
   1.92318  -3.41576  -1.43771    -9.02484    -8.12931    -0.89554
   2.93730  -3.61748  -1.43771    -8.89683    -8.07051    -0.82632
   3.95143  -3.41576  -1.43771    -7.40273    -7.74305     0.34032
   4.81116  -2.84130  -1.43771    -5.86031    -7.26657     1.40626
   5.38562  -1.98157  -1.43771    -5.21398    -6.59992     1.38594
   4.90423  -0.96744  -2.25180    -6.85554    -5.95311    -0.90243
   4.64071   0.01603  -2.25180    -5.87851    -4.50634    -1.37217
   3.92077   0.73597  -2.25180    -3.38730    -2.72838    -0.65892
   1.23389  -1.95091  -2.25180    -8.57617    -9.09178     0.51560
   1.95384  -2.67085  -2.25180    -9.42959    -8.63438    -0.79520
   2.93730  -2.93437  -2.25180    -9.41453    -8.19248    -1.22204
   3.92077  -2.67085  -2.25180    -8.31827    -7.64922    -0.66905
   4.64071  -1.95091  -2.25180    -7.31237    -6.94604    -0.36633
   3.98389  -0.96744  -2.78316    -7.89658    -6.50066    -1.39592
   3.46060  -0.06107  -2.78316    -6.29078    -5.60243    -0.68835
   2.41401  -0.06107  -2.78316    -6.21925    -7.10335     0.88410
   1.89072  -0.96744  -2.78316    -7.94176    -8.68811     0.74635
   2.41401  -1.87381  -2.78316    -9.16101    -8.36519    -0.79583
   3.46060  -1.87381  -2.78316    -8.94201    -7.57866    -1.36335
   2.93730  -0.96744  -2.96771    -8.11495    -7.37873    -0.73622
   0.23417  -0.63322   2.71193    -2.06513    -1.60421    -0.46093
  -0.28245  -1.52804   2.50640    -1.71059    -0.85873    -0.85186
   0.75079  -1.52804   2.50640    -3.29191    -3.10390    -0.18802
  -1.01608  -2.07609   1.92111    -4.58521    -3.92642    -0.65879
   1.02728  -2.36988  -1.89726    -8.06099    -8.40262     0.34163
  -0.28245  -1.52804  -2.48255   -12.31111   -11.89285    -0.41826
   0.75079  -1.52804  -2.48255    -8.90436    -9.42782     0.52346
   0.23417  -0.63322  -2.68808    -8.91314    -9.49936     0.58621
  -5.28350  -0.41375   2.28590    15.18259    15.18232     0.00027
  -4.74350  -1.34906   2.28590     9.95983    10.16536    -0.20553
  -5.99834   0.11326   1.49528    16.64155    15.92125     0.72030
  -5.99834  -0.94077   1.49528    14.24886    13.50224     0.74662
  -5.42849  -1.82747   1.49528     9.63164     8.96605     0.66559
  -4.46972  -2.26533   1.49528     1.10253     0.84380     0.25874
  -6.30074   0.10317   0.41528    13.95581    13.18629     0.76952
  -6.30074  -0.93068   0.41528    12.57906    11.55758     1.02148
  -5.82028  -1.84610   0.41528     8.47012     7.33983     1.13030
  -4.96945  -2.43339   0.41528    -0.88165    -1.60463     0.72297
  -5.99834   0.11326  -0.66472     8.45757     8.18471     0.27286
  -5.99834  -0.94077  -0.66472     7.81249     6.83027     0.98223
  -5.42849  -1.82747  -0.66472     2.00489     0.68257     1.32232
  -3.27201   0.96001   3.01346    16.61520    17.75168    -1.13648
  -2.19201   0.96001   2.72408    14.81738    15.90328    -1.08590
  -2.73201   1.89532   2.72408    19.19489    19.91791    -0.72302
  -3.81201   1.89532   2.72408    20.22902    20.65819    -0.42917
  -4.35201   0.96001   2.72408    18.32390    18.95555    -0.63165
  -2.49493   2.66158   1.93346    21.66853    22.37234    -0.70381
  -3.53823   2.81158   1.93346    22.29479    22.44256    -0.14777
  -4.49701   2.37372   1.93346    20.92556    20.85707     0.06849
  -5.06686   1.48702   1.93346    20.05395    19.66555     0.38840
  -4.03796   2.97964   0.85346    20.86720    20.90849    -0.04129
  -4.88880   2.39235   0.85346    18.11432    17.98027     0.13404
  -2.27736   3.07624   1.67074    19.01730    19.74153    -0.72423
  -2.00358   3.99251   0.88013    16.61018    16.50517     0.10501
  -2.96235   3.55465   0.88013    19.81047    19.74200     0.06848
  -1.47700   4.28518  -0.19987    16.81600    15.96924     0.84676
  -2.50331   4.16057  -0.19987    15.92431    15.35669     0.56762
  -3.35414   3.57328  -0.19987    16.73882    16.41762     0.32120
  -2.00358   3.99251  -1.27987    13.08859    12.50664     0.58195
  -2.96235   3.55465  -1.27987    12.42155    12.12383     0.29772
  -3.53220   2.66795  -1.27987     9.43649    10.01779    -0.58130
  -2.27736   3.07624  -2.07048     8.13817     8.13214     0.00603
  -2.81736   2.14093  -2.07048     4.42269     4.83081    -0.40813
   1.01961   4.16998   1.68960     9.35930    10.30769    -0.94839
  -0.06039   4.16998   1.68960    10.24849    11.19607    -0.94759
   2.05327   4.24600   0.89899    11.96912    12.06133    -0.09222
   1.25669   4.93624   0.89899    11.93460    12.21640    -0.28179
   0.21339   5.08624   0.89899    12.55082    12.82956    -0.27874
  -0.74538   4.64838   0.89899    13.72552    13.89204    -0.16652
   2.39219   4.23847  -0.18101    13.57680    13.09684     0.47995
   1.70663   5.01231  -0.18101    12.56651    12.45186     0.11465
   0.73997   5.37892  -0.18101    12.85139    12.74429     0.10710
  -0.28634   5.25430  -0.18101    13.51342    13.35230     0.16111
  -1.13718   4.66701  -0.18101    15.20330    14.73229     0.47101
   2.05327   4.24600  -1.26101    11.32153    11.25776     0.06377
   1.25669   4.93624  -1.26101    11.51041    11.54685    -0.03644
   0.21339   5.08624  -1.26101    11.98355    11.95602     0.02753
  -0.74538   4.64838  -1.26101    12.63992    12.40756     0.23236
   1.01961   4.16998  -2.05163     8.50464     8.99029    -0.48565
  -0.06039   4.16998  -2.05163     8.88114     9.20344    -0.32230
   3.63215   1.86385   1.82333     3.77698     4.03820    -0.26122
   3.09215   2.79916   1.82333     6.73255     7.08347    -0.35092
   4.42276   1.86385   1.03272     4.46599     4.54528    -0.07930
   4.12581   2.87518   1.03272     8.17645     7.72757     0.44888
   3.32923   3.56542   1.03272    10.15185     9.82717     0.32468
   4.71215   1.86385  -0.04728     4.74585     4.62748     0.11837
   4.46473   2.86766  -0.04728     8.49773     7.71480     0.78293
   3.77917   3.64150  -0.04728    10.67645     9.88395     0.79250
   2.81251   4.00810  -0.04728    13.06914    12.40877     0.66037
   4.42276   1.86385  -1.12728     4.48983     4.35653     0.13330
   4.12581   2.87518  -1.12728     8.08671     7.49017     0.59654
   3.32923   3.56542  -1.12728    10.18009     9.65208     0.52800
   3.63215   1.86385  -1.91789     3.51217     3.48406     0.02811
   3.09215   2.79916  -1.91789     6.46900     6.49535    -0.02636
  -0.38935  -2.64863   1.91520    -4.40951    -4.12277    -0.28674
   0.69065  -2.64863   1.91520    -3.06350    -2.95623    -0.10727
  -0.11556  -3.56489   1.12459    -6.42821    -7.05735     0.62915
   0.92773  -3.41489   1.12459    -3.95519    -4.32038     0.36518
  -0.61529  -3.73296   0.04459   -14.97551   -15.39960     0.42408
   0.41101  -3.85757   0.04459    -6.31024    -7.25211     0.94187
  -0.11556  -3.56489  -1.03541   -12.19878   -12.50370     0.30491
   0.92773  -3.41489  -1.03541    -6.73318    -7.17662     0.44344
  -0.38935  -2.64863  -1.82603   -16.77019   -15.80744    -0.96275
   0.69065  -2.64863  -1.82603    -8.45193    -8.59488     0.14295
  -3.35728   0.12656   3.28960    10.50576    11.60277    -1.09701
  -2.33122   0.12656   3.10868     9.11583    10.09569    -0.97986
  -4.38334   0.12656   3.10868    12.16490    12.92782    -0.76292
  -3.87031  -0.76203   3.10868     7.53200     8.40767    -0.87568
  -2.84425  -0.76203   3.10868     5.61119     6.44147    -0.83028
  -5.20753   0.66984   2.58774    15.24095    15.30582    -0.06487
  -3.63172  -1.78218   2.58774     1.62839     2.04809    -0.41970
  -5.45917   1.65367   1.78960    16.61645    16.24129     0.37516
  -5.89858   0.66673   1.78960    15.46372    14.95390     0.50982
  -5.13772   2.48424   0.81055    15.46497    15.37693     0.08804
  -5.86918   1.68186   0.81055    13.30383    12.90593     0.39790
  -4.16580   2.96820  -0.23134    14.10955    14.51481    -0.40526
  -5.13772   2.48424  -0.23134    10.02384    10.46790    -0.44406
  -5.86918   1.68186  -0.23134     8.60692     8.72961    -0.12269
  -6.26140   0.66943  -0.23134     9.48167     9.22248     0.25919
  -4.65632   2.37656  -1.21040     5.09789     6.16957    -1.07168
  -5.45917   1.65367  -1.21040     3.43875     4.28950    -0.85075
  -5.89858   0.66673  -1.21040     3.75690     4.08221    -0.32531
  -3.63172   2.03529  -2.00853     1.89884     2.87770    -0.97885
  -4.62009   1.58392  -2.00853    -0.59802     0.61228    -1.21029
  -5.20753   0.66984  -2.00853    -1.39056    -0.71487    -0.67569
  -5.20753  -0.41672  -2.00853    -2.48117    -2.83487     0.35370
  -4.62009  -1.33080  -2.00853    -8.47012    -9.77433     1.30421
  -2.84425   1.01515  -2.52947    -2.30861    -2.66292     0.35431
  -3.87031   1.01515  -2.52947    -3.51154    -2.97865    -0.53289
  -4.38334   0.12656  -2.52947    -5.35077    -5.43224     0.08146
  -2.75308  -1.49729   2.78665     1.41943     1.84947    -0.43005
  -1.72702  -1.49729   2.78665     0.35141     0.74911    -0.39771
  -2.75308   0.27990  -2.85151    -4.98117    -5.97588     0.99471
  -3.26611  -0.60870  -2.85151    -9.34613   -10.60098     1.25485
  -2.24005  -0.60870  -3.03243    -9.34989   -10.26545     0.91556
  -2.84315  -2.72325   2.26364    -8.11433    -7.76253    -0.35179
  -1.77164  -2.72325   2.26364    -8.34901    -7.93770    -0.41132
  -4.02204  -2.78524   1.65668    -6.78401    -6.57397    -0.21004
  -3.29734  -3.50994   1.65668   -12.88716   -12.55335    -0.33381
  -2.30739  -3.77519   1.65668   -14.37813   -14.14744    -0.23068
  -1.31744  -3.50994   1.65668   -12.30107   -12.08346    -0.21761
  -4.40021  -3.31581   0.74829   -11.40436   -11.16633    -0.23802
  -3.60082  -4.03558   0.74829   -16.34788   -16.14296    -0.20492
  -2.57779  -4.36798   0.74829   -17.73216   -17.75150     0.01933
  -1.50801  -4.25555   0.74829   -16.57755   -16.62652     0.04898
  -4.68800  -3.26930  -0.32322   -13.12875   -13.07345    -0.05530
  -3.99477  -4.02974  -0.32322   -17.72024   -17.64431    -0.07593
  -3.07365  -4.48840  -0.32322   -19.49672   -19.67728     0.18056
  -2.04904  -4.58335  -0.32322   -19.49860   -19.73030     0.23170
  -1.05932  -4.30175  -0.32322   -17.53889   -17.65159     0.11270
  -4.83773  -2.33313  -1.39474   -10.71912   -11.42391     0.70479
  -4.40021  -3.31581  -1.39474   -16.58382   -16.72586     0.14203
  -3.60082  -4.03558  -1.39474   -19.57830   -19.80565     0.22736
  -2.57779  -4.36798  -1.39474   -20.53148   -20.85046     0.31898
  -1.50801  -4.25555  -1.39474   -19.85879   -19.92616     0.06736
  -0.57644  -3.71771  -1.39474   -16.88754   -16.67390    -0.21364
  -4.28729  -1.79529  -2.30312   -12.84637   -13.83054     0.98417
  -4.02204  -2.78524  -2.30312   -16.90260   -17.35347     0.45087
  -3.29734  -3.50994  -2.30312   -19.50551   -19.85385     0.34835
  -2.30739  -3.77519  -2.30312   -20.30370   -20.51100     0.20730
  -1.31744  -3.50994  -2.30312   -19.41514   -19.18365    -0.23150
  -0.59275  -2.78524  -2.30312   -16.78086   -16.13928    -0.64158
  -1.23588  -1.79529  -2.91009   -15.42669   -15.20664    -0.22005
  -3.37891  -1.79529  -2.91009   -14.99873   -15.77021     0.77148
  -2.84315  -2.72325  -2.91009   -18.27119   -18.62484     0.35365
  -1.77164  -2.72325  -2.91009   -18.41176   -18.33433    -0.07743
  -2.30739  -1.79529  -3.12322   -15.61808   -15.98606     0.36798
  -0.93330   0.13826   2.96229     3.30133     4.13694    -0.83561
  -0.93330   0.13826  -3.03771    -6.58697    -7.03456     0.44759
  -0.84118   1.53437   2.88990     5.01694     5.73485    -0.71791
  -1.35421   2.42296   2.70898     9.35366    10.21754    -0.86388
  -1.11561   3.44311   2.18803     9.96297    10.68606    -0.72309
  -2.10399   2.99173   2.18803    15.37147    16.11142    -0.73995
  -1.11561   3.44311  -2.40823     5.99209     5.88654     0.10555
  -2.69143   2.07765  -2.40823     2.78928     3.02389    -0.23461
  -1.35421   2.42296  -2.92918     1.36923     1.29499     0.07423
  -1.86724   1.53437  -2.92918    -0.92432    -1.13008     0.20576
  -0.84118   1.53437  -3.11010    -2.62236    -2.99936     0.37700
   0.40910   2.15269   2.88460     1.68549     2.08551    -0.40002
   0.92213   3.04128   2.70368     3.63265     4.33193    -0.69928
  -0.10393   3.04128   2.70368     5.05898     5.80927    -0.75029
   1.21017   3.90679   2.18273     6.79718     7.56926    -0.77208
   0.13467   4.06142   2.18273     7.93737     8.77071    -0.83334
  -0.85371   3.61005   2.18273     9.22188     9.93927    -0.71739
   2.14755   4.08343   1.38460     9.62537     9.90027    -0.27490
   2.03134   3.19524  -2.41353     4.40449     4.60647    -0.20198
   1.21017   3.90679  -2.41353     6.09500     6.47815    -0.38315
   0.13467   4.06142  -2.41353     6.72439     7.04103    -0.31664
  -0.85371   3.61005  -2.41353     6.14332     6.09677     0.04655
   0.92213   3.04128  -2.93448     1.88880     2.04969    -0.16089
  -0.10393   3.04128  -2.93448     2.05007     2.08888    -0.03881
   0.40910   2.15269  -3.11540    -1.57128    -1.87526     0.30398
   1.57575   1.39123   2.95349    -0.68085    -0.74874     0.06789
   2.60181   1.39123   2.77257    -0.32693    -0.25341    -0.07352
   2.08878   2.27982   2.77257     1.80472     2.21951    -0.41479
   3.19799   2.43378   2.25163     4.00037     4.37133    -0.37095
   2.37682   3.14533   2.25163     5.19452     5.70808    -0.51356
   2.37860   3.86215   1.45349     9.18423     9.40340    -0.21917
   3.50411   1.39123  -2.34464    -0.07718    -0.08650     0.00931
   3.19799   2.43378  -2.34464     3.47703     3.53538    -0.05835
   2.37682   3.14533  -2.34464     4.76029     4.89759    -0.13730
   2.60181   1.39123  -2.86559    -1.56250    -1.89198     0.32948
   2.08878   2.27982  -2.86559     0.46749     0.45712     0.01038
   1.57575   1.39123  -3.04651    -3.08044    -3.68870     0.60825
   1.47158   0.00046   3.01428    -2.99824    -3.42907     0.43083
   1.47158   0.00046  -2.98572    -6.24309    -7.49632     1.25323
   2.93730  -0.96744   3.49229    -5.09036    -4.02906    -1.06129
   3.98796  -0.96744   3.32589    -5.31752    -4.12884    -1.18868
   3.46263  -0.05754   3.32589    -4.17859    -3.16823    -1.01035
   2.41197  -0.05754   3.32589    -3.58057    -3.24967    -0.33089
   1.88665  -0.96744   3.32589    -4.27648    -3.83840    -0.43808
   2.41197  -1.87734   3.32589    -5.58421    -4.52107    -1.06314
   3.46263  -1.87734   3.32589    -5.90361    -4.74727    -1.15634
   4.93577  -0.96744   2.84295    -4.91779    -4.20570    -0.71209
   4.66803   0.03180   2.84295    -4.18423    -3.04641    -1.13783
   3.93654   0.76329   2.84295    -2.62048    -1.69848    -0.92200
   2.93730   1.03103   2.84295    -1.46712    -1.25617    -0.21095
   1.20658  -1.96668   2.84295    -4.31852    -3.84904    -0.46948
   1.93807  -2.69817   2.84295    -5.79944    -4.82768    -0.97176
   2.93730  -2.96591   2.84295    -6.33847    -5.33789    -1.00059
   3.93654  -2.69817   2.84295    -5.89043    -5.34467    -0.54576
   4.66803  -1.96668   2.84295    -5.29744    -4.96302    -0.33441
   5.68796  -0.96744   2.09077    -4.18486    -4.28169     0.09683
   5.47858   0.08519   2.09077    -3.77070    -3.00894    -0.76176
   4.88231   0.97757   2.09077    -2.09023    -1.07547    -1.01477
   3.98994   1.57384   2.09077     0.95068     1.49635    -0.54567
   0.99229  -2.91245   2.09077    -4.41076    -4.05472    -0.35605
   1.88467  -3.50872   2.09077    -6.24999    -5.42054    -0.82946
   2.93730  -3.71810   2.09077    -6.51982    -5.87881    -0.64101
   3.98994  -3.50872   2.09077    -5.72540    -5.88314     0.15775
   4.88231  -2.91245   2.09077    -4.76593    -5.61634     0.85041
   5.47858  -2.02007   2.09077    -4.27020    -5.10342     0.83322
   6.17090  -0.96744   1.14295    -3.56990    -4.36733     0.79743
   5.99569   0.08251   1.14295    -3.37914    -3.07597    -0.30317
   5.48906   1.01867   1.14295    -1.82417    -0.97476    -0.84941
   4.70591   1.73962   1.14295     2.28476     2.70840    -0.42364
   1.63838  -3.92868   1.14295    -6.37612    -5.89190    -0.48422
   2.67028  -4.18999   1.14295    -6.82668    -6.35650    -0.47017
   3.73110  -4.10208   1.14295    -5.96950    -6.35446     0.38496
   4.70591  -3.67450   1.14295    -4.70381    -6.14360     1.43979
   5.48906  -2.95355   1.14295    -3.75251    -5.77086     2.01835
   5.99569  -2.01739   1.14295    -3.44816    -5.20746     1.75929
   6.33730  -0.96744   0.09230    -3.44816    -4.47397     1.02580
   6.18625   0.03473   0.09230    -3.31451    -3.23412    -0.08039
   5.74652   0.94785   0.09230    -1.94214    -1.23133    -0.71081
   5.05717   1.69079   0.09230     2.02497     2.39358    -0.36860
   1.23730  -3.91193   0.09230    -6.20607    -6.31041     0.10434
   2.18073  -4.28220   0.09230    -7.32555    -6.84092    -0.48462
   3.19139  -4.35793   0.09230    -6.81036    -6.80979    -0.00057
   4.17946  -4.13241   0.09230    -5.58044    -6.60674     1.02630
   5.05717  -3.62567   0.09230    -4.30660    -6.30015     1.99355
   5.74652  -2.88273   0.09230    -3.48707    -5.88005     2.39298
   6.18625  -1.96961   0.09230    -3.28815    -5.30049     2.01234
   6.17090  -0.96744  -0.95836    -3.94327    -4.61964     0.67637
   5.99569   0.08251  -0.95836    -3.61006    -3.27561    -0.33445
   5.48906   1.01867  -0.95836    -1.80911    -1.04962    -0.75949
   1.63838  -3.92868  -0.95836    -7.83885    -7.46081    -0.37803
   2.67028  -4.18999  -0.95836    -7.74033    -7.27920    -0.46113
   3.73110  -4.10208  -0.95836    -6.66666    -6.96545     0.29879
   4.70591  -3.67450  -0.95836    -5.30559    -6.59011     1.28452
   5.48906  -2.95355  -0.95836    -4.29154    -6.12379     1.83225
   5.99569  -2.01739  -0.95836    -3.91817    -5.50269     1.58452
   5.68796  -0.96744  -1.90617    -4.87700    -4.83384    -0.04316
   5.47858   0.08519  -1.90617    -4.20055    -3.46945    -0.73110
   4.88231   0.97757  -1.90617    -2.11471    -1.34488    -0.76983
   0.99229  -2.91245  -1.90617    -8.51028    -8.50321    -0.00708
   1.88467  -3.50872  -1.90617    -8.55170    -7.94495    -0.60675
   2.93730  -3.71810  -1.90617    -8.03400    -7.42277    -0.61123
   3.98994  -3.50872  -1.90617    -6.91327    -6.93397     0.02070
   4.88231  -2.91245  -1.90617    -5.78752    -6.40656     0.61904
   5.47858  -2.02007  -1.90617    -5.14746    -5.74783     0.60037
   4.93577  -0.96744  -2.65836    -5.87663    -5.16321    -0.71342
   4.66803   0.03180  -2.65836    -4.84500    -3.92985    -0.91515
   3.93654   0.76329  -2.65836    -3.04468    -2.59289    -0.45178
   1.20658  -1.96668  -2.65836    -8.59374    -8.81699     0.22325
   1.93807  -2.69817  -2.65836    -8.63328    -8.10013    -0.53315
   2.93730  -2.96591  -2.65836    -8.25112    -7.42010    -0.83102
   3.93654  -2.69817  -2.65836    -7.36633    -6.78558    -0.58076
   4.66803  -1.96668  -2.65836    -6.51292    -6.07921    -0.43371
   3.98796  -0.96744  -3.14130    -6.59450    -5.67869    -0.91581
   3.46263  -0.05754  -3.14130    -5.36081    -4.91515    -0.44566
   2.41197  -0.05754  -3.14130    -5.64131    -6.14827     0.50696
   1.88665  -0.96744  -3.14130    -7.26342    -7.68688     0.42346
   2.41197  -1.87734  -3.14130    -8.02208    -7.51267    -0.50941
   3.46263  -1.87734  -3.14130    -7.59663    -6.69736    -0.89927
   2.93730  -0.96744  -3.30771    -6.94528    -6.48122    -0.46406
   0.23417  -0.63322   3.01192    -1.56877    -1.18385    -0.38492
  -0.27886  -1.52181   2.83100    -1.63529    -0.97105    -0.66424
   0.74720  -1.52181   2.83100    -3.18900    -2.89155    -0.29745
  -1.02864  -2.09058   2.31006    -3.63642    -3.06433    -0.57209
  -0.04027  -2.54195   2.31006    -3.46636    -3.08806    -0.37830
  -0.04027  -2.54195  -2.28621   -12.61043   -12.19577    -0.41466
  -0.27886  -1.52181  -2.80715   -11.34537   -11.16970    -0.17567
   0.74720  -1.52181  -2.80715    -8.72740    -9.10065     0.37325
   0.23417  -0.63322  -2.98808    -8.25363    -8.79270     0.53907
  -5.24482  -0.41375   2.57761    12.86896    13.01818    -0.14922
  -4.72416  -1.31556   2.57761     8.42934     8.73133    -0.30199
  -6.00389   0.11489   1.91166    14.51178    14.06460     0.44718
  -6.00389  -0.94239   1.91166    11.94213    11.49381     0.44832
  -5.43228  -1.83184   1.91166     7.91666     7.56577     0.35089
  -4.47054  -2.27105   1.91166     1.49787     1.44868     0.04918
  -6.31161   0.60146   0.94933    13.67406    13.04711     0.62695
  -6.54333  -0.41375   0.94933    12.26907    11.56750     0.70156
  -6.31161  -1.42897   0.94933     9.87261     9.08548     0.78713
  -5.66236  -2.24310   0.94933     5.19641     4.49232     0.70409
  -4.72416  -2.69492   0.94933    -3.61822    -3.83528     0.21706
  -6.31161   0.60146  -0.11877    10.06651     9.72419     0.34232
  -6.54333  -0.41375  -0.11877     9.59588     8.93004     0.66584
  -6.31161  -1.42897  -0.11877     7.34186     6.43221     0.90965
  -5.66236  -2.24310  -0.11877     1.91579     1.01115     0.90463
  -6.00389  -0.94239  -1.08109     4.18612     3.42985     0.75626
  -5.43228  -1.83184  -1.08109    -1.28388    -2.36887     1.08499
  -3.27201   0.96001   3.25346    14.22815    15.17761    -0.94946
  -2.23069   0.96001   3.01579    12.64306    13.62215    -0.97909
  -2.75135   1.86182   3.01579    16.09185    16.79056    -0.69871
  -3.79267   1.86182   3.01579    17.08834    17.55893    -0.47059
  -4.31333   0.96001   3.01579    15.65699    16.27540    -0.61841
  -2.49253   2.66684   2.34984    18.00137    18.64071    -0.63934
  -3.53905   2.81731   2.34984    18.92067    19.16350    -0.24284
  -4.50079   2.37809   2.34984    18.13502    18.19889    -0.06387
  -5.07240   1.48865   2.34984    17.39833    17.31528     0.08305
  -3.79267   3.24117   1.38751    19.42205    19.48026    -0.05821
  -4.73087   2.78936   1.38751    17.60164    17.54678     0.05486
  -2.00440   3.99823   1.29651    15.01881    15.18776    -0.16894
  -2.96614   3.55902   1.29651    18.58683    18.71958    -0.13275
  -2.25802   4.42209   0.33418    14.88578    14.56969     0.31609
  -3.19622   3.97028   0.33418    15.96761    15.75888     0.20873
  -2.25802   4.42209  -0.73392    13.31450    12.83595     0.47855
  -3.19622   3.97028  -0.73392    13.06412    12.78340     0.28073
  -3.84547   3.15614  -0.73392    12.37762    12.62452    -0.24690
  -2.00440   3.99823  -1.69625    10.49698    10.16013     0.33685
  -2.96614   3.55902  -1.69625     9.68498     9.58472     0.10027
  -3.53775   2.66957  -1.69625     6.78087     7.33638    -0.55551
  -2.25802   3.04274  -2.36220     6.25376     6.28921    -0.03545
  -2.77868   2.14093  -2.36220     3.14822     3.42920    -0.28098
   2.05813   4.24912   1.31536     9.91089    10.19052    -0.27964
   1.25909   4.94150   1.31536    10.13051    10.52475    -0.39424
   0.21257   5.09197   1.31536    10.79065    11.19235    -0.40170
  -0.74917   4.65275   1.31536    11.96786    12.30607    -0.33821
   2.58772   4.24988   0.35304    12.15298    11.80448     0.34850
   1.93847   5.06402   0.35304    11.01279    11.00117     0.01162
   1.00027   5.51583   0.35304    11.16841    11.21225    -0.04383
  -0.04105   5.51583   0.35304    11.76643    11.78755    -0.02112
  -0.97925   5.06402   0.35304    13.05157    12.94631     0.10526
   2.58772   4.24988  -0.71506    11.71497    11.32757     0.38741
   1.93847   5.06402  -0.71506    10.78438    10.69354     0.09084
   1.00027   5.51583  -0.71506    10.94753    10.89156     0.05597
  -0.04105   5.51583  -0.71506    11.45079    11.35228     0.09852
  -0.97925   5.06402  -0.71506    12.48430    12.22576     0.25854
   2.05813   4.24912  -1.67739     9.09826     9.16167    -0.06341
   1.25909   4.94150  -1.67739     9.48230     9.60206    -0.11977
   0.21257   5.09197  -1.67739     9.92344     9.98967    -0.06623
  -0.74917   4.65275  -1.67739    10.39846    10.29621     0.10225
   1.00027   4.13648  -2.34334     6.89131     7.27760    -0.38629
  -0.04105   4.13648  -2.34334     7.21259     7.47517    -0.26258
   4.42855   1.86385   1.44910     3.00201     3.31899    -0.31698
   4.13067   2.87831   1.44910     6.31526     6.19631     0.11894
   3.33163   3.57068   1.44910     8.15135     8.10539     0.04596
   4.89198   1.86385   0.48677     3.25364     3.42814    -0.17451
   4.66026   2.87907   0.48677     6.65411     6.22358     0.43053
   4.01101   3.69320   0.48677     8.72175     8.21779     0.50396
   3.07281   4.14502   0.48677    10.67896    10.29692     0.38204
   4.89198   1.86385  -0.58133     3.27372     3.35009    -0.07638
   4.66026   2.87907  -0.58133     6.61270     6.11998     0.49271
   4.01101   3.69320  -0.58133     8.69352     8.12084     0.57267
   3.07281   4.14502  -0.58133    10.76493    10.28035     0.48457
   4.42855   1.86385  -1.54366     2.96498     3.01986    -0.05488
   4.13067   2.87831  -1.54366     6.14897     5.84678     0.30218
   3.33163   3.57068  -1.54366     8.07542     7.79979     0.27563
  -0.37001  -2.61513   2.20691    -4.18110    -3.80433    -0.37677
  -0.11639  -3.57062   1.54096    -6.21862    -6.45737     0.23875
   0.93014  -3.42015   1.54096    -4.56701    -4.55473    -0.01229
  -0.37001  -3.99448   0.57864   -10.32755   -10.79552     0.46797
   0.67131  -3.99448   0.57864    -5.82454    -6.31920     0.49466
  -0.37001  -3.99448  -0.48946   -13.25677   -13.58768     0.33092
   0.67131  -3.99448  -0.48946    -7.28727    -7.76955     0.48228
  -0.11639  -3.57062  -1.45179   -12.94176   -12.92401    -0.01774
   0.93014  -3.42015  -1.45179    -8.03149    -8.14005     0.10856
