  905     7       136461.2218586041     1206.2525925249
  -3.35728   0.12656   2.38960    15.06023    16.80801    -1.74778
  -2.30728   0.12656   2.10826    15.82893    15.20167     0.62726
  -4.40728   0.12656   2.10826    20.70405    21.19511    -0.49106
  -3.88228  -0.78277   2.10826    10.42356    12.42491    -2.00135
  -2.83228  -0.78277   2.10826     6.23807     6.39937    -0.16130
  -4.92916   1.51912   0.28960    15.76304    14.17191     1.59113
  -3.61611   1.92670  -0.76040     5.31312     7.76708    -2.45396
  -4.54825   1.50101  -0.76040    -1.18035     1.59124    -2.77158
  -5.10227   0.63893  -0.76040     2.03250     3.95377    -1.92126
  -2.83228   1.03589  -1.52905    -2.44729    -2.92810     0.48081
  -3.88228   1.03589  -1.52905   -11.18473    -7.15433    -4.03040
  -4.40728   0.12656  -1.52905    -9.67180    -7.91205    -1.75976
  -3.88228  -0.78277  -1.52905   -11.17971   -15.73842     4.55871
  -3.35728   0.12656  -1.81040    -9.61345   -11.33826     1.72481
  -2.24005  -0.60870   2.06757    10.50451     9.09611     1.40839
  -2.76505  -1.51802   1.78622    -1.25627    -2.39223     1.13595
  -1.71505  -1.51802   1.78622     0.40412    -0.45597     0.86008
  -2.76505   0.30063  -1.85108    -2.24837    -5.89692     3.64856
  -3.29005  -0.60870  -1.85108   -10.83207   -15.56186     4.72979
  -2.24005  -0.60870  -2.13243    -8.61633   -11.58553     2.96920
  -3.28739  -1.79529   1.37419    -7.48180    -8.41850     0.93670
  -2.79739  -2.64400   1.37419   -22.84323   -21.90208    -0.94115
  -1.81739  -2.64400   1.37419   -21.49973   -20.77628    -0.72345
  -3.68062  -2.79300   0.65678   -26.01843   -24.00922    -2.00921
  -2.83192  -3.40963   0.65678   -31.71308   -31.41702    -0.29606
  -1.78286  -3.40963   0.65678   -30.04139   -30.11504     0.07365
  -4.00480  -2.77529  -0.32322   -29.22123   -27.17746    -2.04378
  -3.28739  -3.49270  -0.32322   -34.88388   -34.67645    -0.20743
  -2.30739  -3.75529  -0.32322   -35.04264   -36.14170     1.09906
  -1.32739  -3.49270  -0.32322   -32.14480   -31.85068    -0.29412
  -4.00480  -1.79529  -1.30322   -22.67757   -23.75196     1.07439
  -3.68062  -2.79300  -1.30322   -33.22726   -32.75661    -0.47065
  -2.83192  -3.40963  -1.30322   -36.02783   -37.06173     1.03390
  -1.78286  -3.40963  -1.30322   -35.70529   -35.90456     0.19927
  -0.93416  -2.79300  -1.30322   -30.70780   -28.30073    -2.40707
  -1.32739  -1.79529  -2.02063   -27.26654   -25.59860    -1.66794
  -3.28739  -1.79529  -2.02063   -27.50625   -28.63989     1.13364
  -2.79739  -2.64400  -2.02063   -33.81021   -34.51070     0.70049
  -1.81739  -2.64400  -2.02063   -34.01478   -33.43361    -0.58117
  -2.30739  -1.79529  -2.28322   -28.29064   -28.59321     0.30257
  -0.93330   0.13826   2.06230     3.11872     4.25738    -1.13866
  -0.93330   0.13826  -2.13771    -7.46862    -7.75958     0.29097
  -0.84118   1.53437   1.98990     3.11872     3.43448    -0.31576
  -1.36618   2.44370   1.70855    11.94088    12.84680    -0.90592
  -1.89118   1.53437   1.70855    22.78612    22.01465     0.77147
  -1.10000   3.33451   0.93990    16.83357    15.74246     1.09111
  -1.36618   2.44370  -1.92875     5.22339     5.37155    -0.14816
  -1.89118   1.53437  -1.92875     2.39960     2.31121     0.08838
  -0.84118   1.53437  -2.21010    -4.00288    -4.70923     0.70635
   0.40910   2.15269   1.98460    -1.65474    -2.00999     0.35524
   0.93410   3.06201   1.70325     4.71260     5.43302    -0.72042
  -0.11590   3.06201   1.70325     5.65010     6.23989    -0.58980
  -0.78186   3.52713   0.93460    15.99333    15.04108     0.95225
   1.93905   3.13592  -1.16540    14.09700    12.20213     1.89487
   0.93410   3.06201  -1.93405     4.65675     5.06711    -0.41036
  -0.11590   3.06201  -1.93405     4.90022     4.76996     0.13026
   0.40910   2.15269  -2.21540    -3.60316    -4.53841     0.93526
   1.57575   1.39123   2.05349    -2.56275    -3.61637     1.05363
   2.62575   1.39123   1.77215     2.24021     1.04291     1.19729
   2.10075   2.30056   1.77215     3.82404     4.38388    -0.55983
   2.62575   1.39123  -1.86516     1.23619     0.17177     1.06442
   2.10075   2.30056  -1.86516     3.39043     3.42939    -0.03896
   1.57575   1.39123  -2.14651    -4.57768    -5.96078     1.38310
   1.47158   0.00046   2.11428    -4.11458    -7.80446     3.68988
   1.47158   0.00046  -2.08572    -7.13980   -11.39402     4.25421
   2.93730  -0.96744   2.47229   -10.88290    -8.02001    -2.86289
   3.96995  -0.96744   2.23660   -10.89231    -7.91122    -2.98109
   3.45363  -0.07315   2.23660    -9.16038    -6.56318    -2.59720
   2.42098  -0.07315   2.23660    -5.82643    -7.59294     1.76652
   1.90466  -0.96744   2.23660    -6.80409    -8.11958     1.31549
   2.42098  -1.86173   2.23660   -11.10378    -8.31747    -2.78631
   3.45363  -1.86173   2.23660   -11.44326    -8.71537    -2.72789
   4.79806  -0.96744   1.57620    -7.59098    -7.89262     0.30164
   4.44269   0.12629   1.57620    -8.79643    -5.60368    -3.19275
   3.51231   0.80225   1.57620    -2.58910    -2.28554    -0.30357
   1.43192  -2.06117   1.57620    -4.72326    -5.61692     0.89366
   2.36230  -2.73713   1.57620   -11.32780    -8.48025    -2.84755
   3.51231  -2.73713   1.57620    -9.48543    -9.34391    -0.14153
   4.44269  -2.06117   1.57620    -6.17532    -9.03610     2.86077
   5.25763  -0.96744   0.62189    -4.68561    -7.95781     3.27220
   4.99185   0.11087   0.62189    -7.60102    -5.57593    -2.02509
   4.25540   0.94215   0.62189    -2.00740    -0.14081    -1.86660
   2.11450  -3.13699   0.62189   -10.51329    -8.25268    -2.26061
   3.21699  -3.27085   0.62189    -9.53501    -9.73545     0.20044
   4.25540  -2.87703   0.62189    -4.10705    -9.75765     5.65060
   4.99185  -2.04575   0.62189    -1.80032    -9.17164     7.37131
   5.25763  -0.96744  -0.43730    -5.24472    -8.11937     2.87464
   4.99185   0.11087  -0.43730    -7.77359    -5.65032    -2.12326
   4.25540   0.94215  -0.43730    -1.27698     0.25080    -1.52778
   2.11450  -3.13699  -0.43730   -11.12700    -8.98208    -2.14492
   3.21699  -3.27085  -0.43730   -10.20393   -10.16510    -0.03883
   4.25540  -2.87703  -0.43730    -4.87010   -10.04204     5.17194
   4.99185  -2.04575  -0.43730    -2.54894    -9.38259     6.83365
   4.79806  -0.96744  -1.39161    -8.85918    -8.43668    -0.42250
   4.44269   0.12629  -1.39161    -8.95833    -5.92298    -3.03535
   3.51231   0.80225  -1.39161    -1.00464    -1.85021     0.84556
   1.43192  -2.06117  -1.39161    -6.36106    -8.70236     2.34130
   2.36230  -2.73713  -1.39161   -12.79994   -10.26486    -2.53508
   3.51231  -2.73713  -1.39161   -11.16026   -10.39362    -0.76664
   4.44269  -2.06117  -1.39161    -7.92796    -9.75203     1.82407
   3.96995  -0.96744  -2.05201   -12.08646    -9.03122    -3.05524
   3.45363  -0.07315  -2.05201    -9.20996    -7.71597    -1.49398
   2.42098  -0.07315  -2.05201    -6.25564   -10.02848     3.77284
   1.90466  -0.96744  -2.05201    -8.25740   -11.57276     3.31536
   2.42098  -1.86173  -2.05201   -12.59788   -10.79594    -1.80194
   3.45363  -1.86173  -2.05201   -13.10805   -10.22424    -2.88381
   2.93730  -0.96744  -2.28771   -11.79279   -10.07495    -1.71783
   0.23417  -0.63322   2.11193    -3.04970    -2.87046    -0.17924
  -0.29083  -1.54255   1.83058    -0.47502     0.38460    -0.85963
   0.75917  -1.54255   1.83058    -1.61521    -2.75123     1.13602
  -0.29083  -1.54255  -1.80673   -12.79743   -12.05753    -0.73990
   0.75917  -1.54255  -1.80673    -7.07078    -8.87565     1.80487
   0.23417  -0.63322  -2.08808    -9.80797   -10.82877     1.02080
  -5.00239   0.16667   1.77443    24.37435    23.76318     0.61117
  -5.00239  -0.99418   1.77443    19.54880    19.84980    -0.30099
  -3.89835  -1.35290   1.77443     8.15888     9.04179    -0.88292
  -5.70492   0.13272   0.93443    23.39920    22.48716     0.91204
  -5.70492  -0.96022   0.93443    21.76203    21.01068     0.75135
  -5.00239  -1.79747   0.93443    13.83847    13.23061     0.60786
  -3.92605  -1.98725   0.93443    -4.53250    -4.70479     0.17229
  -5.70492   0.13272  -0.10386    16.95593    16.82447     0.13146
  -5.70492  -0.96022  -0.10386    17.37950    16.52621     0.85329
  -5.00239  -1.79747  -0.10386     8.05848     6.84611     1.21237
  -5.00239  -0.99418  -0.94386     5.85843     4.60033     1.25810
  -3.27201   0.96001   2.53346    23.95078    24.04420    -0.09342
  -2.28454   0.96001   2.21261    22.45292    21.97680     0.47612
  -2.96687   1.89916   2.21261    29.43835    28.32444     1.11391
  -4.07090   1.54044   2.21261    28.36531    27.08656     1.27875
  -2.99456   2.53351   1.37261    32.62296    31.41383     1.20913
  -4.07090   2.34372   1.37261    29.76717    27.99609     1.77108
  -4.77343   1.50648   1.37261    27.03625    24.54305     2.49319
  -4.07090   2.34372   0.33431    23.36469    22.64095     0.72374
  -2.53625   2.72136   1.15928    28.59812    28.50492     0.09320
  -1.45991   3.71443   0.31928    20.95066    19.74973     1.20093
  -2.53625   3.52465   0.31928    22.75538    22.05539     0.69999
  -3.23878   2.68740   0.31928    29.33858    28.15731     1.18127
  -1.45991   3.71443  -0.71902    19.57328    18.08978     1.48349
  -2.53625   3.52465  -0.71902    19.32416    18.51610     0.80805
  -3.23878   2.68740  -0.71902    17.87461    17.64043     0.23418
  -1.43221   3.08008  -1.55902    12.16051    11.77206     0.38845
  -2.53625   2.72136  -1.55902    12.54768    12.91503    -0.36735
  -2.53625   1.56051  -1.55902     5.24221     5.26805    -0.02583
   0.78475   4.17382   1.17814    13.67155    14.54202    -0.87047
  -0.31928   3.81509   1.17814    13.60817    14.26613    -0.65796
   1.70357   4.26170   0.33814    16.82855    16.29795     0.53060
   0.75706   4.80817   0.33814    17.35189    16.87089     0.48100
  -0.31928   4.61838   0.33814    17.96309    17.55310     0.40999
  -1.02181   3.78114   0.33814    20.72538    18.95650     1.76888
   1.70357   4.26170  -0.70016    16.58947    15.95722     0.63225
   0.75706   4.80817  -0.70016    17.24710    16.55496     0.69214
  -0.31928   4.61838  -0.70016    17.70330    17.04412     0.65917
  -1.02181   3.78114  -0.70016    20.06273    18.00831     2.05443
   0.78475   4.17382  -1.54016    13.35591    13.72973    -0.37382
  -0.31928   3.81509  -1.54016    12.76919    12.83495    -0.06576
   3.53963   1.86385   1.31187     8.22853     7.85247     0.37606
   2.85730   2.80300   1.31187    11.21987    11.34190    -0.12203
   4.14992   1.86385   0.47187     9.80421     8.64328     1.16093
   3.77612   2.89088   0.47187    14.27647    12.60157     1.67490
   2.82960   3.43735   0.47187    16.13264    14.90814     1.22450
   4.14992   1.86385  -0.56643     9.83496     8.57669     1.25826
   3.77612   2.89088  -0.56643    14.27019    12.50732     1.76287
   2.82960   3.43735  -0.56643    16.39431    14.95766     1.43665
   3.53963   1.86385  -1.40643     8.05346     7.53404     0.51942
   2.85730   2.80300  -1.40643    11.30647    11.04115     0.26532
  -0.64823  -2.29375   1.40373    -3.99473    -3.96834    -0.02638
   0.45580  -2.65247   1.40373     0.30748    -0.82013     1.12761
  -0.64823  -3.09703   0.56374   -11.86369   -12.99534     1.13165
   0.42810  -3.28682   0.56374    -0.55472    -3.10679     2.55207
   1.37462  -2.74035   0.56374    -2.12788    -3.39066     1.26278
  -0.64823  -3.09703  -0.47456   -19.59085   -19.61841     0.02756
   0.42810  -3.28682  -0.47456    -2.94992    -5.35804     2.40811
   1.37462  -2.74035  -0.47456    -3.10303    -4.64155     1.53852
  -0.64823  -2.29375  -1.31456   -23.16953   -20.65719    -2.51235
   0.45580  -2.65247  -1.31456    -5.55409    -6.57624     1.02215
  -3.35728   0.12656   2.68960    13.59750    14.81039    -1.21289
  -2.31596   0.12656   2.45193    12.78362    13.00677    -0.22315
  -4.39860   0.12656   2.45193    16.96786    17.62240    -0.65455
  -3.87794  -0.77525   2.45193     9.23255    10.68757    -1.45503
  -2.83662  -0.77525   2.45193     6.12700     6.72943    -0.60243
  -5.15767   0.65520   1.78598    21.95154    20.86522     1.08632
  -3.62432  -1.73074   1.78598     0.33886     0.66505    -0.32619
  -5.46539   1.14177   0.82365    18.56675    17.10295     1.46381
  -4.81614   1.95591  -0.24445     9.53438    10.01361    -0.47923
  -5.46539   1.14177  -0.24445     9.21623     9.43914    -0.22291
  -3.62432   1.98386  -1.20677     3.27183     5.43900    -2.16717
  -4.58606   1.54464  -1.20677    -1.46084     1.08914    -2.54999
  -5.15767   0.65520  -1.20677    -0.41541     1.42637    -1.84178
  -2.83662   1.02837  -1.87272    -2.19879    -2.36489     0.16610
  -3.87794   1.02837  -1.87272    -7.06513    -4.72772    -2.33741
  -4.39860   0.12656  -1.87272    -7.67444    -6.69265    -0.98179
  -3.87794  -0.77525  -1.87272   -11.47966   -14.01419     2.53453
  -3.35728   0.12656  -2.11040    -7.91352    -9.11528     1.20175
  -2.24005  -0.60870   2.36757     7.95619     7.68875     0.26744
  -2.76071  -1.51051   2.12989    -0.07216    -0.26164     0.18947
  -1.71939  -1.51051   2.12989     0.16503    -0.06780     0.23283
  -2.76071   0.29311  -2.19476    -3.96712    -5.99160     2.02448
  -3.28137  -0.60870  -2.19476   -10.98957   -13.58066     2.59109
  -2.24005  -0.60870  -2.43243    -9.93599   -11.65772     1.72174
  -2.79334  -2.63698   1.69495   -15.57730   -14.87610    -0.70119
  -1.82144  -2.63698   1.69495   -14.98869   -14.38528    -0.60341
  -3.72423  -2.82468   1.07339   -17.25149   -16.05301    -1.19848
  -2.84857  -3.46088   1.07339   -23.37159   -22.83458    -0.53702
  -1.76621  -3.46088   1.07339   -22.23580   -22.00000    -0.23580
  -4.42777  -2.31792   0.17522    -9.08194    -8.59702    -0.48492
  -3.94202  -3.24345   0.17522   -23.32829   -22.06556    -1.26273
  -3.08179  -3.83722   0.17522   -27.17681   -27.04326    -0.13355
  -2.04416  -3.96321   0.17522   -26.94589   -27.27438     0.32849
  -1.06683  -3.59256   0.17522   -22.38640   -22.35522    -0.03118
  -4.42777  -2.31792  -0.82167   -16.95782   -16.62241    -0.33541
  -3.94202  -3.24345  -0.82167   -26.13389   -25.40289    -0.73100
  -3.08179  -3.83722  -0.82167   -28.95392   -29.28042     0.32650
  -2.04416  -3.96321  -0.82167   -28.88489   -29.37826     0.49337
  -1.06683  -3.59256  -0.82167   -25.70404   -25.25239    -0.45165
  -4.05869  -1.79529  -1.71984   -18.86858   -19.81174     0.94316
  -3.72423  -2.82468  -1.71984   -26.23868   -26.22427    -0.01441
  -2.84857  -3.46088  -1.71984   -29.09009   -29.58691     0.49682
  -1.76621  -3.46088  -1.71984   -28.88865   -28.79713    -0.09153
  -0.89056  -2.82468  -1.71984   -24.99245   -23.48382    -1.50863
  -1.33549  -1.79529  -2.34139   -22.05570   -21.10547    -0.95023
  -3.27929  -1.79529  -2.34139   -22.03374   -22.88015     0.84640
  -2.79334  -2.63698  -2.34139   -26.88251   -27.23140     0.34889
  -1.82144  -2.63698  -2.34139   -26.98165   -26.54361    -0.43804
  -2.30739  -1.79529  -2.56322   -22.69137   -22.91344     0.22207
  -0.93330   0.13826   2.36230     3.17645     4.14226    -0.96580
  -0.93330   0.13826  -2.43771    -7.44540    -7.60617     0.16077
  -0.84118   1.53437   2.28990     4.05120     4.62952    -0.57831
  -1.36184   2.43618   2.05222    10.84713    11.76579    -0.91866
  -1.88250   1.53437   2.05222    18.66904    18.70253    -0.03350
  -1.10822   3.39167   1.38628    13.07165    13.44720    -0.37555
  -1.10822   3.39167  -1.60648    11.21548    10.72835     0.48713
  -1.36184   2.43618  -2.27243     3.10680     3.51663    -0.40983
  -1.88250   1.53437  -2.27243     0.46624     0.68614    -0.21990
  -0.84118   1.53437  -2.51010    -3.54982    -3.76437     0.21455
   0.40910   2.15269   2.28460    -0.28991    -0.09173    -0.19817
   0.92976   3.05450   2.04693     3.88868     4.80426    -0.91559
  -0.11156   3.05450   2.04693     5.11546     5.99787    -0.88241
  -0.81968   3.57077   1.38098    12.23957    12.64093    -0.40136
   1.98762   3.16714  -1.61178     8.86294     8.71652     0.14643
  -0.81968   3.57077  -1.61178    11.19163    10.81664     0.37499
   0.92976   3.05450  -2.27772     3.10303     3.63551    -0.53247
  -0.11156   3.05450  -2.27772     3.31388     3.60005    -0.28617
   0.40910   2.15269  -2.51540    -2.80873    -3.14068     0.33195
   1.57575   1.39123   2.35349    -1.96724    -2.45517     0.48793
   2.61707   1.39123   2.11582     0.50075     0.07950     0.42125
   2.09641   2.29304   2.11582     2.53137     3.15982    -0.62845
   2.35523   3.09806   1.44987     9.22000     9.55598    -0.33598
   2.35523   3.09806  -1.54288     9.60466     9.44220     0.16246
   2.61707   1.39123  -2.20883    -0.51205    -1.04052     0.52848
   2.09641   2.29304  -2.20883     1.69992     1.94710    -0.24717
   1.57575   1.39123  -2.44651    -4.12462    -4.96319     0.83857
   1.47158   0.00046   2.41428    -4.09826    -6.03529     1.93703
   1.47158   0.00046  -2.38572    -7.17055    -9.78852     2.61797
   2.93730  -0.96744   2.81229    -8.35592    -6.34018    -2.01574
   3.97820  -0.96744   2.60525    -8.55672    -6.31026    -2.24646
   3.45775  -0.06600   2.60525    -7.00614    -5.12574    -1.88040
   2.41685  -0.06600   2.60525    -5.36207    -5.73550     0.37343
   1.89640  -0.96744   2.60525    -6.19603    -6.32189     0.12586
   2.41685  -1.86889   2.60525    -8.72615    -6.74744    -1.97871
   3.45775  -1.86889   2.60525    -9.17105    -7.05177    -2.11928
   4.86063  -0.96744   2.01563    -6.91704    -6.31986    -0.59718
   4.60296  -0.00578   2.01563    -6.93398    -4.76046    -2.17352
   3.89897   0.69821   2.01563    -4.24322    -2.63671    -1.60651
   2.93730   0.95589   2.01563    -1.13391    -1.97983     0.84592
   1.27165  -1.92911   2.01563    -4.62851    -4.90917     0.28066
   1.97564  -2.63309   2.01563    -8.27622    -6.58184    -1.69438
   2.93730  -2.89077   2.01563    -9.26706    -7.54700    -1.72006
   3.89897  -2.63309   2.01563    -7.73656    -7.66715    -0.06942
   4.60296  -1.92911   2.01563    -6.55559    -7.24568     0.69009
   5.45026  -0.96744   1.13319    -4.94917    -6.37571     1.42655
   5.23300   0.05467   1.13319    -5.87914    -4.59011    -1.28903
   4.61880   0.90005   1.13319    -3.18336    -1.28248    -1.90087
   1.68083  -3.14372   1.13319    -7.10906    -6.06924    -1.03982
   2.67463  -3.46663   1.13319    -9.18423    -7.86788    -1.31635
   3.71385  -3.35740   1.13319    -7.20506    -8.20178     0.99672
   4.61880  -2.83493   1.13319    -4.57266    -7.98805     3.41539
   5.23300  -1.98955   1.13319    -3.75753    -7.40575     3.64822
   5.65730  -0.96744   0.09230    -4.32229    -6.48471     2.16242
   5.47363   0.01514   0.09230    -5.46749    -4.73900    -0.72849
   4.94741   0.86501   0.09230    -3.23858    -1.41192    -1.82666
   2.19294  -3.58361   0.09230    -9.26392    -7.90271    -1.36122
   3.18827  -3.67584   0.09230    -8.61069    -8.57554    -0.03515
   4.14971  -3.40228   0.09230    -5.72540    -8.52616     2.80076
   4.94741  -2.79989   0.09230    -3.30509    -8.16138     4.85629
   5.47363  -1.95002   0.09230    -2.92231    -7.51944     4.59713
   5.45026  -0.96744  -0.94860    -5.62876    -6.67448     1.04572
   5.23300   0.05467  -0.94860    -6.17971    -4.78453    -1.39519
   4.61880   0.90005  -0.94860    -2.76543    -1.12101    -1.64442
   1.68083  -3.14372  -0.94860    -8.54417    -7.80223    -0.74194
   2.67463  -3.46663  -0.94860   -10.24911    -8.88648    -1.36263
   3.71385  -3.35740  -0.94860    -8.19653    -8.85908     0.66255
   4.61880  -2.83493  -0.94860    -5.55283    -8.46106     2.90823
   5.23300  -1.98955  -0.94860    -4.65298    -7.77658     3.12360
   4.86063  -0.96744  -1.83103    -7.97816    -7.00460    -0.97355
   4.60296  -0.00578  -1.83103    -7.37073    -5.29837    -2.07236
   3.89897   0.69821  -1.83103    -3.84789    -2.88081    -0.96708
   1.27165  -1.92911  -1.83103    -7.70707    -9.07439     1.36732
   1.97564  -2.63309  -1.83103   -10.38026    -9.23569    -1.14457
   2.93730  -2.89077  -1.83103   -10.93310    -9.18894    -1.74416
   3.89897  -2.63309  -1.83103    -9.29906    -8.77613    -0.52293
   4.60296  -1.92911  -1.83103    -7.98004    -8.08311     0.10307
   3.97820  -0.96744  -2.42066    -9.70506    -7.57744    -2.12762
   3.45775  -0.06600  -2.42066    -7.56212    -6.48975    -1.07237
   2.41685  -0.06600  -2.42066    -6.65160    -8.33639     1.68479
   1.89640  -0.96744  -2.42066    -8.47765    -9.94396     1.46630
   2.41685  -1.86889  -2.42066   -10.66515    -9.43565    -1.22950
   3.45775  -1.86889  -2.42066   -10.76932    -8.72122    -2.04810
   2.93730  -0.96744  -2.62770    -9.70506    -8.53463    -1.17043
   0.23417  -0.63322   2.41193    -2.64935    -2.30993    -0.33941
  -0.28649  -1.53503   2.17425    -1.51795    -0.65691    -0.86104
   0.75483  -1.53503   2.17425    -2.99385    -3.26967     0.27582
  -0.28649  -1.53503  -2.15040   -13.03023   -12.31710    -0.71313
   0.75483  -1.53503  -2.15040    -8.58935    -9.47321     0.88386
   0.23417  -0.63322  -2.38808    -9.54316   -10.16294     0.61978
  -5.16350  -0.41375   2.07805    17.99760    18.21588    -0.21828
  -4.68350  -1.24514   2.07805    12.56588    13.22871    -0.66283
  -5.54871   0.56360   1.37528    20.98204    19.91077     1.07127
  -5.86627  -0.41375   1.37528    18.88176    18.46042     0.42134
  -5.54871  -1.39111   1.37528    15.23279    14.96048     0.27231
  -4.71732  -1.99514   1.37528     7.11031     7.15856    -0.04825
  -5.86627   0.54625   0.41528    16.73693    16.16739     0.56954
  -6.12350  -0.41375   0.41528    16.72501    16.24622     0.47879
  -5.86627  -1.37375   0.41528    14.04931    13.40893     0.64038
  -5.16350  -2.07652   0.41528     6.32279     5.82297     0.49981
  -5.86627  -0.41375  -0.54472    11.25501    11.14621     0.10881
  -5.54871  -1.39111  -0.54472     8.12311     7.36664     0.75647
  -4.71732  -1.99514  -0.54472    -4.90085    -5.58097     0.68012
  -5.16350  -0.41375  -1.24748     2.10090     2.30026    -0.19936
  -4.68350  -1.24514  -1.24748    -3.44377    -5.12594     1.68217
  -3.27201   0.96001   2.77346    19.71572    19.89604    -0.18031
  -2.31201   0.96001   2.51623    18.16766    18.16365     0.00401
  -2.79201   1.79139   2.51623    22.96748    22.47980     0.48768
  -3.75201   1.79139   2.51623    23.90058    23.10704     0.79354
  -4.23201   0.96001   2.51623    21.38176    21.10742     0.27434
  -2.75819   2.54140   1.81346    26.11004    25.57342     0.53662
  -3.78584   2.54140   1.81346    25.80068    24.62504     1.17564
  -4.61722   1.93736   1.81346    23.90372    22.51609     1.38763
  -3.27201   2.88001   0.85346    27.45731    26.59270     0.86460
  -4.23201   2.62278   0.85346    23.08168    22.07669     1.00499
  -4.93478   1.92001   0.85346    20.37837    18.89479     1.48358
  -3.78584   2.54140  -0.10654    19.03864    19.08382    -0.04518
  -2.21736   2.97232   1.46290    20.84085    21.39374    -0.55290
  -2.25118   3.72232   0.76013    19.25136    19.16386     0.08751
  -3.08257   3.11828   0.76013    24.77282    24.19051     0.58231
  -1.73736   4.06093  -0.19987    18.16640    17.45548     0.71092
  -2.69736   3.80370  -0.19987    18.33771    17.81739     0.52032
  -3.40013   3.10093  -0.19987    19.55696    19.13298     0.42398
  -1.22354   3.72232  -1.15987    15.56224    14.64615     0.91608
  -2.25118   3.72232  -1.15987    14.87323    14.58883     0.28440
  -3.08257   3.11828  -1.15987    13.88867    13.90624    -0.01757
  -3.40013   2.14093  -1.15987     7.27723     8.76397    -1.48674
  -2.21736   2.97232  -1.86264     9.75464    10.22629    -0.47166
  -2.69736   2.14093  -1.86264     6.11947     6.95324    -0.83376
   0.95961   4.06605   1.48176    10.60742    11.58051    -0.97309
  -0.00039   4.06605   1.48176    11.31462    12.31000    -0.99537
   1.82482   4.21202   0.77899    13.57240    13.51994     0.05247
   0.99343   4.81606   0.77899    13.85415    13.95845    -0.10430
  -0.03422   4.81606   0.77899    14.52496    14.65467    -0.12971
  -0.86560   4.21202   0.77899    15.84524    15.79163     0.05361
   2.14238   4.19467  -0.18101    15.19200    14.50838     0.68362
   1.43961   4.89744  -0.18101    14.58395    14.21342     0.37053
   0.47961   5.15467  -0.18101    15.03199    14.64416     0.38783
  -0.48039   4.89744  -0.18101    15.75425    15.37748     0.37677
  -1.18316   4.19467  -0.18101    18.23919    17.35946     0.87974
   1.82482   4.21202  -1.14101    13.04969    12.86452     0.18516
   0.99343   4.81606  -1.14101    13.53412    13.38440     0.14972
  -0.03422   4.81606  -1.14101    14.01668    13.84022     0.17646
  -0.86560   4.21202  -1.14101    14.74522    14.32348     0.42174
   0.95961   4.06605  -1.84378     9.97364    10.54211    -0.56848
  -0.00039   4.06605  -1.84378    10.31500    10.77916    -0.46416
   3.51215   1.86385   1.61549     5.37776     5.48071    -0.10296
   3.03215   2.69524   1.61549     8.12060     8.45672    -0.33612
   4.21492   1.86385   0.91272     6.45205     6.18514     0.26691
   3.89736   2.84120   0.91272    10.38089     9.62899     0.75190
   3.06597   3.44524   0.91272    12.19063    11.69321     0.49742
   4.47215   1.86385  -0.04728     6.85303     6.33507     0.51796
   4.21492   2.82385  -0.04728    10.85717     9.65649     1.20068
   3.51215   3.52662  -0.04728    12.99949    11.89065     1.10884
   2.55215   3.78385  -0.04728    15.71221    14.60138     1.11083
   4.21492   1.86385  -1.00728     6.48029     6.03895     0.44134
   3.89736   2.84120  -1.00728    10.32128     9.43721     0.88406
   3.06597   3.44524  -1.00728    12.34248    11.61380     0.72869
   3.51215   1.86385  -1.71005     5.12864     5.03574     0.09290
   3.03215   2.69524  -1.71005     7.94992     7.98973    -0.03982
  -0.32935  -2.54471   1.70735    -3.46636    -3.45823    -0.00813
   0.63065  -2.54471   1.70735    -1.82668    -2.15882     0.33214
  -0.36317  -3.29471   1.00459    -7.16177    -8.13752     0.97576
   0.66448  -3.29471   1.00459    -2.39018    -3.58763     1.19745
   0.15065  -3.63332   0.04459    -6.04731    -7.65553     1.60822
   1.11065  -3.37609   0.04459    -3.60943    -4.68015     1.07071
  -0.36317  -3.29471  -0.91541   -14.96296   -15.19081     0.22785
   0.66448  -3.29471  -0.91541    -5.65888    -6.79322     1.13434
  -0.32935  -2.54471  -1.61818   -16.03538   -15.04167    -0.99371
   0.63065  -2.54471  -1.61818    -7.35692    -7.82878     0.47186
  -3.35728   0.12656   2.98960    12.02371    12.81778    -0.79407
  -2.32404   0.12656   2.78408    10.71535    11.08604    -0.37069
  -4.39053   0.12656   2.78408    14.28651    14.80742    -0.52091
  -3.87391  -0.76826   2.78408     8.36219     9.35017    -0.98798
  -2.84066  -0.76826   2.78408     5.95883     6.53649    -0.57766
  -5.18914   0.66444   2.19879    18.19589    17.67135     0.52455
  -3.62899  -1.76320   2.19879     1.08622     1.61146    -0.52524
  -5.60473   1.20887   1.32285    17.64933    16.56540     1.08393
  -5.26647   2.03575   0.28960    13.21912    12.75297     0.46615
  -5.85176   1.15980   0.28960    12.80559    12.35545     0.45014
  -3.91236   2.55849  -0.74364    10.89796    11.71275    -0.81479
  -4.91256   2.07682  -0.74364     5.99083     6.96282    -0.97199
  -5.60473   1.20887  -0.74364     5.44553     6.19018    -0.74465
  -3.62899   2.01632  -1.61959     2.44603     4.04912    -1.60308
  -4.60754   1.56943  -1.61959    -0.99335     0.88942    -1.88277
  -5.18914   0.66444  -1.61959    -1.15838     0.19065    -1.34903
  -5.18914  -0.41132  -1.61959    -0.95821    -0.81329    -0.14492
  -4.60754  -1.31631  -1.61959    -7.64809    -8.89375     1.24567
  -2.84066   1.02138  -2.20487    -2.19377    -2.32230     0.12853
  -3.87391   1.02138  -2.20487    -4.74962    -3.45297    -1.29665
  -4.39053   0.12656  -2.20487    -6.27196    -5.80726    -0.46470
  -3.87391  -0.76826  -2.20487   -10.74422   -12.31926     1.57504
  -3.35728   0.12656  -2.41040    -6.89884    -7.78744     0.88860
  -2.24005  -0.60870   2.66757     6.60768     6.74446    -0.13678
  -2.75667  -1.50351   2.46204     0.83020     0.98781    -0.15761
  -1.72343  -1.50351   2.46204     0.20959     0.25688    -0.04729
  -2.75667   0.28612  -2.52690    -4.72828    -5.95536     1.22708
  -3.27329  -0.60870  -2.52690   -10.27484   -11.85218     1.57734
  -2.24005  -0.60870  -2.73243    -9.90398   -11.00479     1.10080
  -2.85409  -2.74219   1.94722   -11.64469   -11.10470    -0.53999
  -1.76070  -2.74219   1.94722   -11.47903   -11.02955    -0.44948
  -3.59761  -3.28428   1.24797   -15.81261   -15.04699    -0.76562
  -2.58778  -3.74545   1.24797   -18.93322   -18.62102    -0.31219
  -1.48894  -3.58746   1.24797   -16.96033   -16.78447    -0.17585
  -4.52091  -2.86127   0.23753   -12.20192   -11.46982    -0.73211
  -3.83919  -3.71611   0.23753   -20.12360   -19.48705    -0.63655
  -2.85409  -4.19051   0.23753   -22.39330   -22.40279     0.00949
  -1.76070  -4.19051   0.23753   -21.63653   -21.78478     0.14826
  -0.77559  -3.71611   0.23753   -16.41879   -16.75634     0.33755
  -4.52091  -2.86127  -0.88398   -16.76705   -16.31714    -0.44992
  -3.83919  -3.71611  -0.88398   -22.32177   -22.06141    -0.26036
  -2.85409  -4.19051  -0.88398   -24.07001   -24.35639     0.28638
  -1.76070  -4.19051  -0.88398   -23.56800   -23.76169     0.19369
  -0.77559  -3.71611  -0.88398   -19.82303   -19.65470    -0.16832
  -4.19780  -1.24022  -1.89442   -11.87687   -13.43500     1.55813
  -4.19780  -2.35037  -1.89442   -17.95116   -18.20094     0.24977
  -3.59761  -3.28428  -1.89442   -22.64556   -22.76376     0.11820
  -2.58778  -3.74545  -1.89442   -24.26705   -24.55437     0.28733
  -1.48894  -3.58746  -1.89442   -23.48831   -23.23180    -0.25651
  -0.64994  -2.86047  -1.89442   -19.67368   -18.69468    -0.97900
  -1.21401  -1.79529  -2.59366   -18.14318   -17.53766    -0.60552
  -3.40078  -1.79529  -2.59366   -17.89092   -18.59040     0.69948
  -2.85409  -2.74219  -2.59366   -22.11594   -22.36442     0.24847
  -1.76070  -2.74219  -2.59366   -22.21070   -21.90572    -0.30498
  -2.30739  -1.79529  -2.84322   -18.62825   -18.85791     0.22967
  -0.93330   0.13826   2.66230     3.30133     3.96476    -0.66343
  -0.93330   0.13826  -2.73771    -7.04568    -7.29871     0.25303
  -0.84118   1.53437   2.58990     4.72452     5.19739    -0.47288
  -1.35780   2.42919   2.38437    10.09788    10.78180    -0.68391
  -1.11288   3.42413   1.79909    11.17406    11.79405    -0.61998
  -2.09143   2.97724   1.79909    17.61733    18.13718    -0.51985
  -1.39625   3.96630   0.92315    15.89419    15.85634     0.03785
  -1.11288   3.42413  -2.01929     8.01330     8.05209    -0.03880
  -1.35780   2.42919  -2.60458     2.04129     2.35476    -0.31347
  -1.87442   1.53437  -2.60458    -0.42796    -0.27514    -0.15282
  -0.84118   1.53437  -2.81010    -3.01205    -3.17413     0.16209
   0.40910   2.15269   2.58460     0.88416     1.13886    -0.25470
   0.92572   3.04750   2.37908     3.70105     4.44696    -0.74591
  -0.10752   3.04750   2.37908     5.07655     5.82645    -0.74990
   1.20221   3.88934   1.79379     8.25300     9.07364    -0.82063
   0.13739   4.04244   1.79379     9.36621    10.29779    -0.93159
  -0.84115   3.59555   1.79379    10.37336    11.00442    -0.63106
   2.01521   3.18487  -2.02459     6.08057     6.28150    -0.20093
  -0.84115   3.59555  -2.02459     8.11244     8.18043    -0.06799
   0.92572   3.04750  -2.60987     2.36822     2.73116    -0.36294
  -0.10752   3.04750  -2.60987     2.55271     2.80880    -0.25609
   0.40910   2.15269  -2.81540    -2.06764    -2.28774     0.22009
   1.57575   1.39123   2.65349    -1.25376    -1.55605     0.30229
   2.60900   1.39123   2.44797    -0.12738    -0.26555     0.13816
   2.09237   2.28604   2.44797     2.04003     2.49896    -0.45893
   2.36886   3.12789   1.86268     6.68360     7.16758    -0.48397
   3.48494   1.39123  -1.95570     1.20545     1.11935     0.08610
   2.36886   3.12789  -1.95570     6.61270     6.73131    -0.11862
   2.60900   1.39123  -2.54098    -1.23368    -1.60875     0.37506
   2.09237   2.28604  -2.54098     0.92432     1.05481    -0.13049
   1.57575   1.39123  -2.74651    -3.53915    -4.20941     0.67025
   1.47158   0.00046   2.71428    -3.58496    -4.64852     1.06356
   1.47158   0.00046  -2.68572    -6.74384    -8.50260     1.75876
   2.93730  -0.96744   3.15230    -6.46460    -5.07766    -1.38694
   3.98389  -0.96744   2.96776    -6.69866    -5.10885    -1.58982
   3.46060  -0.06107   2.96776    -5.37023    -4.05349    -1.31673
   2.41401  -0.06107   2.96776    -4.45092    -4.36856    -0.08237
   1.89072  -0.96744   2.96776    -5.20645    -4.97820    -0.22824
   2.41401  -1.87381   2.96776    -6.91892    -5.54969    -1.36923
   3.46060  -1.87381   2.96776    -7.31174    -5.79116    -1.52058
   4.90423  -0.96744   2.43639    -5.88227    -5.14611    -0.73617
   4.64071   0.01603   2.43639    -5.33948    -3.80463    -1.53485
   3.92077   0.73597   2.43639    -3.32141    -2.14178    -1.17963
   2.93730   0.99949   2.43639    -1.56877    -1.67303     0.10425
   1.23389  -1.95091   2.43639    -4.69377    -4.48945    -0.20432
   1.95384  -2.67085   2.43639    -6.88252    -5.67896    -1.20356
   2.93730  -2.93437   2.43639    -7.61922    -6.35037    -1.26885
   3.92077  -2.67085   2.43639    -6.83170    -6.39412    -0.43758
   4.64071  -1.95091   2.43639    -6.03852    -5.98646    -0.05206
   5.58734  -0.96744   1.62229    -4.66365    -5.20434     0.54069
   5.38562   0.04669   1.62229    -4.68122    -3.74909    -0.93213
   4.81116   0.90642   1.62229    -2.74849    -1.36453    -1.38396
   3.95143   1.48088   1.62229     1.84237     2.34313    -0.50076
   1.92318  -3.41576   1.62229    -7.16867    -6.14313    -1.02554
   2.93730  -3.61748   1.62229    -7.59412    -6.86363    -0.73049
   3.95143  -3.41576   1.62229    -6.29518    -6.92833     0.63316
   4.81116  -2.84130   1.62229    -4.84877    -6.65852     1.80975
   5.38562  -1.98157   1.62229    -4.32354    -6.10835     1.78481
   5.95082  -0.96744   0.62366    -3.90436    -5.29081     1.38645
   5.76908   0.06324   0.62366    -4.17796    -3.76440    -0.41355
   5.24579   0.96961   0.62366    -2.27409    -1.06233    -1.21176
   1.43055  -3.57722   0.62366    -5.88980    -5.74812    -0.14169
   2.41401  -3.93517   0.62366    -7.94113    -7.16814    -0.77299
   3.46060  -3.93517   0.62366    -7.01681    -7.38781     0.37100
   4.44406  -3.57722   0.62366    -5.09914    -7.22655     2.12741
   5.24579  -2.90449   0.62366    -3.61383    -6.84589     3.23206
   5.76908  -1.99812   0.62366    -3.30509    -6.23577     2.93067
   5.95082  -0.96744  -0.43907    -4.15851    -5.42069     1.26219
   5.76908   0.06324  -0.43907    -4.31789    -3.85598    -0.46191
   5.24579   0.96961  -0.43907    -2.20068    -1.04536    -1.15531
   1.43055  -3.57722  -0.43907    -6.77397    -6.72653    -0.04743
   2.41401  -3.93517  -0.43907    -8.49460    -7.72470    -0.76989
   3.46060  -3.93517  -0.43907    -7.45105    -7.74137     0.29032
   4.44406  -3.57722  -0.43907    -5.49385    -7.47635     1.98250
   5.24579  -2.90449  -0.43907    -3.98155    -7.03820     3.05665
   5.76908  -1.99812  -0.43907    -3.63077    -6.39293     2.76216
   5.58734  -0.96744  -1.43771    -5.35266    -5.62460     0.27194
   5.38562   0.04669  -1.43771    -5.05396    -4.06678    -0.98719
   4.81116   0.90642  -1.43771    -2.58534    -1.41826    -1.16708
   1.92318  -3.41576  -1.43771    -9.02484    -8.18777    -0.83707
   2.93730  -3.61748  -1.43771    -8.89683    -8.10781    -0.78901
   3.95143  -3.41576  -1.43771    -7.40273    -7.76898     0.36625
   4.81116  -2.84130  -1.43771    -5.86031    -7.28526     1.42495
   5.38562  -1.98157  -1.43771    -5.21398    -6.61287     1.39890
   4.90423  -0.96744  -2.25180    -6.85554    -5.95609    -0.89945
   4.64071   0.01603  -2.25180    -5.87851    -4.50002    -1.37849
   3.92077   0.73597  -2.25180    -3.38730    -2.70839    -0.67891
   1.23389  -1.95091  -2.25180    -8.57617    -9.13520     0.55903
   1.95384  -2.67085  -2.25180    -9.42959    -8.67108    -0.75850
   2.93730  -2.93437  -2.25180    -9.41453    -8.21748    -1.19705
   3.92077  -2.67085  -2.25180    -8.31827    -7.66572    -0.65255
   4.64071  -1.95091  -2.25180    -7.31237    -6.95590    -0.35647
   3.98389  -0.96744  -2.78316    -7.89658    -6.50029    -1.39629
   3.46060  -0.06107  -2.78316    -6.29078    -5.59031    -0.70047
   2.41401  -0.06107  -2.78316    -6.21925    -7.08502     0.86578
   1.89072  -0.96744  -2.78316    -7.94176    -8.68704     0.74528
   2.41401  -1.87381  -2.78316    -9.16101    -8.37790    -0.78311
   3.46060  -1.87381  -2.78316    -8.94201    -7.58703    -1.35498
   2.93730  -0.96744  -2.96771    -8.11495    -7.37615    -0.73881
   0.23417  -0.63322   2.71193    -2.06513    -1.81694    -0.24819
  -0.28245  -1.52804   2.50640    -1.71059    -1.07033    -0.64026
   0.75079  -1.52804   2.50640    -3.29191    -3.27660    -0.01531
  -1.01608  -2.07609   1.92111    -4.58521    -4.10710    -0.47811
   1.02728  -2.36988  -1.89726    -8.06099    -8.47608     0.41509
  -0.28245  -1.52804  -2.48255   -12.31111   -11.87798    -0.43313
   0.75079  -1.52804  -2.48255    -8.90436    -9.44638     0.54202
   0.23417  -0.63322  -2.68808    -8.91314    -9.45752     0.54438
  -5.28350  -0.41375   2.28590    15.18259    15.34983    -0.16724
  -4.74350  -1.34906   2.28590     9.95983    10.49707    -0.53724
  -5.99834   0.11326   1.49528    16.64155    16.17720     0.46435
  -5.99834  -0.94077   1.49528    14.24886    14.00242     0.24644
  -5.42849  -1.82747   1.49528     9.63164     9.54953     0.08211
  -4.46972  -2.26533   1.49528     1.10253     1.39008    -0.28754
  -6.30074   0.10317   0.41528    13.95581    13.61844     0.33737
  -6.30074  -0.93068   0.41528    12.57906    12.17265     0.40641
  -5.82028  -1.84610   0.41528     8.47012     8.03269     0.43744
  -4.96945  -2.43339   0.41528    -0.88165    -0.91331     0.03166
  -5.99834   0.11326  -0.66472     8.45757     8.68654    -0.22897
  -5.99834  -0.94077  -0.66472     7.81249     7.49664     0.31585
  -5.42849  -1.82747  -0.66472     2.00489     1.40872     0.59617
  -3.27201   0.96001   3.01346    16.61520    16.79911    -0.18391
  -2.19201   0.96001   2.72408    14.81738    14.95590    -0.13852
  -2.73201   1.89532   2.72408    19.19489    18.93403     0.26086
  -3.81201   1.89532   2.72408    20.22902    19.66543     0.56359
  -4.35201   0.96001   2.72408    18.32390    18.15280     0.17111
  -2.49493   2.66158   1.93346    21.66853    21.63217     0.03636
  -3.53823   2.81158   1.93346    22.29479    21.53885     0.75594
  -4.49701   2.37372   1.93346    20.92556    19.93922     0.98634
  -5.06686   1.48702   1.93346    20.05395    18.95567     1.09828
  -4.03796   2.97964   0.85346    20.86720    20.16832     0.69888
  -4.88880   2.39235   0.85346    18.11432    17.23328     0.88103
  -2.27736   3.07624   1.67074    19.01730    19.38034    -0.36304
  -2.00358   3.99251   0.88013    16.61018    16.59088     0.01929
  -2.96235   3.55465   0.88013    19.81047    19.54149     0.26898
  -1.47700   4.28518  -0.19987    16.81600    16.21266     0.60334
  -2.50331   4.16057  -0.19987    15.92431    15.57679     0.34752
  -3.35414   3.57328  -0.19987    16.73882    16.42905     0.30976
  -2.00358   3.99251  -1.27987    13.08859    12.87018     0.21842
  -2.96235   3.55465  -1.27987    12.42155    12.41641     0.00514
  -3.53220   2.66795  -1.27987     9.43649    10.13711    -0.70062
  -2.27736   3.07624  -2.07048     8.13817     8.55056    -0.41239
  -2.81736   2.14093  -2.07048     4.42269     5.18392    -0.76123
   1.01961   4.16998   1.68960     9.35930    10.15346    -0.79416
  -0.06039   4.16998   1.68960    10.24849    11.06664    -0.81816
   2.05327   4.24600   0.89899    11.96912    11.92553     0.04358
   1.25669   4.93624   0.89899    11.93460    12.07034    -0.13574
   0.21339   5.08624   0.89899    12.55082    12.70819    -0.15737
  -0.74538   4.64838   0.89899    13.72552    13.84640    -0.12089
   2.39219   4.23847  -0.18101    13.57680    12.98592     0.59088
   1.70663   5.01231  -0.18101    12.56651    12.32166     0.24485
   0.73997   5.37892  -0.18101    12.85139    12.62971     0.22168
  -0.28634   5.25430  -0.18101    13.51342    13.29451     0.21891
  -1.13718   4.66701  -0.18101    15.20330    14.82237     0.38093
   2.05327   4.24600  -1.26101    11.32153    11.16343     0.15809
   1.25669   4.93624  -1.26101    11.51041    11.45038     0.06003
   0.21339   5.08624  -1.26101    11.98355    11.90479     0.07876
  -0.74538   4.64838  -1.26101    12.63992    12.48460     0.15533
   1.01961   4.16998  -2.05163     8.50464     8.94471    -0.44007
  -0.06039   4.16998  -2.05163     8.88114     9.24767    -0.36653
   3.63215   1.86385   1.82333     3.77698     4.02505    -0.24807
   3.09215   2.79916   1.82333     6.73255     7.04752    -0.31497
   4.42276   1.86385   1.03272     4.46599     4.55496    -0.08897
   4.12581   2.87518   1.03272     8.17645     7.72614     0.45031
   3.32923   3.56542   1.03272    10.15185     9.79326     0.35859
   4.71215   1.86385  -0.04728     4.74585     4.65109     0.09477
   4.46473   2.86766  -0.04728     8.49773     7.72941     0.76832
   3.77917   3.64150  -0.04728    10.67645     9.87424     0.80221
   2.81251   4.00810  -0.04728    13.06914    12.34083     0.72831
   4.42276   1.86385  -1.12728     4.48983     4.38801     0.10182
   4.12581   2.87518  -1.12728     8.08671     7.51069     0.57603
   3.32923   3.56542  -1.12728    10.18009     9.64319     0.53690
   3.63215   1.86385  -1.91789     3.51217     3.51947    -0.00730
   3.09215   2.79916  -1.91789     6.46900     6.51255    -0.04355
  -0.38935  -2.64863   1.91520    -4.40951    -4.28246    -0.12705
   0.69065  -2.64863   1.91520    -3.06350    -3.11995     0.05645
  -0.11556  -3.56489   1.12459    -6.42821    -7.17569     0.74748
   0.92773  -3.41489   1.12459    -3.95519    -4.45732     0.50213
  -0.61529  -3.73296   0.04459   -14.97551   -15.47310     0.49759
   0.41101  -3.85757   0.04459    -6.31024    -7.35823     1.04800
  -0.11556  -3.56489  -1.03541   -12.19878   -12.57604     0.37725
   0.92773  -3.41489  -1.03541    -6.73318    -7.27540     0.54223
  -0.38935  -2.64863  -1.82603   -16.77019   -15.84811    -0.92208
   0.69065  -2.64863  -1.82603    -8.45193    -8.67136     0.21943
  -3.35728   0.12656   3.28960    10.50576    11.04516    -0.53940
  -2.33122   0.12656   3.10868     9.11583     9.47835    -0.36252
  -4.38334   0.12656   3.10868    12.16490    12.55111    -0.38621
  -3.87031  -0.76203   3.10868     7.53200     8.21709    -0.68509
  -2.84425  -0.76203   3.10868     5.61119     6.10072    -0.48953
  -5.20753   0.66984   2.58774    15.24095    14.98198     0.25897
  -3.63172  -1.78218   2.58774     1.62839     2.12699    -0.49860
  -5.45917   1.65367   1.78960    16.61645    15.76032     0.85613
  -5.89858   0.66673   1.78960    15.46372    14.91137     0.55235
  -5.13772   2.48424   0.81055    15.46497    14.81366     0.65131
  -5.86918   1.68186   0.81055    13.30383    12.67907     0.62476
  -4.16580   2.96820  -0.23134    14.10955    14.17581    -0.06625
  -5.13772   2.48424  -0.23134    10.02384    10.16119    -0.13735
  -5.86918   1.68186  -0.23134     8.60692     8.67059    -0.06367
  -6.26140   0.66943  -0.23134     9.48167     9.49271    -0.01104
  -4.65632   2.37656  -1.21040     5.09789     6.07740    -0.97951
  -5.45917   1.65367  -1.21040     3.43875     4.32398    -0.88523
  -5.89858   0.66673  -1.21040     3.75690     4.36174    -0.60484
  -3.63172   2.03529  -2.00853     1.89884     3.02782    -1.12898
  -4.62009   1.58392  -2.00853    -0.59802     0.71190    -1.30992
  -5.20753   0.66984  -2.00853    -1.39056    -0.46910    -0.92146
  -5.20753  -0.41672  -2.00853    -2.48117    -2.41874    -0.06243
  -4.62009  -1.33080  -2.00853    -8.47012    -9.31109     0.84096
  -2.84425   1.01515  -2.52947    -2.30861    -2.42588     0.11728
  -3.87031   1.01515  -2.52947    -3.51154    -2.79095    -0.72060
  -4.38334   0.12656  -2.52947    -5.35077    -5.15928    -0.19150
  -2.75308  -1.49729   2.78665     1.41943     1.70149    -0.28207
  -1.72702  -1.49729   2.78665     0.35141     0.53067    -0.17926
  -2.75308   0.27990  -2.85151    -4.98117    -5.76595     0.78478
  -3.26611  -0.60870  -2.85151    -9.34613   -10.36596     1.01983
  -2.24005  -0.60870  -3.03243    -9.34989   -10.09591     0.74602
  -2.84315  -2.72325   2.26364    -8.11433    -7.70289    -0.41144
  -1.77164  -2.72325   2.26364    -8.34901    -7.99861    -0.35041
  -4.02204  -2.78524   1.65668    -6.78401    -6.25475    -0.52925
  -3.29734  -3.50994   1.65668   -12.88716   -12.40144    -0.48573
  -2.30739  -3.77519   1.65668   -14.37813   -14.10039    -0.27773
  -1.31744  -3.50994   1.65668   -12.30107   -12.12706    -0.17401
  -4.40021  -3.31581   0.74829   -11.40436   -10.81172    -0.59264
  -3.60082  -4.03558   0.74829   -16.34788   -15.95487    -0.39301
  -2.57779  -4.36798   0.74829   -17.73216   -17.66274    -0.06943
  -1.50801  -4.25555   0.74829   -16.57755   -16.61767     0.04013
  -4.68800  -3.26930  -0.32322   -13.12875   -12.68515    -0.44361
  -3.99477  -4.02974  -0.32322   -17.72024   -17.41297    -0.30727
  -3.07365  -4.48840  -0.32322   -19.49672   -19.54164     0.04492
  -2.04904  -4.58335  -0.32322   -19.49860   -19.66554     0.16693
  -1.05932  -4.30175  -0.32322   -17.53889   -17.65433     0.11544
  -4.83773  -2.33313  -1.39474   -10.71912   -10.94486     0.22575
  -4.40021  -3.31581  -1.39474   -16.58382   -16.42434    -0.15948
  -3.60082  -4.03558  -1.39474   -19.57830   -19.61776     0.03946
  -2.57779  -4.36798  -1.39474   -20.53148   -20.74073     0.20925
  -1.50801  -4.25555  -1.39474   -19.85879   -19.88014     0.02135
  -0.57644  -3.71771  -1.39474   -16.88754   -16.69395    -0.19359
  -4.28729  -1.79529  -2.30312   -12.84637   -13.47564     0.62926
  -4.02204  -2.78524  -2.30312   -16.90260   -17.09100     0.18841
  -3.29734  -3.50994  -2.30312   -19.50551   -19.67933     0.17383
  -2.30739  -3.77519  -2.30312   -20.30370   -20.40471     0.10101
  -1.31744  -3.50994  -2.30312   -19.41514   -19.13234    -0.28280
  -0.59275  -2.78524  -2.30312   -16.78086   -16.13196    -0.64890
  -1.23588  -1.79529  -2.91009   -15.42669   -15.12723    -0.29946
  -3.37891  -1.79529  -2.91009   -14.99873   -15.54598     0.54725
  -2.84315  -2.72325  -2.91009   -18.27119   -18.46591     0.19472
  -1.77164  -2.72325  -2.91009   -18.41176   -18.24027    -0.17149
  -2.30739  -1.79529  -3.12322   -15.61808   -15.84138     0.22329
  -0.93330   0.13826   2.96229     3.30133     3.76033    -0.45900
  -0.93330   0.13826  -3.03771    -6.58697    -6.89000     0.30304
  -0.84118   1.53437   2.88990     5.01694     5.37603    -0.35909
  -1.35421   2.42296   2.70898     9.35366     9.84342    -0.48977
  -1.11561   3.44311   2.18803     9.96297    10.52488    -0.56192
  -2.10399   2.99173   2.18803    15.37147    15.69026    -0.31878
  -1.11561   3.44311  -2.40823     5.99209     6.14756    -0.15547
  -2.69143   2.07765  -2.40823     2.78928     3.34061    -0.55133
  -1.35421   2.42296  -2.92918     1.36923     1.56886    -0.19963
  -1.86724   1.53437  -2.92918    -0.92432    -0.85979    -0.06454
  -0.84118   1.53437  -3.11010    -2.62236    -2.78912     0.16676
   0.40910   2.15269   2.88460     1.68549     1.91707    -0.23158
   0.92213   3.04128   2.70368     3.63265     4.19964    -0.56699
  -0.10393   3.04128   2.70368     5.05898     5.64195    -0.58297
   1.21017   3.90679   2.18273     6.79718     7.44009    -0.64291
   0.13467   4.06142   2.18273     7.93737     8.63737    -0.70000
  -0.85371   3.61005   2.18273     9.22188     9.79940    -0.57752
   2.14755   4.08343   1.38460     9.62537     9.78773    -0.16236
   2.03134   3.19524  -2.41353     4.40449     4.60391    -0.19942
   1.21017   3.90679  -2.41353     6.09500     6.46353    -0.36853
   0.13467   4.06142  -2.41353     6.72439     7.08843    -0.36404
  -0.85371   3.61005  -2.41353     6.14332     6.30315    -0.15983
   0.92213   3.04128  -2.93448     1.88880     2.09957    -0.21076
  -0.10393   3.04128  -2.93448     2.05007     2.22105    -0.17098
   0.40910   2.15269  -3.11540    -1.57128    -1.76462     0.19334
   1.57575   1.39123   2.95349    -0.68085    -0.86175     0.18090
   2.60181   1.39123   2.77257    -0.32693    -0.32221    -0.00472
   2.08878   2.27982   2.77257     1.80472     2.13250    -0.32778
   3.19799   2.43378   2.25163     4.00037     4.33020    -0.32983
   2.37682   3.14533   2.25163     5.19452     5.62934    -0.43482
   2.37860   3.86215   1.45349     9.18423     9.30897    -0.12474
   3.50411   1.39123  -2.34464    -0.07718    -0.05728    -0.01991
   3.19799   2.43378  -2.34464     3.47703     3.55845    -0.08142
   2.37682   3.14533  -2.34464     4.76029     4.89746    -0.13717
   2.60181   1.39123  -2.86559    -1.56250    -1.85839     0.29589
   2.08878   2.27982  -2.86559     0.46749     0.48926    -0.02177
   1.57575   1.39123  -3.04651    -3.08044    -3.63440     0.55396
   1.47158   0.00046   3.01428    -2.99824    -3.55882     0.56058
   1.47158   0.00046  -2.98572    -6.24309    -7.46094     1.21785
   2.93730  -0.96744   3.49229    -5.09036    -4.10474    -0.98562
   3.98796  -0.96744   3.32589    -5.31752    -4.18275    -1.13477
   3.46263  -0.05754   3.32589    -4.17859    -3.22994    -0.94864
   2.41197  -0.05754   3.32589    -3.58057    -3.33970    -0.24087
   1.88665  -0.96744   3.32589    -4.27648    -3.94704    -0.32944
   2.41197  -1.87734   3.32589    -5.58421    -4.60719    -0.97702
   3.46263  -1.87734   3.32589    -5.90361    -4.80970    -1.09390
   4.93577  -0.96744   2.84295    -4.91779    -4.24466    -0.67313
   4.66803   0.03180   2.84295    -4.18423    -3.08505    -1.09919
   3.93654   0.76329   2.84295    -2.62048    -1.74259    -0.87789
   2.93730   1.03103   2.84295    -1.46712    -1.31864    -0.14848
   1.20658  -1.96668   2.84295    -4.31852    -3.98005    -0.33847
   1.93807  -2.69817   2.84295    -5.79944    -4.92114    -0.87830
   2.93730  -2.96591   2.84295    -6.33847    -5.40490    -0.93357
   3.93654  -2.69817   2.84295    -5.89043    -5.39622    -0.49421
   4.66803  -1.96668   2.84295    -5.29744    -5.00606    -0.29137
   5.68796  -0.96744   2.09077    -4.18486    -4.30994     0.12508
   5.47858   0.08519   2.09077    -3.77070    -3.03438    -0.73632
   4.88231   0.97757   2.09077    -2.09023    -1.09858    -0.99166
   3.98994   1.57384   2.09077     0.95068     1.47365    -0.52297
   0.99229  -2.91245   2.09077    -4.41076    -4.18654    -0.22422
   1.88467  -3.50872   2.09077    -6.24999    -5.50692    -0.74308
   2.93730  -3.71810   2.09077    -6.51982    -5.93949    -0.58033
   3.98994  -3.50872   2.09077    -5.72540    -5.92930     0.20390
   4.88231  -2.91245   2.09077    -4.76593    -5.65383     0.88789
   5.47858  -2.02007   2.09077    -4.27020    -5.13541     0.86520
   6.17090  -0.96744   1.14295    -3.56990    -4.38760     0.81770
   5.99569   0.08251   1.14295    -3.37914    -3.09216    -0.28697
   5.48906   1.01867   1.14295    -1.82417    -0.98509    -0.83908
   4.70591   1.73962   1.14295     2.28476     2.70898    -0.42422
   1.63838  -3.92868   1.14295    -6.37612    -5.97879    -0.39733
   2.67028  -4.18999   1.14295    -6.82668    -6.41500    -0.41168
   3.73110  -4.10208   1.14295    -5.96950    -6.39783     0.42833
   4.70591  -3.67450   1.14295    -4.70381    -6.17796     1.47414
   5.48906  -2.95355   1.14295    -3.75251    -5.79927     2.04676
   5.99569  -2.01739   1.14295    -3.44816    -5.23149     1.78332
   6.33730  -0.96744   0.09230    -3.44816    -4.48804     1.03987
   6.18625   0.03473   0.09230    -3.31451    -3.24351    -0.07099
   5.74652   0.94785   0.09230    -1.94214    -1.23356    -0.70859
   5.05717   1.69079   0.09230     2.02497     2.40518    -0.38021
   1.23730  -3.91193   0.09230    -6.20607    -6.40629     0.20022
   2.18073  -4.28220   0.09230    -7.32555    -6.90124    -0.42431
   3.19139  -4.35793   0.09230    -6.81036    -6.85266     0.04230
   4.17946  -4.13241   0.09230    -5.58044    -6.63964     1.05920
   5.05717  -3.62567   0.09230    -4.30660    -6.32661     2.02001
   5.74652  -2.88273   0.09230    -3.48707    -5.90184     2.41477
   6.18625  -1.96961   0.09230    -3.28815    -5.31840     2.03025
   6.17090  -0.96744  -0.95836    -3.94327    -4.62868     0.68541
   5.99569   0.08251  -0.95836    -3.61006    -3.27887    -0.33119
   5.48906   1.01867  -0.95836    -1.80911    -1.04357    -0.76554
   1.63838  -3.92868  -0.95836    -7.83885    -7.52385    -0.31500
   2.67028  -4.18999  -0.95836    -7.74033    -7.32032    -0.42001
   3.73110  -4.10208  -0.95836    -6.66666    -6.99512     0.32846
   4.70591  -3.67450  -0.95836    -5.30559    -6.61279     1.30720
   5.48906  -2.95355  -0.95836    -4.29154    -6.14148     1.84995
   5.99569  -2.01739  -0.95836    -3.91817    -5.51615     1.59798
   5.68796  -0.96744  -1.90617    -4.87700    -4.83857    -0.03843
   5.47858   0.08519  -1.90617    -4.20055    -3.46741    -0.73314
   4.88231   0.97757  -1.90617    -2.11471    -1.33219    -0.78252
   0.99229  -2.91245  -1.90617    -8.51028    -8.56491     0.05463
   1.88467  -3.50872  -1.90617    -8.55170    -7.98564    -0.56606
   2.93730  -3.71810  -1.90617    -8.03400    -7.45048    -0.58352
   3.98994  -3.50872  -1.90617    -6.91327    -6.95385     0.04058
   4.88231  -2.91245  -1.90617    -5.78752    -6.42099     0.63347
   5.47858  -2.02007  -1.90617    -5.14746    -5.75760     0.61014
   4.93577  -0.96744  -2.65836    -5.87663    -5.16402    -0.71261
   4.66803   0.03180  -2.65836    -4.84500    -3.92288    -0.92213
   3.93654   0.76329  -2.65836    -3.04468    -2.57502    -0.46966
   1.20658  -1.96668  -2.65836    -8.59374    -8.83696     0.24322
   1.93807  -2.69817  -2.65836    -8.63328    -8.12223    -0.51105
   2.93730  -2.96591  -2.65836    -8.25112    -7.43690    -0.81422
   3.93654  -2.69817  -2.65836    -7.36633    -6.79706    -0.56927
   4.66803  -1.96668  -2.65836    -6.51292    -6.08571    -0.42721
   3.98796  -0.96744  -3.14130    -6.59450    -5.67570    -0.91880
   3.46263  -0.05754  -3.14130    -5.36081    -4.90180    -0.45902
   2.41197  -0.05754  -3.14130    -5.64131    -6.12706     0.48575
   1.88665  -0.96744  -3.14130    -7.26342    -7.67736     0.41394
   2.41197  -1.87734  -3.14130    -8.02208    -7.51714    -0.50494
   3.46263  -1.87734  -3.14130    -7.59663    -6.70101    -0.89562
   2.93730  -0.96744  -3.30771    -6.94528    -6.47447    -0.47080
   0.23417  -0.63322   3.01192    -1.56877    -1.38563    -0.18314
  -0.27886  -1.52181   2.83100    -1.63529    -1.16717    -0.46812
   0.74720  -1.52181   2.83100    -3.18900    -3.05071    -0.13829
  -1.02864  -2.09058   2.31006    -3.63642    -3.23282    -0.40360
  -0.04027  -2.54195   2.31006    -3.46636    -3.24243    -0.22393
  -0.04027  -2.54195  -2.28621   -12.61043   -12.21826    -0.39217
  -0.27886  -1.52181  -2.80715   -11.34537   -11.13791    -0.20746
   0.74720  -1.52181  -2.80715    -8.72740    -9.10092     0.37352
   0.23417  -0.63322  -2.98808    -8.25363    -8.74285     0.48922
  -5.24482  -0.41375   2.57761    12.86896    13.07724    -0.20827
  -4.72416  -1.31556   2.57761     8.42934     8.92886    -0.49952
  -6.00389   0.11489   1.91166    14.51178    14.19466     0.31712
  -6.00389  -0.94239   1.91166    11.94213    11.84267     0.09947
  -5.43228  -1.83184   1.91166     7.91666     7.99067    -0.07401
  -4.47054  -2.27105   1.91166     1.49787     1.83928    -0.34141
  -6.31161   0.60146   0.94933    13.67406    13.21430     0.45976
  -6.54333  -0.41375   0.94933    12.26907    11.96119     0.30787
  -6.31161  -1.42897   0.94933     9.87261     9.59441     0.27819
  -5.66236  -2.24310   0.94933     5.19641     5.04150     0.15490
  -4.72416  -2.69492   0.94933    -3.61822    -3.31004    -0.30818
  -6.31161   0.60146  -0.11877    10.06651    10.00709     0.05942
  -6.54333  -0.41375  -0.11877     9.59588     9.39993     0.19594
  -6.31161  -1.42897  -0.11877     7.34186     7.00087     0.34099
  -5.66236  -2.24310  -0.11877     1.91579     1.61474     0.30105
  -6.00389  -0.94239  -1.08109     4.18612     3.98375     0.20236
  -5.43228  -1.83184  -1.08109    -1.28388    -1.76608     0.48219
  -3.27201   0.96001   3.25346    14.22815    14.39931    -0.17116
  -2.23069   0.96001   3.01579    12.64306    12.83800    -0.19494
  -2.75135   1.86182   3.01579    16.09185    15.97405     0.11780
  -3.79267   1.86182   3.01579    17.08834    16.74501     0.34333
  -4.31333   0.96001   3.01579    15.65699    15.60554     0.05145
  -2.49253   2.66684   2.34984    18.00137    17.95992     0.04145
  -3.53905   2.81731   2.34984    18.92067    18.39166     0.52901
  -4.50079   2.37809   2.34984    18.13502    17.43215     0.70288
  -5.07240   1.48865   2.34984    17.39833    16.70874     0.68959
  -3.79267   3.24117   1.38751    19.42205    18.84648     0.57557
  -4.73087   2.78936   1.38751    17.60164    16.86579     0.73586
  -2.00440   3.99823   1.29651    15.01881    15.14841    -0.12960
  -2.96614   3.55902   1.29651    18.58683    18.39569     0.19114
  -2.25802   4.42209   0.33418    14.88578    14.67611     0.20967
  -3.19622   3.97028   0.33418    15.96761    15.70625     0.26136
  -2.25802   4.42209  -0.73392    13.31450    13.05849     0.25601
  -3.19622   3.97028  -0.73392    13.06412    12.91995     0.14417
  -3.84547   3.15614  -0.73392    12.37762    12.56262    -0.18499
  -2.00440   3.99823  -1.69625    10.49698    10.46317     0.03381
  -2.96614   3.55902  -1.69625     9.68498     9.84472    -0.15974
  -3.53775   2.66957  -1.69625     6.78087     7.49888    -0.71802
  -2.25802   3.04274  -2.36220     6.25376     6.63404    -0.38028
  -2.77868   2.14093  -2.36220     3.14822     3.73904    -0.59083
   2.05813   4.24912   1.31536     9.91089    10.07148    -0.16060
   1.25909   4.94150   1.31536    10.13051    10.39617    -0.26565
   0.21257   5.09197   1.31536    10.79065    11.07897    -0.28832
  -0.74917   4.65275   1.31536    11.96786    12.23682    -0.26896
   2.58772   4.24988   0.35304    12.15298    11.71109     0.44189
   1.93847   5.06402   0.35304    11.01279    10.88621     0.12658
   1.00027   5.51583   0.35304    11.16841    11.10239     0.06602
  -0.04105   5.51583   0.35304    11.76643    11.70811     0.05832
  -0.97925   5.06402   0.35304    13.05157    12.93981     0.11176
   2.58772   4.24988  -0.71506    11.71497    11.25020     0.46478
   1.93847   5.06402  -0.71506    10.78438    10.59713     0.18725
   1.00027   5.51583  -0.71506    10.94753    10.80476     0.14277
  -0.04105   5.51583  -0.71506    11.45079    11.30563     0.14516
  -0.97925   5.06402  -0.71506    12.48430    12.27465     0.20965
   2.05813   4.24912  -1.67739     9.09826     9.09856    -0.00030
   1.25909   4.94150  -1.67739     9.48230     9.53927    -0.05697
   0.21257   5.09197  -1.67739     9.92344     9.96824    -0.04480
  -0.74917   4.65275  -1.67739    10.39846    10.38444     0.01402
   1.00027   4.13648  -2.34334     6.89131     7.26080    -0.36949
  -0.04105   4.13648  -2.34334     7.21259     7.53374    -0.32115
   4.42855   1.86385   1.44910     3.00201     3.31501    -0.31301
   4.13067   2.87831   1.44910     6.31526     6.18268     0.13258
   3.33163   3.57068   1.44910     8.15135     8.06368     0.08766
   4.89198   1.86385   0.48677     3.25364     3.43858    -0.18494
   4.66026   2.87907   0.48677     6.65411     6.22687     0.42724
   4.01101   3.69320   0.48677     8.72175     8.20186     0.51990
   3.07281   4.14502   0.48677    10.67896    10.23919     0.43977
   4.89198   1.86385  -0.58133     3.27372     3.36979    -0.09607
   4.66026   2.87907  -0.58133     6.61270     6.13251     0.48019
   4.01101   3.69320  -0.58133     8.69352     8.11505     0.57847
   3.07281   4.14502  -0.58133    10.76493    10.23423     0.53069
   4.42855   1.86385  -1.54366     2.96498     3.04539    -0.08041
   4.13067   2.87831  -1.54366     6.14897     5.86304     0.28593
   3.33163   3.57068  -1.54366     8.07542     7.79291     0.28251
  -0.37001  -2.61513   2.20691    -4.18110    -3.95344    -0.22766
  -0.11639  -3.57062   1.54096    -6.21862    -6.56489     0.34627
   0.93014  -3.42015   1.54096    -4.56701    -4.67812     0.11111
  -0.37001  -3.99448   0.57864   -10.32755   -10.86970     0.54215
   0.67131  -3.99448   0.57864    -5.82454    -6.41813     0.59359
  -0.37001  -3.99448  -0.48946   -13.25677   -13.64181     0.38504
   0.67131  -3.99448  -0.48946    -7.28727    -7.85202     0.56476
  -0.11639  -3.57062  -1.45179   -12.94176   -12.97065     0.02889
   0.93014  -3.42015  -1.45179    -8.03149    -8.21274     0.18125
