 1268     6       300485.1141981989     4041.4266840990
   4.28945  -2.36066   0.89816     7.12600    16.12116    -8.99517
   5.74121  -2.28879  -0.15184    11.93460    14.32566    -2.39105
   6.07822  -1.54376  -1.20184    12.01241     7.90616     4.10625
   2.79443  -0.98915   2.31885     2.12349    -3.07618     5.19967
   3.84443  -0.98915   2.31885     4.05371    -4.88800     8.94171
   3.06061  -1.87996   1.55020     1.54869     3.17660    -1.62791
   4.07492  -1.73413   1.55020     3.73870     1.04058     2.69812
   2.97646   0.24417   3.09884     9.74146     0.91169     8.82977
   4.25695   2.80780   2.33019    14.28023    10.16561     4.11462
   3.24263   2.95364   2.33019    13.04027    11.46173     1.57855
   3.56675   0.96538  -2.02415    -2.97251   -18.03436    15.06185
   0.11745   0.46945  -2.02415   -19.45781   -26.13880     6.68099
   0.11745  -0.60986  -2.02415   -14.97426   -26.30735    11.33309
   3.01836  -0.07021  -2.70397   -18.38164   -25.54641     7.16478
   0.89233  -0.07021  -2.70397   -26.40121   -28.68122     2.28001
   1.95534  -0.07021  -2.94660   -30.24533   -31.98832     1.74299
   1.18551   2.09466   0.62543    -4.73770    -0.72641    -4.01129
   2.20003   2.86029  -0.09198   -16.07742    23.10762   -39.18504
   1.15098   2.86029  -0.09198   -14.42142     2.28784   -16.70926
   3.37292   2.22596  -1.07198   -11.85616   -11.26538    -0.59079
   2.65551   2.94337  -1.07198   -21.18660    -9.82808   -11.35852
   1.67551   3.20596  -1.07198   -22.35503   -12.81955    -9.53548
   0.69551   2.94337  -1.07198   -17.36131    -6.85909   -10.50222
   3.37292   1.24596  -2.05198   -11.91766   -22.34831    10.43065
   3.04874   2.24367  -2.05198   -23.72174   -23.64724    -0.07450
   2.20003   2.86029  -2.05198   -26.61393   -23.87563    -2.73830
   1.15098   2.86029  -2.05198   -25.83770   -22.33348    -3.50422
   0.30227   2.24367  -2.05198   -25.03763   -18.39750    -6.64013
  -0.02190   1.24596  -2.05198   -25.59800   -22.17842    -3.41957
   2.65551   1.24596  -2.76939   -26.93836   -28.81643     1.87807
   2.16551   2.09466  -2.76939   -30.30808   -29.15491    -1.15317
   1.18551   2.09466  -2.76939   -30.90233   -28.41239    -2.48994
   0.69551   1.24596  -2.76939   -31.65472   -28.86008    -2.79463
   1.67551   1.24596  -3.03198   -32.63865   -31.12541    -1.51324
   0.68693  -2.23849  -0.38815    -2.14357    31.24354   -33.38711
   1.53563  -2.85511  -0.38815   -11.85805   106.94131  -118.79936
   2.58469  -2.85511  -0.38815   -13.46698     5.03623   -18.50322
   0.36275  -2.22078  -1.36815   -21.36356     3.05454   -24.41810
   1.08016  -2.93819  -1.36815   -23.56926     9.98250   -33.55175
   2.06016  -3.20078  -1.36815   -23.13063    -4.42295   -18.70768
   3.04016  -2.93819  -1.36815   -18.91314    -7.34780   -11.56533
   3.75757  -1.24078  -2.34815   -16.05734   -18.32963     2.27229
   0.36275  -1.24078  -2.34815   -27.45605   -25.78327    -1.67278
   0.68693  -2.23849  -2.34815   -29.96672   -19.02660   -10.94012
   1.53563  -2.85511  -2.34815   -28.19714   -19.22135    -8.97579
   2.58469  -2.85511  -2.34815   -25.58921   -21.09387    -4.49534
   3.43339  -2.23849  -2.34815   -21.25563   -18.87770    -2.37793
   3.04016  -1.24078  -3.06556   -27.93421   -27.74190    -0.19232
   2.55016  -0.39207  -3.06556   -28.73868   -30.02087     1.28219
   1.57016  -0.39207  -3.06556   -32.43346   -31.70319    -0.73027
   1.08016  -1.24078  -3.06556   -33.34272   -29.63122    -3.71150
   1.57016  -2.08948  -3.06556   -31.75888   -28.03204    -3.72684
   2.55016  -2.08948  -3.06556   -29.28148   -27.88426    -1.39722
   2.06016  -1.24078  -3.32815   -32.90534   -30.86540    -2.03994
   0.81176  -0.30969   2.85352     5.29932   -11.60239    16.90170
   1.86176  -0.30969   2.57218     5.75803    -4.64014    10.39817
   0.28676   0.59963   2.57218    -4.56513   -26.84913    22.28400
  -0.23824  -0.30969   2.57218     5.39156   -37.28348    42.67505
   0.55294   1.49045   1.80352    -4.42394   -15.45463    11.03069
   0.55294  -2.10984  -0.29648     3.81714    22.62289   -18.80575
  -0.58465  -0.19950   2.56716     2.13604   -54.72361    56.85965
  -1.10965   0.70983   2.28581    -5.65512   -70.77892    65.12380
   0.17084  -1.85381  -0.58284     0.06714    10.86068   -10.79353
  -0.58465  -0.19950  -1.63284   -11.03036   -41.09963    30.06927
  -1.42141  -1.30120   2.77993     2.83195   -36.67673    39.50868
  -0.37141  -1.30120   2.49858    16.64281   -13.35554    29.99835
  -1.94641  -0.39188   2.49858    -5.87349  -122.10732   116.23383
  -1.94641  -2.21053   2.49858     8.23983   -11.01368    19.25351
  -1.68023  -3.10135  -0.37007     4.62600    27.19201   -22.56601
   0.10854  -2.28444  -0.37007     3.37224    37.35758   -33.98535
  -1.94641  -2.21053  -1.13873    -8.52283    17.28589   -25.80873
  -0.89641  -2.21053  -1.13873    -8.85290   145.02032  -153.87323
  -1.42141  -1.30120  -1.42007   -12.94929   -36.32090    23.37162
  -2.79775  -1.19356   2.58996    -2.40022   -32.48955    30.08933
  -2.27276  -0.28423   2.30861    -7.28413  -115.09815   107.81402
  -3.32276  -0.28423   2.30861    -6.53488   -30.27600    23.74112
  -3.84775  -1.19356   2.30861    -0.41227   -21.80691    21.39464
  -3.32276  -2.10288  -1.32869    -4.55760   -26.24413    21.68653
  -2.27276  -2.10288  -1.32869    -8.80647    -2.94803    -5.85844
  -2.79775  -1.19356  -1.61004   -10.97389   -14.61109     3.63720
  -3.33180   0.01864   2.15859    -7.44603   -28.42665    20.98062
  -3.85680   0.92796   1.87725    -6.60768    -8.34646     1.73879
  -2.80680  -0.89069  -1.76006   -11.33345    -9.18749    -2.14596
  -3.33180   0.01864  -2.04141    -9.14532   -14.56394     5.41862
  -5.06588   0.16091   2.18393    -9.80044   -12.07836     2.27792
  -4.54956   1.05520   1.94823    -8.54982    -2.74709    -5.80273
  -5.58221   1.05520   1.94823   -12.28036    -4.44270    -7.83766
  -6.09853   0.16091   1.94823   -12.05885   -10.18555    -1.87330
  -5.58221  -0.73339   1.94823    -9.58207   -15.08688     5.50481
  -4.54956  -0.73339   1.94823    -3.65148   -20.36947    16.71799
  -4.49088   1.93059   1.28783    -6.60203    22.39037   -28.99239
  -5.64089   1.93059   1.28783   -11.74259     3.83338   -15.57596
  -6.57127   1.25464   1.28783   -10.60993    -4.99102    -5.61891
  -6.92664   0.16091   1.28783    -8.84475    -9.52194     0.67719
  -6.57127  -0.93282   1.28783    -9.83621   -13.09961     3.26340
  -5.64089  -1.60878   1.28783    -6.52547   -17.79456    11.26909
  -4.78620   2.46432   0.33353    -5.12362    17.10350   -22.22711
  -5.88868   2.33045   0.33353   -10.55722     3.66911   -14.22633
  -6.80268   1.69957   0.33353    -7.80371    -3.47395    -4.32976
  -7.31879   0.71620   0.33353    -4.06250    -7.50544     3.44294
  -7.31879  -0.39438   0.33353    -4.65236   -10.38362     5.73127
  -6.80268  -1.37775   0.33353    -8.21661   -13.23170     5.01509
  -5.88868  -2.00864   0.33353    -7.50313   -17.54892    10.04579
  -4.78620   2.46432  -0.72567    -3.44252    11.71494   -15.15745
  -5.88868   2.33045  -0.72567    -9.77785     2.49363   -12.27148
  -6.80268   1.69957  -0.72567    -6.49033    -3.20668    -3.28365
  -7.31879   0.71620  -0.72567    -2.45356    -6.81085     4.35729
  -7.31879  -0.39438  -0.72567    -3.38165    -9.46711     6.08547
  -6.80268  -1.37775  -0.72567    -8.07667   -12.06633     3.98965
  -5.88868  -2.00864  -0.72567    -9.81362   -15.99913     6.18551
  -4.78620  -2.14250  -0.72567    -3.23356   -26.02714    22.79358
  -4.49088   1.93059  -1.67998    -4.78288    10.65001   -15.43289
  -5.64089   1.93059  -1.67998   -10.65574     2.55338   -13.20912
  -6.57127   1.25464  -1.67998    -8.00577    -3.07783    -4.92793
  -6.92664   0.16091  -1.67998    -6.09751    -6.66288     0.56537
  -6.57127  -0.93282  -1.67998    -9.58646    -9.35716    -0.22930
  -5.64089  -1.60878  -1.67998   -12.29919   -12.36325     0.06406
  -4.49088  -1.60878  -1.67998    -9.29906   -16.75878     7.45972
  -4.03324   0.16091  -2.34038   -10.68962    16.34468   -27.03431
  -4.54956   1.05520  -2.34038   -10.89356    11.22357   -22.11714
  -5.58221   1.05520  -2.34038   -12.61733     1.84210   -14.45943
  -6.09853   0.16091  -2.34038   -11.88440    -3.50866    -8.37574
  -5.58221  -0.73339  -2.34038   -13.81337    -5.57123    -8.24213
  -4.54956  -0.73339  -2.34038   -12.77358    -1.61222   -11.16136
  -5.06588   0.16091  -2.57607   -13.99660     3.85459   -17.85119
  -2.50865   1.12093   1.92903    -8.66967   -23.79249    15.12282
  -3.03365   2.03026   1.64769    -4.98619    93.90039   -98.88658
  -1.98365   2.03026  -1.98962    -1.92457     5.17898    -7.10355
  -3.55865   1.12093  -1.98962    -3.87048   -24.22626    20.35578
  -1.98365   0.21161  -1.98962   -13.33081    11.48521   -24.81602
  -2.50865   1.12093  -2.27097    -7.79555    -6.04442    -1.75113
  -1.13691   1.01696   2.14566    -6.60642   -52.12014    45.51372
  -0.61191   1.92629   1.86431    -2.60605   -10.72927     8.12323
  -1.66191   1.92629   1.86431    -6.22238    -8.68345     2.46106
  -1.39573   2.81710   1.09566     2.28790     8.45648    -6.16858
  -0.61191   0.10763  -1.77299   -13.21159   -30.10596    16.89437
  -1.13691   1.01696  -2.05434   -13.81023   -14.09986     0.28963
   5.27670  -0.76777   2.31773    17.74471     5.98520    11.75952
   6.26418  -0.76777   1.99688    17.38766     8.33056     9.05710
   4.47781  -1.34820   1.99688    10.02697     1.03669     8.99028
   5.58185  -1.70692   1.99688    14.49421     9.10192     5.39230
   6.87447  -0.76777   1.15688    15.81512     8.30532     7.50980
   6.50067   0.25926   1.15688    16.35917     3.38798    12.97119
   5.55415  -2.34127   1.15688    11.77145    12.28112    -0.50967
   6.50067  -1.79480   1.15688    14.51869    10.69142     3.82727
   6.87447  -0.76777   0.11858    14.23254     7.38286     6.84968
   6.50067   0.25926   0.11858    14.30031     0.82315    13.47716
   6.50067  -1.79480   0.11858    13.30571    10.73142     2.57429
   6.57487   0.17975  -0.32338    13.52346     2.09282    11.43064
   6.20106   1.20678  -0.32338    12.84198    -3.86548    16.70746
   5.25455   1.75325  -0.32338    14.70820    -8.47952    23.18771
   6.57487   0.17975  -1.36167    11.45017     3.40637     8.04380
   6.20106   1.20678  -1.36167    11.32529     0.52630    10.79899
   5.25455   1.75325  -1.36167    10.10541    -3.09454    13.19995
   4.17821   1.56346  -1.36167     6.21611   -10.54415    16.76025
   5.96457   0.17975  -2.20167     8.81212     2.16640     6.64572
   5.28224   1.11890  -2.20167     7.58722    -1.72981     9.31703
   4.17821   0.76018  -2.20167     2.92043    -9.75437    12.67479
   5.28224  -0.75940  -2.20167     6.10943     1.87941     4.23002
   4.97710   0.17975  -2.52252     4.42331    -2.55165     6.97497
   3.53881  -2.86532  -0.17466     1.27573    28.98816   -27.71244
   4.61515  -3.05511  -0.17466     7.68385    19.53034   -11.84649
   5.56166  -2.50864  -0.17466    10.85654    15.06899    -4.21245
   3.53881  -2.86532  -1.21296    -7.41842     5.70585   -13.12427
   4.61515  -3.05511  -1.21296     5.55283    12.20197    -6.64914
   5.56166  -2.50864  -1.21296     9.45782    11.11190    -1.65407
   5.32518  -1.48161  -2.05296     6.62650     4.54112     2.08538
   4.64284  -2.42075  -2.05296     2.21762     3.96524    -1.74762
   4.33770  -1.48161  -2.37381    -3.79267    -5.23278     1.44011
   4.24981   0.95014   3.73202    14.34236     8.08043     6.26193
   5.23729   0.95014   3.41117    16.50538     8.65427     7.85111
   4.55496   1.88929   3.41117    14.74396     9.42781     5.31616
   3.45092   1.53056   3.41117    13.23167     8.68459     4.54708
   3.45092   0.36971   3.41117    11.62210     4.47333     7.14877
   4.55496   0.01099   3.41117    15.06839     6.49200     8.57639
   5.84758   0.95014   2.57117    17.43849     7.26674    10.17175
   5.47377   1.97717   2.57117    15.24974     8.31370     6.93604
   4.52726   2.52364   2.57117    15.02509    10.05490     4.97019
   4.52726  -0.62336   2.57117    14.52998     1.90803    12.62195
   5.47377  -0.07689   2.57117    19.08005     6.87306    12.20699
   5.84758   0.95014   1.53287    17.86896     0.64255    17.22641
   5.47377   1.97717   1.53287    14.53563     4.47110    10.06453
   2.56206   1.41933   3.44718    11.35604     5.56579     5.79025
   2.86721   2.35848   3.12633    12.78049     9.14684     3.63364
   1.76317   1.99975   3.12633    10.66201     4.22538     6.43664
   1.76317   0.83890   3.12633     7.82379    -1.85562     9.67941
   2.83951   2.99283   2.28633    11.94653    11.83754     0.10899
   1.76317   2.80304   2.28633     9.68937     8.75902     0.93036
   1.06064   1.96580   2.28633     6.12826    -1.04722     7.17548
   1.76317   2.80304   1.24804     4.26393    13.41050    -9.14657
   1.06064   1.96580   1.24804     2.36132    -1.65807     4.01939
   5.43770   1.99429   1.17917    14.20431     2.13189    12.07242
   5.06389   3.02132   1.17917    12.24710     8.07745     4.16965
   4.11738   3.56779   1.17917    10.49949    11.22580    -0.72631
   3.04104   3.37801   1.17917     7.52070    15.30702    -7.78632
   5.43770   1.99429   0.14087    13.62637    -4.04487    17.67124
   5.06389   3.02132   0.14087    11.14143     5.40805     5.73338
   4.11738   3.56779   0.14087     7.93674     9.19392    -1.25718
   3.04104   3.37801   0.14087     0.98958    14.90450   -13.91492
   4.82741   1.99429  -0.69913    12.23895    -4.54333    16.78228
   4.14507   2.93344  -0.69913     4.85128     2.96760     1.88367
   3.83993   1.99429  -1.01998     1.38052    -8.55258     9.93310
   1.04962  -1.18533   2.89530    19.52747     6.06701    13.46046
   2.03710  -1.18533   2.57445    16.53739     8.12106     8.41632
   0.25073  -1.76576   2.57445    26.44262    10.23930    16.20332
   1.35476  -2.12448   2.57445    27.08080    18.78201     8.29879
   1.32707  -2.75883   1.73445    28.80018    26.86528     1.93489
   2.27358  -2.21236   1.73445    21.35917    17.62767     3.73150
   1.32707  -2.75883   0.69615    21.03851    33.25853   -12.22002
   2.27358  -2.21236   0.69615    16.62398     8.98593     7.63805
  -0.99783  -2.25155   2.67549    13.67594    -1.22310    14.89904
  -0.01035  -2.25155   2.35464    26.73504    15.73640    10.99864
  -1.79671  -2.83197   2.35464    13.67782     1.02121    12.65662
  -0.69268  -3.19069   2.35464    18.91314    13.11980     5.79334
  -1.79671  -3.63526   1.51464    16.78211     9.87901     6.90311
  -0.72038  -3.82505   1.51464    18.27684    18.95281    -0.67597
   0.22614  -3.27858   1.51464    23.82842    26.58572    -2.75730
  -1.79671  -3.63526   0.47634    13.68724    13.95590    -0.26867
  -0.72038  -3.82505   0.47634    13.69037    25.43892   -11.74855
   0.22614  -3.27858   0.47634    16.01592    35.66798   -19.65205
  -0.69268  -3.19069  -0.36366     4.92469    45.97593   -41.05124
  -3.44504  -2.04665   2.34194     5.98205   -17.00026    22.98231
  -4.24393  -1.46622   2.02109     2.76104   -20.65730    23.41834
  -4.24393  -2.62707   2.02109     9.43586   -12.61407    22.04993
  -3.13989  -2.98580   2.02109    12.81437    -8.27958    21.09395
  -4.94646  -2.59312   1.18109     7.63052   -15.74496    23.37547
  -4.24393  -3.43036   1.18109    12.45230   -10.02218    22.47448
  -3.16759  -3.62015   1.18109    14.70380    -5.29765    20.00146
  -4.94646  -2.59312   0.14279     4.90461   -20.84414    25.74875
  -4.24393  -3.43036   0.14279    10.11671   -13.76099    23.87770
  -3.16759  -3.62015   0.14279    11.28388    -8.41008    19.69396
  -4.24393  -2.62707  -0.69721     3.34337   -26.27694    29.62031
  -3.13989  -2.98580  -0.69721     3.91754   -19.15182    23.06936
  -2.63334   2.99885   0.85585     4.01167    19.42458   -15.41292
  -3.73738   2.64013   0.85585     1.93900     9.33326    -7.39425
  -1.71452   3.08673   0.01585    11.72815    16.67996    -4.95181
  -2.66104   3.63320   0.01585     8.96209    29.70826   -20.74617
  -3.73738   3.44342   0.01585     7.35190    42.40507   -35.05317
  -4.43991   2.60617   0.01585     1.42570    20.28976   -18.86406
  -1.71452   3.08673  -1.02244     9.50049    14.99949    -5.49900
  -2.66104   3.63320  -1.02244     9.53689    22.96986   -13.43297
  -3.73738   3.44342  -1.02244     8.40549    26.42756   -18.02207
  -4.43991   2.60617  -1.02244     2.46046    16.54397   -14.08350
  -2.63334   2.99885  -1.86244     5.98268    20.37558   -14.39290
  -3.73738   2.64013  -1.86244     4.55697    25.35694   -20.79996
  -3.73738   1.47928  -1.86244    -1.01657    12.12474   -13.14130
  -2.93849   2.05970  -2.18330     0.58233    80.18784   -79.60551
   0.49551   1.87126   1.24083     1.14583    -2.24410     3.38993
  -0.18682   2.81041   1.24083     4.01104    10.16939    -6.15835
   0.73200   2.89829   0.40083    -0.78690    12.14522   -12.93212
  -0.21451   3.44476   0.40083     5.75928    15.41975    -9.66047
  -1.29085   3.25498   0.40083     7.72464    15.60322    -7.87858
  -0.21451   3.44476  -0.63746     2.70331    13.08195   -10.37864
  -1.29085   3.25498  -0.63746     9.06312    16.35674    -7.29362
  -0.18682   2.81041  -1.47746    -6.58697     3.94097   -10.52793
  -0.49196   1.87126  -1.79832   -12.96121    -4.93879    -8.02242
   4.28124  -2.41782   1.34453     6.56187    10.50108    -3.93921
   6.00713   1.26883   0.38221    13.56801    -7.85512    21.42313
   6.88810  -0.56052  -0.68589    11.50852     4.84416     6.66436
   6.65639  -1.57573  -0.68589    10.95883     7.42014     3.53868
   6.12680  -1.57498  -1.64822     8.61069     5.87565     2.73503
   2.79877  -0.98163   2.66253     5.97326    -0.66345     6.63671
   3.84009  -0.98163   2.66253     6.93900    -1.21577     8.15477
   3.05239  -1.93712   1.99658     5.66076     4.85049     0.81028
   4.09891  -1.78665   1.99658     5.42419     2.24478     3.17941
   2.79877  -2.36098   1.03425     8.12311    10.95920    -2.83609
   2.98079   0.25169   3.44251     9.32354     1.97652     7.34701
   4.28094   2.86033   2.77656    12.22263     8.71852     3.50411
   3.23442   3.01079   2.77656    11.10943     9.18514     1.92429
   2.27268  -0.26459   2.77656     6.67670    -3.30585     9.98255
   2.98079   3.43466   1.81424     8.49397    11.68872    -3.19475
   2.04260   2.98285   0.74614    -1.39872    19.10546   -20.50418
   2.75473  -2.53046   0.57491     4.86696    12.29907    -7.43211
   3.93524  -0.07021  -2.47650    -3.73682   -13.23269     9.49587
   3.66998   0.91974  -2.47650    -6.63466   -16.12375     9.48909
  -0.02456  -0.07021  -2.47650   -17.95367   -22.53394     4.58027
   3.02686  -0.07021  -3.08346   -18.93259   -22.75092     3.81833
   0.88383  -0.07021  -3.08346   -25.45806   -25.22740    -0.23066
   1.95534  -0.07021  -3.29660   -26.87372   -27.07095     0.19722
   1.13432   2.91155   0.32464    -6.79907     8.14045   -14.93951
   1.93874   3.41387  -0.57353   -14.71071    -0.59586   -14.11484
   0.90111   3.28788  -0.57353   -11.28011     0.63304   -11.91315
   3.60920   2.26084  -1.57043   -10.16754   -13.18818     3.02064
   2.91607   3.04322  -1.57043   -16.96221   -12.24744    -4.71477
   1.93874   3.41387  -1.57043   -18.80207   -12.71940    -6.08266
   0.90111   3.28788  -1.57043   -17.11093   -10.16070    -6.95022
   3.09234   2.27535  -2.46860   -19.42707   -19.93097     0.50390
   2.21669   2.91155  -2.46860   -22.04002   -19.75659    -2.28343
   1.13432   2.91155  -2.46860   -21.98856   -18.32368    -3.66488
   0.25867   2.27535  -2.46860   -21.72626   -16.15533    -5.57093
  -0.07580   1.24596  -2.46860   -22.68447   -19.35146    -3.33301
   2.64741   1.24596  -3.09015   -22.81813   -24.15362     1.33549
   2.16146   2.08765  -3.09015   -24.71509   -23.49420    -1.22089
   1.18956   2.08765  -3.09015   -25.54779   -22.76823    -2.77956
   0.70361   1.24596  -3.09015   -26.40623   -23.62793    -2.77829
   1.67551   1.24596  -3.31198   -26.86745   -25.46958    -1.39787
   1.51898  -2.90636   0.02847     0.70030    55.08934   -54.38904
   2.60134  -2.90636   0.02847    -3.87550    11.99347   -15.86897
   0.42553  -2.68893  -0.86970   -10.43172    33.46700   -43.89872
   1.28576  -3.28270  -0.86970   -13.38227    35.39109   -48.77336
   2.32339  -3.40869  -0.86970   -13.83784     6.32613   -20.16397
  -0.06022  -1.76340  -1.86660   -19.25136   -10.78611    -8.46526
   0.42553  -2.68893  -1.86660   -20.56851     0.67795   -21.24646
   1.28576  -3.28270  -1.86660   -20.27922    -2.44464   -17.83458
   2.32339  -3.40869  -1.86660   -18.88302    -7.96758   -10.91543
   3.30072  -3.03804  -1.86660   -14.72639    -7.33915    -7.38724
   3.81146  -1.24078  -2.76477   -14.79918   -16.19456     1.39537
   0.30886  -1.24078  -2.76477   -24.68622   -21.76292    -2.92331
   0.64333  -2.27017  -2.76477   -25.11042   -16.43067    -8.67975
   1.51898  -2.90636  -2.76477   -23.59498   -16.23088    -7.36411
   2.60134  -2.90636  -2.76477   -21.38803   -17.19532    -4.19271
   3.47699  -2.27017  -2.76477   -18.07290   -16.08801    -1.98489
   3.03206  -1.24078  -3.38632   -22.92794   -22.52576    -0.40218
   2.54611  -0.39909  -3.38632   -24.67556   -25.15644     0.48088
   1.57421  -0.39909  -3.38632   -27.81310   -26.55015    -1.26296
   1.08826  -1.24078  -3.38632   -27.60665   -24.14851    -3.45814
   1.57421  -2.08247  -3.38632   -26.24182   -22.36238    -3.87944
   2.54611  -2.08247  -3.38632   -24.19426   -22.14708    -2.04718
   2.06016  -1.24078  -3.60815   -26.84423   -24.80381    -2.04042
   0.81176  -0.30969   3.15352     6.15085    -9.85098    16.00183
   1.85308  -0.30969   2.91585     7.00803    -3.03542    10.04344
   0.29110   0.59212   2.91585    -1.11571   -21.69101    20.57530
  -0.22956  -0.30969   2.91585     4.46097   -30.57994    35.04090
   0.54472   1.54760   2.24990    -1.54556   -12.50844    10.96288
  -0.58465  -0.19950   2.86716     1.99611   -44.32672    46.32282
  -1.10531   0.70231   2.62949    -4.10140   -57.51797    53.41657
  -1.10531  -1.10131  -1.69516   -13.14193   -41.92563    28.78369
  -1.42141  -1.30120   3.07993     3.29380   -30.53984    33.83364
  -0.38009  -1.30120   2.84225    12.60102   -14.35971    26.96072
  -0.90075  -0.39939   2.84225     1.22176   -55.82951    57.05127
  -1.94207  -0.39939   2.84225    -3.78263   -75.70721    71.92458
  -1.94207  -2.20302   2.84225     6.68988   -12.23658    18.92646
  -1.68845  -3.15850  -0.81645    -0.19390    25.68769   -25.88159
  -0.64193  -3.00803  -0.81645    -1.86935    53.98221   -55.85156
   0.15711  -2.31566  -0.81645    -7.82504    30.43604   -38.26109
  -0.90075  -2.20302  -1.48240   -10.58169    51.69302   -62.27471
  -1.42141  -1.30120  -1.72007   -12.85641   -22.26031     9.40390
  -2.79775  -1.19356   2.88996    -1.44955   -29.46783    28.01829
  -3.31842  -0.29175   2.65229    -5.26731   -29.35059    24.08328
  -3.83908  -1.19356   2.65229    -0.97703   -19.93271    18.95568
  -3.31842  -2.09537   2.65229     4.40010   -15.74432    20.14442
  -2.27709  -3.47472  -0.04409     8.77509     3.84963     4.92546
  -3.06479  -3.05085  -1.00641     0.69779   -13.09933    13.79712
  -3.31842  -2.09537  -1.67236    -6.10943   -17.23150    11.12207
  -2.27709  -2.09537  -1.67236    -8.97276    -2.40382    -6.56894
  -2.81114   0.92045   2.22092    -7.60542   -26.41650    18.81108
  -3.85246   0.92045   2.22092    -6.71498    -9.72963     3.01465
  -2.81114  -0.88317  -2.10373   -10.97200    -1.24600    -9.72601
  -3.33180   0.01864  -2.34141    -9.76091    -0.31793    -9.44298
  -5.06588   0.16091   2.52393    -7.70895   -11.07198     3.36303
  -4.54543   1.06235   2.31688    -7.45105    -4.98387    -2.46718
  -5.58633   1.06235   2.31688    -9.39884    -4.70072    -4.69812
  -6.10678   0.16091   2.31688    -9.24761    -8.90374    -0.34386
  -5.58633  -0.74054   2.31688    -7.09337   -13.04703     5.95366
  -4.54543  -0.74054   2.31688    -3.91817   -17.83074    13.91257
  -4.10422   1.82656   1.72726    -5.64382     7.86293   -13.50675
  -5.06588   2.08424   1.72726    -7.94615     6.56078   -14.50694
  -6.02755   1.82656   1.72726    -9.46724    -0.39572    -9.07152
  -6.73154   1.12257   1.72726    -8.87800    -5.00258    -3.87542
  -6.98921   0.16091   1.72726    -8.13441    -8.09597    -0.03843
  -6.73154  -0.80076   1.72726    -7.97314   -10.69457     2.72143
  -6.02755  -1.50474   1.72726    -6.22615   -13.60032     7.37417
  -5.06588  -1.76242   1.72726     0.17131   -17.62820    17.79951
  -4.28934   2.55087   0.84483    -1.70306    16.03838   -17.74144
  -5.32856   2.66009   0.84483    -7.11659     9.37390   -16.49049
  -6.32236   2.33719   0.84483    -8.53789     1.27009    -9.80799
  -7.09890   1.63798   0.84483    -7.09964    -3.43007    -3.66957
  -7.52392   0.68338   0.84483    -5.53338    -6.43700     0.90362
  -7.52392  -0.36156   0.84483    -5.61433    -8.71971     3.10539
  -7.09890  -1.31617   0.84483    -6.72878   -10.88779     4.15900
  -6.32236  -2.01537   0.84483    -6.00903   -13.58015     7.57112
  -4.81491   2.86930  -0.19607    -2.08208    15.31185   -17.39393
  -5.81025   2.77707  -0.19607    -7.30735     5.39982   -12.70717
  -6.70505   2.33152  -0.19607    -7.22201    -0.13806    -7.08394
  -7.37848   1.59280  -0.19607    -5.07090    -3.63871    -1.43219
  -7.73957   0.66071  -0.19607    -3.46385    -6.08350     2.61965
  -7.73957  -0.33889  -0.19607    -3.81526    -8.01907     4.20381
  -7.37848  -1.27099  -0.19607    -5.68837    -9.84172     4.15334
  -6.70505  -2.00970  -0.19607    -7.00677   -12.01110     5.00433
  -5.81025  -2.45526  -0.19607    -4.96297   -15.44667    10.48370
  -5.32856   2.66009  -1.23697    -6.05798     7.36047   -13.41845
  -6.32236   2.33719  -1.23697    -7.62989     1.28840    -8.91828
  -7.09890   1.63798  -1.23697    -5.79505    -2.54354    -3.25151
  -7.52392   0.68338  -1.23697    -4.09575    -5.17464     1.07889
  -7.52392  -0.36156  -1.23697    -4.59086    -7.19640     2.60554
  -7.09890  -1.31617  -1.23697    -6.83672    -9.05856     2.22184
  -6.32236  -2.01537  -1.23697    -8.36847   -11.32095     2.95248
  -5.32856  -2.33828  -1.23697    -6.81726   -15.17112     8.35386
  -4.28934  -2.22905  -1.23697    -3.38981   -23.57471    20.18490
  -4.10422   1.82656  -2.11940    -3.51468    20.04298   -23.55766
  -5.06588   2.08424  -2.11940    -7.47615     7.64663   -15.12278
  -6.02755   1.82656  -2.11940    -8.76380     1.61087   -10.37467
  -6.73154   1.12257  -2.11940    -7.57780    -2.18478    -5.39302
  -6.98921   0.16091  -2.11940    -7.04944    -4.75301    -2.29644
  -6.73154  -0.80076  -2.11940    -8.45820    -6.67859    -1.77961
  -6.02755  -1.50474  -2.11940   -10.06023    -8.40761    -1.65263
  -5.06588  -1.76242  -2.11940    -9.75966   -10.20863     0.44898
  -4.10422  -1.50474  -2.11940    -8.86671   -10.70039     1.83368
  -4.02499   0.16091  -2.70903   -10.17883     7.76461   -17.94344
  -4.54543   1.06235  -2.70903    -9.50614     9.41915   -18.92529
  -5.58633   1.06235  -2.70903   -10.39344     2.51118   -12.90462
  -6.10678   0.16091  -2.70903   -10.29680    -2.06747    -8.22933
  -5.58633  -0.74054  -2.70903   -11.33282    -3.77039    -7.56243
  -4.54543  -0.74054  -2.70903   -11.11006    -0.80036   -10.30970
  -5.06588   0.16091  -2.91607   -11.46146     2.89293   -14.35439
  -2.50865   1.12093   2.22903    -7.44164   -26.34139    18.89976
  -3.02931   2.02275   1.99136    -5.08534    33.89913   -38.98447
  -2.77569   2.97823   1.32541     0.28489    18.75063   -18.46574
  -3.73743   2.53902   1.32541    -1.70683     9.88318   -11.59001
  -1.72917  -0.58589  -1.66734   -12.42845   -23.87986    11.45140
  -1.46733   1.12093  -2.33329   -12.01743    -7.39004    -4.62740
  -1.98799   2.02275  -2.33329    -4.36307     8.26154   -12.62461
  -3.54997   1.12093  -2.33329    -6.00527     4.04772   -10.05299
  -3.02931   0.21912  -2.33329    -9.94854     5.11606   -15.06459
  -1.98799   0.21912  -2.33329   -12.59725    32.44832   -45.04557
  -2.50865   1.12093  -2.57097    -8.08420     7.05066   -15.13487
  -0.61625   1.91877   2.20798    -2.53200   -12.96448    10.43248
  -1.65757   1.91877   2.20798    -5.11922   -11.06210     5.94288
  -2.17823   1.01696   2.20798    -7.55521   -44.26903    36.71381
  -1.40395   2.87426   1.54203    -0.04142     5.72125    -5.76267
  -1.65757   3.29812   0.57971     5.80007    14.08695    -8.28688
  -0.61625   1.91877  -2.11667   -13.08608    -6.45285    -6.63323
  -0.61625   0.11515  -2.11667   -15.02446   -23.44095     8.41649
  -1.13691   1.01696  -2.35434   -13.73681   -10.30677    -3.43004
   5.27670  -0.76777   2.55773    15.76241     5.59611    10.16630
   6.23670  -0.76777   2.30050    15.21020     7.09497     8.11523
   4.79670  -1.59916   2.30050    10.91616     4.84295     6.07320
   5.75670  -1.59916   2.30050    13.20719     7.60925     5.59794
   6.93947  -0.76777   1.59773    14.01982     7.12460     6.89522
   6.62191   0.20958   1.59773    15.15122     4.52625    10.62497
   4.76287  -2.34916   1.59773     8.75187     9.32439    -0.57251
   5.79052  -2.34916   1.59773    11.14206     9.70982     1.43224
   6.62191  -1.74512   1.59773    12.89720     8.72101     4.17620
   7.19670  -0.76777   0.63773    12.72276     6.61643     6.10633
   6.93947   0.19223   0.63773    13.05345     3.23942     9.81404
   6.23670  -2.43054   0.63773    10.67519    10.69832    -0.02313
   6.93947  -1.72777   0.63773    12.01869     8.68645     3.33224
   6.93947  -0.76777  -0.32227    12.22640     5.97174     6.25465
   6.32230   1.15710   0.11747    12.38013    -4.17914    16.55928
   6.89710   0.17975  -0.84253    10.78563     2.75809     8.02754
   6.63986   1.13975  -0.84253    10.35391     0.08838    10.26552
   5.93710   1.84252  -0.84253    10.23907    -2.21041    12.44948
   6.63986   0.17975  -1.80252     8.78953     2.50046     6.28907
   6.32230   1.15710  -1.80252     8.52472     0.51185     8.01287
   5.49092   1.76114  -1.80252     7.09839    -2.22246     9.32085
   4.46327   1.76114  -1.80252     2.77547    -7.62700    10.40247
   6.32230  -0.79760  -1.80252     8.86483     4.10934     4.75549
   5.93710   0.17975  -2.50529     6.06990     0.63910     5.43080
   5.45710   1.01113  -2.50529     5.13303    -1.92396     7.05698
   4.49710   1.01113  -2.50529     0.96072    -7.53620     8.49692
   4.01710   0.17975  -2.50529    -2.20758   -11.92495     9.71737
   5.45710  -0.65164  -2.50529     4.18235     0.42626     3.75609
   4.97710   0.17975  -2.76253     1.97414    -3.77889     5.75304
   3.82387  -3.06299   0.26619     4.12336    21.77387   -17.65051
   4.85152  -3.06299   0.26619     7.24899    16.13485    -8.88586
   3.37769  -3.14438  -0.69381    -5.07655    12.34434   -17.42089
   4.33770  -3.40161  -0.69381     3.46071    13.73759   -10.27687
   5.29770  -3.14438  -0.69381     7.05634    12.13830    -5.08195
   6.00046  -2.44161  -0.69381     9.56073    10.62173    -1.06100
   3.82387  -3.06299  -1.65381    -5.56350     2.09505    -7.65855
   4.85152  -3.06299  -1.65381     3.28376     7.32707    -4.04331
   5.68290  -2.45896  -1.65381     6.71686     7.45925    -0.74239
   5.29770  -1.48161  -2.35658     3.59563     1.97957     1.61606
   3.85770  -2.31299  -2.35658   -11.28576    -8.82577    -2.45999
   4.81769  -2.31299  -2.35658     0.44051     1.47989    -1.03938
   4.33770  -1.48161  -2.61381    -5.76807    -6.84482     1.07676
   4.24981   0.95014   3.97202    12.31487     6.65843     5.65645
   5.20981   0.95014   3.71479    13.81337     7.23710     6.57626
   4.72981   1.78152   3.71479    12.82943     7.75413     5.07531
   3.76981   1.78152   3.71479    11.88628     7.58041     4.30588
   3.28981   0.95014   3.71479    10.81262     5.41674     5.39588
   3.76981   0.11875   3.71479    11.13704     4.34662     6.79042
   4.72981   0.11875   3.71479    13.26241     6.07369     7.18872
   5.91258   0.95014   3.01202    14.81111     6.78892     8.02219
   5.59502   1.92749   3.01202    13.43121     7.34172     6.08949
   4.76363   2.53153   3.01202    12.68761     8.34904     4.33857
   3.73598  -0.63125   3.01202     9.14470     0.52363     8.62106
   4.76363  -0.63125   3.01202    13.52910     4.36953     9.15958
   5.59502  -0.02721   3.01202    15.62059     6.49857     9.12202
   6.16981   0.95014   2.05202    15.53965     4.43841    11.10124
   5.91258   1.91014   2.05202    13.37097     5.22715     8.14382
   2.56206   1.41933   3.68718     9.87700     4.31371     5.56329
   3.04206   2.25071   3.42995    11.28137     7.62226     3.65911
   2.08206   2.25071   3.42995     9.51367     4.83858     4.67509
   1.60206   1.41933   3.42995     7.67256    -0.39864     8.07119
   2.08206   0.58794   3.42995     7.89532    -0.56513     8.46046
   2.04824   3.00071   2.72718     8.87989     7.53934     1.34055
   1.21685   2.39668   2.72718     6.99359     2.26146     4.73214
   0.89929   1.41933   2.72718     2.35379    -8.34634    10.70013
   2.56206   3.33933   1.76718     7.59161    12.08695    -4.49534
   1.60206   3.08210   1.76718     5.66327     9.16104    -3.49777
   0.89929   2.37933   1.76718     3.96461     2.44334     1.52127
   1.21685   2.39668   0.80718    -1.88190     6.46785    -8.34975
   5.18514   2.97164   1.62002    11.43824     7.31552     4.12272
   4.35375   3.57568   1.62002     9.96171     9.24162     0.72009
   3.32610   3.57568   1.62002     8.48707    11.52358    -3.03651
   5.75993   1.99429   0.66002    12.49120    -1.53222    14.02343
   5.50270   2.95429   0.66002    10.42544     4.38343     6.04201
   4.79993   3.65706   0.66002     8.79455     7.16137     1.63317
   3.83993   3.91429   0.66002     6.39809     9.35349    -2.95540
   2.87993   3.65706   0.66002     2.71586    13.01917   -10.30331
   5.50270   1.99429  -0.29998    12.15235    -4.18078    16.33313
   5.18514   2.97164  -0.29998     8.74372     2.48075     6.26297
   4.35375   3.57568  -0.29998     5.47753     5.25348     0.22405
   3.32610   3.57568  -0.29998    -0.47816     7.41212    -7.89028
   4.31993   2.82568  -1.00275     3.07982    -0.66120     3.74102
   3.35993   2.82568  -1.00275    -8.69540    -3.18497    -5.51043
   3.83993   1.99429  -1.25998    -1.92896   -10.70854     8.77958
   1.04962  -1.18533   3.13530    15.73857     2.89802    12.84054
   2.00962  -1.18533   2.87807    14.04492     5.63872     8.40620
   0.08962  -1.18533   2.87807    15.74798    -7.14635    22.89433
   0.56962  -2.01672   2.87807    22.01178    10.24762    11.76416
   1.52962  -2.01672   2.87807    20.50638    12.59386     7.91253
   0.53579  -2.76672   2.17530    26.63841    21.89488     4.74352
   1.56344  -2.76672   2.17530    22.73781    19.51919     3.21862
   2.39483  -2.16268   2.17530    16.61206    12.96306     3.64900
   1.04962  -3.10533   1.21530    22.25902    28.42580    -6.16678
   2.00962  -2.84810   1.21530    17.60792    20.35701    -2.74910
   1.56344  -2.76672   0.25530     7.37951    37.36040   -29.98089
  -0.99783  -2.25155   2.91549    11.71623    -3.67463    15.39086
  -0.03783  -2.25155   2.65826    21.30834     9.52729    11.78105
  -1.47783  -3.08293   2.65826    12.78551     2.76959    10.01591
  -0.51783  -3.08293   2.65826    16.59072     9.68198     6.90875
  -2.34303  -3.22890   1.95549    14.08696    -0.40803    14.49499
  -1.51165  -3.83293   1.95549    14.29592     8.85931     5.43661
  -0.48400  -3.83293   1.95549    16.34662    15.25747     1.08915
   0.34738  -3.22890   1.95549    22.14920    21.23748     0.91172
  -1.95783  -3.91431   0.99549    13.37411     8.42130     4.95281
  -0.99783  -4.17155   0.99549    13.09110    16.33174    -3.24064
  -0.03783  -3.91431   0.99549    14.66176    22.76262    -8.10086
   0.66494  -3.21154   0.99549    20.66640    30.95238   -10.28599
  -1.51165  -3.83293   0.03549     8.54793    17.59129    -9.04336
  -0.48400  -3.83293   0.03549     8.25112    26.71855   -18.46743
   0.34738  -3.22890   0.03549     8.15637    39.28145   -31.12508
  -0.51783  -3.08293  -0.66728    -0.01255    48.85256   -48.86511
  -4.40504  -2.04665   2.32471     3.97527   -14.99832    18.97359
  -3.92504  -2.87803   2.32471     8.18021   -10.40518    18.58539
  -2.96504  -2.87803   2.32471    10.07090    -8.43170    18.50260
  -5.10781  -2.04665   1.62194     1.92081   -16.61317    18.53398
  -4.79025  -3.02400   1.62194     7.36382   -11.50106    18.86488
  -3.95886  -3.62803   1.62194    10.40097    -7.61257    18.01354
  -2.93122  -3.62803   1.62194    12.87712    -3.33914    16.21626
  -5.10781  -3.00665   0.66194     5.28740   -14.29718    19.58457
  -4.40504  -3.70941   0.66194     8.77949    -9.99414    18.77362
  -3.44504  -3.96665   0.66194    10.51957    -5.89044    16.41001
  -2.48504  -3.70941   0.66194    13.02459     1.14204    11.88255
  -4.79025  -3.02400  -0.29806     3.53790   -17.17770    20.71560
  -3.95886  -3.62803  -0.29806     6.45645   -12.05338    18.50982
  -2.93122  -3.62803  -0.29806     6.82040    -6.17388    12.99428
  -3.92504  -2.87803  -1.00083     1.22302   -20.20482    21.42783
  -2.42467   3.64109   0.45671     5.77748    21.12681   -15.34933
  -3.45231   3.64109   0.45671     4.69189    30.79088   -26.09899
  -4.28370   3.03705   0.45671     1.25565    22.15614   -20.90049
  -1.97849   3.72247  -0.50330     7.51254    17.87867   -10.36613
  -2.93849   3.97970  -0.50330     6.92331    24.03274   -17.10943
  -3.89849   3.72247  -0.50330     5.45431    26.10435   -20.65004
  -4.60126   3.01970  -0.50330     1.08183    18.31468   -17.23286
  -1.59328   3.03705  -1.46330     4.39068    11.36418    -6.97350
  -2.42467   3.64109  -1.46330     5.81576    17.04494   -11.22918
  -3.45231   3.64109  -1.46330     5.68900    20.37064   -14.68164
  -4.28370   3.03705  -1.46330     2.61420    17.74253   -15.12833
  -2.45849   2.89109  -2.16606     2.05258    17.60023   -15.54764
  -3.41849   2.89109  -2.16606     2.67068    23.74474   -21.07406
  -3.89849   2.05970  -2.16606    -1.28326    29.21535   -30.49861
  -2.93849   2.05970  -2.42329    -1.56250    64.30677   -65.86927
  -0.01196   2.70265   1.54445     2.35128     5.23589    -2.88461
   0.85324   2.84861   0.84168     0.48695     9.84013    -9.35318
   0.02186   3.45265   0.84168     3.51719    11.57652    -8.05933
  -1.00579   3.45265   0.84168     4.41076    12.22162    -7.81085
   0.46804   3.53403  -0.11832    -1.41692     9.42608   -10.84300
  -0.49196   3.79126  -0.11832     3.90687    12.89511    -8.98823
  -1.45196   3.53403  -0.11832     7.55019    15.97494    -8.42474
   0.02186   3.45265  -1.07832    -3.65085     6.05774    -9.70859
  -1.00579   3.45265  -1.07832     3.45130    11.92320    -8.47190
  -0.01196   2.70265  -1.78108   -13.07918    -4.07243    -9.00675
  -0.97196   2.70265  -1.78108    -2.83258     4.94316    -7.77574
   4.27657  -2.45028   1.75735     6.79718     7.91063    -1.11345
   3.99320  -2.99245   0.88140     5.44929    15.47727   -10.02797
   5.10335  -2.99245   0.88140     7.55898    12.27287    -4.71389
   7.04275   0.47272  -0.15184    10.77936     1.64488     9.13448
   6.45746  -2.46971  -0.15184     9.13466     9.16853    -0.03388
   7.04275  -0.56052  -1.18509     9.21435     3.85944     5.35491
   6.79572  -1.64283  -1.18509     8.49648     5.65635     2.84012
   6.15439  -1.59271  -2.06103     6.07115     3.99676     2.07439
   4.54828  -0.56052  -2.85184    -3.03777    -6.94203     3.90426
   2.80280  -0.97464   2.99468     7.72276     0.68702     7.03574
   3.83605  -0.97464   2.99468     8.34713     0.93024     7.41689
   3.04772  -1.96958   2.40939     7.88026     5.26613     2.61413
   4.11253  -1.81648   2.40939     6.91390     3.04541     3.86849
   2.76436  -2.51175   1.53345    10.58922    11.84602    -1.25680
   2.98483   0.25868   3.77466     8.97401     2.23319     6.74082
   4.29456   2.89015   3.18937    10.73857     7.46781     3.27076
   3.22975   3.04325   3.18937     9.66929     7.42549     2.24380
   2.25120  -0.28937   3.18937     7.68950    -1.30249     8.99200
   3.22975  -0.73626   3.18937     7.87336     0.44663     7.42673
   5.05673   3.10376   2.31343    10.60303     7.14214     3.46089
   4.05653   3.58543   2.31343     9.30220     8.15736     1.14484
   2.94638   3.58543   2.31343     8.01079     8.92953    -0.91875
   5.99593   2.18674   1.28019    11.53425     2.41409     9.12016
   2.46821   3.64797   1.28019     3.99724    11.56300    -7.56577
   3.98012  -0.07021  -2.90964    -6.95281   -12.73945     5.78665
   3.70885   0.94218  -2.90964    -8.76631   -14.72394     5.95763
  -0.06944  -0.07021  -2.90964   -18.52157   -18.73562     0.21405
   3.03271  -0.07021  -3.45663   -17.48743   -19.60599     2.11856
   2.49402   0.86282  -3.45663   -20.42418   -21.40188     0.97770
   0.87798  -0.07021  -3.45663   -22.81625   -21.38898    -1.42726
   1.95534  -0.07021  -3.64660   -23.03901   -22.55515    -0.48386
   1.39512   3.19612   0.49921    -4.49611     9.62473   -14.12083
   2.22220   3.64118  -0.51123   -10.16754     2.23199   -12.39952
   1.12881   3.64118  -0.51123    -9.28024     1.32143   -10.60167
   3.88902   2.31193  -1.63273    -5.42796    -9.96795     4.54000
   3.20731   3.16678  -1.63273   -11.93460    -8.80256    -3.13204
   2.22220   3.64118  -1.63273   -14.58960    -9.03727    -5.55232
   1.12881   3.64118  -1.63273   -14.03676    -7.59999    -6.43677
   3.33296   2.31114  -2.64318   -14.62913   -15.86892     1.23979
   2.49396   3.03813  -2.64318   -17.51756   -15.54932    -1.96824
   1.39512   3.19612  -2.64318   -18.04780   -14.49224    -3.55556
   0.38529   2.73495  -2.64318   -17.55834   -12.28749    -5.27085
  -0.21490   1.80103  -2.64318   -18.24045   -12.80500    -5.43545
   2.76889   1.24596  -3.34242   -18.90812   -20.21591     1.30780
   2.22220   2.19286  -3.34242   -20.25789   -19.07349    -1.18440
   1.12881   2.19286  -3.34242   -21.16778   -18.21597    -2.95181
   0.58212   1.24596  -3.34242   -22.26153   -19.29505    -2.96647
   1.67551   1.24596  -3.59198   -22.63929   -21.25605    -1.38324
   1.77977  -3.19094   0.20304     2.45482    29.12601   -26.67119
   2.87862  -3.03295   0.20304    -0.24724    15.17542   -15.42266
   0.52836  -3.16159  -0.80740    -7.08144    35.61531   -42.69676
   1.51347  -3.63600  -0.80740    -9.39507    21.57541   -30.97048
   2.60685  -3.63600  -0.80740    -9.14470     6.80917   -15.95386
  -0.15336  -2.30675  -1.92890   -16.40749     4.92155   -21.32904
   0.52836  -3.16159  -1.92890   -16.15147     3.97754   -20.12901
   1.51347  -3.63600  -1.92890   -15.74923    -0.90485   -14.84438
   2.60685  -3.63600  -1.92890   -14.22690    -4.73343    -9.49347
   3.59196  -3.16159  -1.92890    -9.74522    -3.02066    -6.72456
   4.03037  -1.24078  -2.93934   -10.89168   -12.26122     1.36954
   0.16975  -1.79585  -2.93934   -21.02910   -14.65373    -6.37537
   0.76994  -2.72977  -2.93934   -20.33068   -11.46926    -8.86142
   1.77977  -3.19094  -2.93934   -18.93133   -12.24471    -6.68662
   2.87862  -3.03295  -2.93934   -16.84235   -12.77213    -4.07023
   3.71761  -2.30596  -2.93934   -13.59939   -11.79192    -1.80746
   3.15355  -1.24078  -3.63859   -18.58746   -18.22319    -0.36426
   2.60685  -0.29387  -3.63859   -20.86093   -21.26842     0.40749
   1.51347  -0.29387  -3.63859   -24.02797   -22.64613    -1.38184
   0.96677  -1.24078  -3.63859   -23.22350   -19.80126    -3.42223
   1.51347  -2.18768  -3.63859   -21.85427   -17.79602    -4.05825
   2.60685  -2.18768  -3.63859   -19.89644   -17.59721    -2.29923
   2.06016  -1.24078  -3.88815   -22.37385   -20.36792    -2.00593
   0.81176  -0.30969   3.45352     6.42821    -8.53226    14.96046
   1.84501  -0.30969   3.24800     7.57718    -2.20027     9.77745
   0.29514   0.58512   3.24800     1.05171   -17.66832    18.72002
  -0.22148  -0.30969   3.24800     4.36056   -24.67580    29.03637
   0.29514  -1.20451   3.24800    12.99007    -5.14476    18.13484
   0.54006   1.58006   2.66271     0.62437   -10.46728    11.09166
  -0.58465  -0.19950   3.16716     2.35442   -35.22665    37.58106
  -1.10128   0.69532   2.96164    -2.54581   -44.85337    42.30756
  -1.10128  -1.09432  -2.02731   -13.36219   -23.88649    10.52430
  -1.42141  -1.30120   3.37993     3.66779   -25.12834    28.79614
  -0.38817  -1.30120   3.17440    10.19766   -13.83471    24.03236
  -0.90479  -0.40639   3.17440     1.91892   -41.19585    43.11478
  -1.93804  -0.40639   3.17440    -1.95846   -51.53040    49.57194
  -2.45466  -1.30120   3.17440     0.21524   -27.61036    27.82560
  -1.93804  -2.19602   3.17440     5.93247   -12.26139    18.19387
  -0.90479  -2.19602   3.17440    10.54781    -5.15130    15.69911
  -1.97649  -3.73314  -0.35332     5.20519    10.43621    -5.23102
  -1.69312  -3.19096  -1.22926    -2.79430    20.36838   -23.16268
  -0.62831  -3.03786  -1.22926    -5.55973    39.26753   -44.82726
  -0.90479  -2.19602  -1.81455   -11.49095    20.16373   -31.65469
  -1.42141  -1.30120  -2.02007   -12.60667   -14.30589     1.69923
  -2.79775  -1.19356   3.18996    -0.50515   -25.83675    25.33160
  -3.31438  -0.29874   2.98444    -3.91440   -26.59553    22.68113
  -3.83100  -1.19356   2.98444    -0.86094   -18.19197    17.33103
  -3.31438  -2.08837   2.98444     3.39671   -14.69413    18.09084
  -2.24268  -3.62549  -0.54328     3.88491     5.52503    -1.64012
  -4.04801  -2.63643  -1.41923    -2.46172   -17.76007    15.29835
  -3.06946  -3.08331  -1.41923    -1.73569    -8.86591     7.13022
  -2.00465  -2.93022  -1.41923    -4.41453    11.66120   -16.07573
  -1.76451  -1.19356  -2.00451   -12.22326   -11.40564    -0.81762
  -3.31438  -2.08837  -2.00451    -6.76141   -11.60147     4.84006
  -2.28113  -2.08837  -2.00451    -8.82404    -2.30282    -6.52122
  -2.81518   0.91345   2.55307    -6.15775   -26.50963    20.35188
  -3.84842   0.91345   2.55307    -5.95569   -10.83699     4.88130
  -2.81518  -0.87618  -2.43588   -10.39720     3.57588   -13.97308
  -5.06588   0.16091   2.86393    -6.02848   -10.27750     4.24901
  -4.01930   0.16091   2.67939    -5.41541   -16.59652    11.18112
  -4.54259   1.06727   2.67939    -6.18285    -6.18668     0.00383
  -5.58917   1.06727   2.67939    -7.26782    -4.90640    -2.36142
  -6.11247   0.16091   2.67939    -7.09650    -7.98571     0.88921
  -5.58917  -0.74546   2.67939    -5.31438   -11.49828     6.18390
  -4.54259  -0.74546   2.67939    -3.44126   -15.93600    12.49474
  -4.08242   1.86432   2.14802    -5.37713     3.96069    -9.33782
  -5.06588   2.12784   2.14802    -6.43448     3.12390    -9.55838
  -6.04935   1.86432   2.14802    -7.49246    -1.00100    -6.49147
  -6.76930   1.14437   2.14802    -7.35567    -4.47581    -2.87986
  -7.03281   0.16091   2.14802    -6.86433    -7.07077     0.20644
  -6.76930  -0.82256   2.14802    -6.31839    -9.32127     3.00287
  -6.04935  -1.54250   2.14802    -4.47038   -11.76592     7.29554
  -5.06588  -1.80602   2.14802     0.01820   -14.94503    14.96323
  -5.06588   2.81095   1.33393    -5.11922     8.98299   -14.10221
  -6.08001   2.60922   1.33393    -6.87939     2.73715    -9.61654
  -6.93974   2.03477   1.33393    -6.81036    -1.58963    -5.22073
  -7.51420   1.17503   1.33393    -5.96385    -4.47157    -1.49228
  -7.71592   0.16091   1.33393    -5.47565    -6.59148     1.11583
  -7.51420  -0.85322   1.33393    -5.59487    -8.40208     2.80721
  -6.93974  -1.71295   1.33393    -5.36583   -10.26320     4.89737
  -6.08001  -2.28741   1.33393    -2.86521   -12.55612     9.69091
  -5.58917   3.12864   0.33529    -5.13930     7.63836   -12.77766
  -6.57264   2.77069   0.33529    -6.36546     1.80032    -8.16578
  -7.37437   2.09796   0.33529    -5.62123    -1.83187    -3.78936
  -7.89766   1.19159   0.33529    -4.46599    -4.30560    -0.16038
  -8.07940   0.16091   0.33529    -4.03300    -6.17094     2.13793
  -7.89766  -0.86977   0.33529    -4.56513    -7.77048     3.20535
  -7.37437  -1.77614   0.33529    -5.27673    -9.39034     4.11362
  -6.57264  -2.44887   0.33529    -4.58898   -11.39244     6.80347
  -5.58917  -2.80682   0.33529    -0.24661   -14.43335    14.18674
  -5.58917   3.12864  -0.72744    -4.69628     7.33091   -12.02720
  -6.57264   2.77069  -0.72744    -6.06300     1.89693    -7.95992
  -7.37437   2.09796  -0.72744    -5.23970    -1.48994    -3.74977
  -7.89766   1.19159  -0.72744    -4.03426    -3.83593    -0.19833
  -8.07940   0.16091  -0.72744    -3.66466    -5.61692     1.95227
  -7.89766  -0.86977  -0.72744    -4.42269    -7.13464     2.71195
  -7.37437  -1.77614  -0.72744    -5.57919    -8.65385     3.07467
  -6.57264  -2.44887  -0.72744    -5.74359   -10.53707     4.79348
  -5.58917  -2.80682  -0.72744    -3.50213   -13.56041    10.05828
  -5.06588   2.81095  -1.72607    -3.89809     9.38042   -13.27851
  -6.08001   2.60922  -1.72607    -6.33157     3.36538    -9.69695
  -6.93974   2.03477  -1.72607    -6.09123    -0.36111    -5.73013
  -7.51420   1.17503  -1.72607    -5.09224    -2.89741    -2.19483
  -7.71592   0.16091  -1.72607    -4.79543    -4.77053    -0.02490
  -7.51420  -0.85322  -1.72607    -5.62186    -6.30831     0.68645
  -6.93974  -1.71295  -1.72607    -6.81852    -7.79102     0.97250
  -6.08001  -2.28741  -1.72607    -7.09274    -9.57661     2.48387
  -5.06588  -2.48913  -1.72607    -5.88290   -12.24953     6.36663
  -4.05176  -2.28741  -1.72607    -5.03514   -16.12787    11.09273
  -4.08242   1.86432  -2.54017    -4.54568    20.68870   -25.23438
  -5.06588   2.12784  -2.54017    -6.46147     7.80926   -14.27072
  -6.04935   1.86432  -2.54017    -7.47552     2.24917    -9.72469
  -6.76930   1.14437  -2.54017    -7.07705    -1.14328    -5.93377
  -7.03281   0.16091  -2.54017    -6.89570    -3.41759    -3.47811
  -6.76930  -0.82256  -2.54017    -7.67381    -5.06076    -2.61306
  -6.04935  -1.54250  -2.54017    -8.52911    -6.36052    -2.16859
  -5.06588  -1.80602  -2.54017    -8.50464    -7.29540    -1.20923
  -4.08242  -1.54250  -2.54017    -8.53413    -6.53285    -2.00127
  -3.36247  -0.82256  -2.54017    -9.70883     0.38158   -10.09040
  -4.01930   0.16091  -3.07153    -9.29718     5.59795   -14.89513
  -4.54259   1.06727  -3.07153    -8.35654     7.84789   -16.20443
  -5.58917   1.06727  -3.07153    -8.71736     2.63847   -11.35583
  -6.11247   0.16091  -3.07153    -8.82592    -1.21046    -7.61546
  -5.58917  -0.74546  -3.07153    -9.47728    -2.64814    -6.82914
  -4.54259  -0.74546  -3.07153    -9.66741    -0.42237    -9.24504
  -5.06588   0.16091  -3.25607    -9.60843     2.23915   -11.84758
  -2.50865   1.12093   2.52903    -6.03288   -26.70847    20.67559
  -3.02527   2.01575   2.32351    -4.56450    11.84562   -16.41013
  -2.78035   3.01069   1.73822    -1.00778    16.38820   -17.39598
  -3.75890   2.56380   1.73822    -2.87211    11.83303   -14.70514
  -1.95358   3.55287   0.86228     3.59814    13.81264   -10.21450
  -1.71554  -0.61572  -2.08016   -12.78551    -9.44755    -3.33796
  -1.47540   1.12093  -2.66544   -11.53990    -3.36541    -8.17449
  -1.99203   2.01575  -2.66544    -5.61244     8.85816   -14.47061
  -3.02527   2.01575  -2.66544    -3.01895    47.32964   -50.34859
  -3.02527   0.22612  -2.66544    -9.60090    14.45531   -24.05621
  -1.99203   0.22612  -2.66544   -11.72502    23.75023   -35.47525
  -2.50865   1.12093  -2.87097    -8.05722    10.53407   -18.59129
  -0.62029   1.91178   2.54013    -1.85241   -13.62652    11.77411
  -1.65353   1.91178   2.54013    -3.88930   -12.78469     8.89538
  -2.17015   1.01696   2.54013    -5.95005   -40.33483    34.38479
  -0.34380   2.75362   1.95485     0.92683     1.06446    -0.13763
  -1.40862   2.90672   1.95485    -0.69214     3.21758    -3.90972
  -1.69198   3.44889   1.07890     2.72590    11.36624    -8.64033
  -0.62029   1.91178  -2.44882   -13.68975    -7.40971    -6.28003
  -0.62029   0.12214  -2.44882   -15.69715   -18.40906     2.71191
  -1.13691   1.01696  -2.65434   -13.29442    -7.51083    -5.78359
   6.35670  -0.76777   2.50835    13.51216     6.31726     7.19490
   4.73670  -1.70308   2.50835     9.87574     4.62055     5.25519
   5.81670  -1.70308   2.50835    11.68423     6.75290     4.93133
   7.14731  -0.76777   1.71773    12.30609     6.17544     6.13064
   6.85036   0.24356   1.71773    13.43435     4.36756     9.06679
   5.01048  -2.61935   1.71773     8.53413     9.03503    -0.50090
   6.05378  -2.46934   1.71773    10.10102     8.48146     1.61956
   6.85036  -1.77910   1.71773    11.35541     7.47833     3.87708
   7.43670  -0.76777   0.63773    11.16339     5.67870     5.48469
   7.18928   0.23603   0.63773    11.64344     3.14762     8.49582
   6.50372  -2.54542   0.63773     9.54191     9.11827     0.42364
   7.18928  -1.77157   0.63773    10.53400     7.39488     3.13912
   7.13710   0.17975  -0.84253     9.63917     2.57537     7.06381
   6.88968   1.18355  -0.84253     9.15787     0.36699     8.79088
   6.20412   1.95739  -0.84253     8.94264    -1.36542    10.30806
   6.84771   0.17975  -1.92253     7.43160     1.96397     5.46762
   6.55076   1.19108  -1.92253     7.09023     0.31128     6.77895
   5.75418   1.88132  -1.92253     5.85655    -1.82070     7.67725
   4.71088   2.03132  -1.92253     2.19817    -5.77708     7.97525
   6.05710   0.17975  -2.71314     4.60027    -0.03889     4.63917
   5.51710   1.11506  -2.71314     3.42871    -2.51658     5.94529
   4.43710   1.11506  -2.71314    -1.39997    -8.37098     6.97101
   5.51710  -0.75556  -2.71314     2.76857    -0.34062     3.10919
   4.97710   0.17975  -3.00252     0.23343    -4.58609     4.81952
   3.11270  -2.89532   0.38619     2.03941    17.93939   -15.89998
   4.07148  -3.33318   0.38619     4.50991    16.39071   -11.88080
   5.11478  -3.18318   0.38619     6.99108    13.22438    -6.23330
   3.57175  -3.50124  -0.69381    -2.34187    10.94478   -13.28665
   4.59805  -3.62586  -0.69381     3.35969    11.11466    -7.75497
   5.56472  -3.25925  -0.69381     6.24686    10.07339    -3.82653
   4.07148  -3.33318  -1.77381    -3.39232     2.92042    -6.31274
   5.11478  -3.18318  -1.77381     2.74284     5.95277    -3.20993
   5.91136  -2.49294  -1.77381     5.62060     6.01024    -0.38964
   5.41769  -1.48161  -2.56442     2.45858     0.94363     1.51495
   4.87770  -2.41691  -2.56442    -0.84024     0.27094    -1.11118
   4.33770  -1.48161  -2.85381    -6.83923    -7.71464     0.87542
   4.24981   0.95014   4.21202    10.88854     5.60829     5.28026
   5.32981   0.95014   3.92264    12.09901     6.19638     5.90263
   4.78981   1.88545   3.92264    11.26882     6.63248     4.63634
   3.70981   1.88545   3.92264    10.58985     6.45274     4.13711
   3.70981   0.01483   3.92264    10.06400     3.66653     6.39747
   4.78981   0.01483   3.92264    11.72188     5.25447     6.46741
   6.12042   0.95014   3.13202    13.05910     5.90216     7.15694
   5.82347   1.96147   3.13202    11.92017     6.25454     5.66563
   5.02689   2.65171   3.13202    11.22991     7.11595     4.11396
   3.98359  -0.90144   3.13202     9.32981     1.83967     7.49014
   5.02689  -0.75143   3.13202    12.72840     4.76137     7.96703
   5.82347  -0.06119   3.13202    13.90059     5.92278     7.97781
   6.40981   0.95014   2.05202    13.98844     4.03555     9.95290
   6.16239   1.95394   2.05202    12.09336     4.42255     7.67081
   2.56206   1.41933   3.92718     8.89746     3.41564     5.48182
   2.02206   2.35464   3.63780     8.13880     3.71966     4.41914
   1.48206   1.41933   3.63780     6.51041    -1.49450     8.00492
   2.02206   0.48402   3.63780     7.34751    -1.04249     8.39000
   2.29584   3.27090   2.84718     7.93800     7.08836     0.84964
   1.33707   2.83304   2.84718     6.36483     3.67557     2.68926
   0.76722   1.94634   2.84718     3.62512    -4.34145     7.96657
   1.79611   3.43896   1.76718     4.78664     9.04248    -4.25584
   0.94528   2.85167   1.76718     3.80585     5.45329    -1.64745
   5.41359   3.00562   1.74002    10.56224     6.24362     4.31862
   4.61701   3.69586   1.74002     9.00602     7.66815     1.33786
   3.57371   3.84587   1.74002     7.67507     9.30062    -1.62555
   5.99993   1.99429   0.66002    11.64281    -1.06977    12.71258
   5.75251   2.99809   0.66002     9.38629     3.39144     5.99485
   5.06695   3.77194   0.66002     7.72590     5.63430     2.09159
   4.10029   4.13854   0.66002     5.72602     7.31240    -1.58638
   3.07398   4.01393   0.66002     2.89533     9.55197    -6.65664
   5.41359   3.00562  -0.41998     7.62236     1.41135     6.21101
   4.61701   3.69586  -0.41998     4.70883     3.58576     1.12308
   3.57371   3.84587  -0.41998     0.19704     4.81021    -4.61317
   4.37993   2.92960  -1.21060     1.48280    -1.81351     3.29632
   1.04962  -1.18533   3.37530    13.17268     0.91082    12.26186
   2.12962  -1.18533   3.08592    11.90888     3.94913     7.95975
   0.50962  -2.12064   3.08592    18.36156     7.26848    11.09308
   1.58962  -2.12064   3.08592    17.08269     9.85946     7.22323
   0.78340  -3.03691   2.29530    21.50099    18.26968     3.23130
   1.82670  -2.88690   2.29530    18.06788    15.69726     2.37062
   2.62328  -2.19666   2.29530    12.71397     9.85244     2.86153
   1.30998  -3.32958   1.21530    16.92079    23.93004    -7.00924
   2.27664  -2.96298   1.21530    13.01957    16.99179    -3.97222
   0.08217  -2.25155   2.86611    19.18108     7.50929    11.67179
  -1.53783  -3.18685   2.86611    11.08935     1.09784     9.99151
  -0.45783  -3.18685   2.86611    14.55885     7.66763     6.89122
  -2.22282  -3.66526   2.07549    12.12286     1.67062    10.45224
  -1.26404  -4.10312   2.07549    12.54580     8.66086     3.88494
  -0.22074  -3.95312   2.07549    14.63038    13.88825     0.74214
   0.57584  -3.26288   2.07549    20.56286    19.34770     1.21516
  -1.76377  -4.27118   0.99549    10.99397     8.87153     2.12244
  -0.73747  -4.39580   0.99549    11.05672    15.17355    -4.11683
   0.22919  -4.02919   0.99549    12.60541    21.06306    -8.45765
  -1.26404  -4.10312  -0.08451     6.55747    17.03700   -10.47953
  -0.22074  -3.95312  -0.08451     5.89169    24.78727   -18.89558
   0.57584  -3.26288  -0.08451     4.64671    41.79391   -37.14721
  -4.52504  -2.04665   2.53256     2.62299   -13.83000    16.45299
  -3.98504  -2.98195   2.53256     6.66101    -9.55523    16.21625
  -2.90504  -2.98195   2.53256     8.86608    -7.45294    16.31903
  -5.23988  -2.57366   1.74194     2.89847   -12.86534    15.76381
  -4.67003  -3.46036   1.74194     6.75828    -9.11003    15.86830
  -3.71125  -3.89822   1.74194     9.15160    -5.71609    14.86769
  -2.66796  -3.74822   1.74194    12.02496    -1.02632    13.05129
  -5.06182  -3.47899   0.66194     4.95168   -11.19520    16.14688
  -4.21099  -4.06628   0.66194     7.41779    -7.64376    15.06155
  -3.18468  -4.19090   0.66194     9.07755    -3.30719    12.38474
  -4.67003  -3.46036  -0.41806     3.19340   -13.04721    16.24060
  -3.71125  -3.89822  -0.41806     5.01192    -8.61643    13.62834
  -2.66796  -3.74822  -0.41806     5.23719    -1.46996     6.70716
  -3.98504  -2.98195  -1.20868    -0.23657   -16.31554    16.07897
  -2.16141   3.76127   0.57670     4.55572    16.50466   -11.94895
  -3.20471   3.91128   0.57670     3.63516    22.47201   -18.83684
  -4.16348   3.47342   0.57670     1.37613    20.91765   -19.54152
  -1.71147   3.83735  -0.50330     5.88980    15.23566    -9.34586
  -2.67813   4.20395  -0.50330     5.19201    18.78564   -13.59363
  -3.70444   4.07934  -0.50330     4.22753    21.39606   -17.16853
  -4.55527   3.49205  -0.50330     1.41001    17.94379   -16.53378
  -2.16141   3.76127  -1.58329     3.66152    13.82916   -10.16764
  -3.20471   3.91128  -1.58329     3.98469    16.99317   -13.00849
  -4.16348   3.47342  -1.58329     2.24648    16.57175   -14.32527
  -2.39849   2.99501  -2.37391     0.30371    15.03263   -14.72892
  -3.47849   2.99501  -2.37391     0.92809    20.32079   -19.39271
  -4.01849   2.05970  -2.37391    -2.94741    24.00618   -26.95360
   0.04804   2.80657   1.75230     2.01744     3.60423    -1.58679
   1.08170   2.88259   0.96168     0.26544     9.11845    -8.85301
   0.28512   3.57283   0.96168     2.22515     9.47117    -7.24602
  -0.75818   3.72284   0.96168     3.28313    10.37653    -7.09340
   0.73506   3.64891  -0.11832    -3.74623     6.76462   -10.51085
  -0.23161   4.01551  -0.11832     1.67922    10.14149    -8.46228
  -1.25791   3.89090  -0.11832     4.89520    13.52030    -8.62510
   0.28512   3.57283  -1.19832    -6.84174     2.03862    -8.88036
  -0.75818   3.72284  -1.19832     0.54405     8.97436    -8.43031
  -1.03196   2.80657  -1.98893    -3.81338     4.06003    -7.87340
   4.27384  -2.46926   2.14629     7.15675     6.56054     0.59621
   4.27670  -3.14437   1.34816     6.14959    10.96431    -4.81472
   7.30319   0.50674   0.36910    10.40285     2.15497     8.24788
   6.73162   1.42986   0.36910    10.55785    -0.78082    11.33867
   5.86518  -3.20521   0.36910     7.21322     9.80818    -2.59496
   7.50270  -0.56052  -0.67279     8.76129     3.77033     4.99095
   6.73162  -2.55090  -0.67279     7.40273     6.98483     0.41790
   7.30319  -1.62778  -0.67279     8.30760     5.39045     2.91715
   7.14635  -0.56052  -1.65184     7.32994     2.96497     4.36497
   6.92174  -1.61725  -1.65184     6.61897     4.17155     2.44742
   6.17052  -1.60307  -2.44997     4.09262     2.40501     1.68760
   4.54828  -0.56052  -3.15184    -4.32793    -7.43695     3.10901
   2.80640  -0.96842   3.31928     8.37098     1.38149     6.98948
   3.04499  -1.98856   2.79833     8.76568     5.07878     3.68690
   4.12050  -1.83392   2.79833     7.74096     3.49700     4.24395
   3.04786  -2.66366   2.00020     8.89934     9.38683    -0.48749
   2.98842   2.04209   4.09927     8.73807     4.62129     4.11678
   2.98842   0.26490   4.09927     8.51468     2.16147     6.35320
   4.30253   2.90760   3.57832     9.53124     6.35870     3.17254
   3.22702   3.06223   3.57832     8.53225     6.03544     2.49681
   2.23864  -0.30386   3.57832     7.91540    -0.48174     8.39714
   3.22702  -0.75524   3.57832     8.42118     1.62264     6.79854
   5.23991   3.08424   2.78019     9.79103     6.22307     3.56796
   4.30430   3.62441   2.78019     8.56299     6.66373     1.89926
   3.22988   3.73734   2.78019     7.56965     7.02764     0.54201
   5.68480   3.14388   1.80113     9.42268     5.19819     4.22449
   2.69294   3.99514   1.80113     5.22276     8.50331    -3.28055
   6.25637   2.22076   0.75924    10.32943     0.67455     9.65488
   1.72102   3.51118   0.75924    -1.22992    10.39766   -11.62758
   2.77249  -3.29705   0.58496     3.65273    14.75616   -11.10342
   3.95756   1.93201  -2.55385    -7.16616   -11.77753     4.61137
  -0.66068  -1.15380  -2.55385   -15.22840   -15.33050     0.10210
   4.01259  -0.07021  -3.32816    -8.09738   -11.79459     3.69720
   3.73697   0.95842  -3.32816    -9.31601   -13.15540     3.83940
  -0.10191  -0.07021  -3.32816   -17.51316   -15.32367    -2.18949
   3.03690  -0.07021  -3.82530   -15.58608   -16.68379     1.09770
   2.49612   0.86645  -3.82530   -17.47363   -17.79518     0.32155
   0.87378  -0.07021  -3.82530   -19.95794   -17.87966    -2.07828
   1.95534  -0.07021  -3.99660   -19.63101   -18.72337    -0.90764
   1.40511   3.81865  -0.00047    -5.53652     5.18912   -10.72563
   2.92357   3.75242  -1.07198    -8.04593    -1.67940    -6.36653
   1.93386   4.03401  -1.07198    -9.81739    -2.49675    -7.32064
   0.90925   3.93907  -1.07198    -8.57680    -0.69559    -7.88121
   4.03872   2.29813  -2.14349    -5.63315    -9.92916     4.29600
   3.40645   3.16837  -2.14349   -10.28174    -9.36164    -0.92010
   2.47489   3.70621  -2.14349   -12.60416    -9.09997    -3.50419
   1.40511   3.81865  -2.14349   -12.91540    -8.10268    -4.81273
   0.38208   3.48625  -2.14349   -11.54492    -5.20876    -6.33616
   3.39015   2.23591  -3.05188   -12.61733   -13.90619     1.28886
   2.66546   2.96060  -3.05188   -14.78852   -13.50002    -1.28850
   1.67551   3.22586  -3.05188   -15.64318   -12.72856    -2.91463
   0.68556   2.96060  -3.05188   -15.64381   -11.30192    -4.34189
  -0.03914   2.23591  -3.05188   -15.89921   -10.54069    -5.35852
  -0.30439   1.24596  -3.05188   -17.25651   -12.93375    -4.32276
   2.74702   1.24596  -3.65884   -16.68485   -17.42394     0.73909
   2.21126   2.17392  -3.65884   -17.25651   -16.05412    -1.20239
   1.13975   2.17392  -3.65884   -18.13565   -15.26052    -2.87513
   0.60399   1.24596  -3.65884   -19.35365   -16.32433    -3.02932
   1.67551   1.24596  -3.87198   -19.44213   -17.98547    -1.45665
   0.76673  -3.48107  -0.29664     0.08722    37.90945   -37.82223
   1.78976  -3.81347  -0.29664    -3.25677    20.04768   -23.30446
   2.85954  -3.70103  -0.29664    -3.31200    11.06429   -14.37629
   0.37278  -3.47522  -1.36815    -9.32165    17.29940   -26.62106
   1.29390  -3.93389  -1.36815    -9.88829     9.83723   -19.72552
   2.31851  -4.02883  -1.36815    -9.53940     3.55884   -13.09824
   3.30823  -3.74723  -1.36815    -7.06513     2.76373    -9.82886
  -0.47017  -1.77862  -2.43966   -15.93811    -8.29409    -7.64402
  -0.03266  -2.76130  -2.43966   -15.25727    -0.09858   -15.15868
   0.76673  -3.48107  -2.43966   -14.58583    -1.61687   -12.96896
   1.78976  -3.81347  -2.43966   -13.78952    -4.23752    -9.55200
   2.85954  -3.70103  -2.43966   -12.14294    -5.55456    -6.58838
   3.79111  -3.16319  -2.43966    -8.72175    -4.31410    -4.40765
   4.04006  -1.24078  -3.34805   -10.43548   -11.31764     0.88216
   0.08026  -1.24078  -3.34805   -18.90184   -15.01923    -3.88261
   0.34552  -2.23073  -3.34805   -18.23480   -11.45048    -6.78432
   1.07021  -2.95542  -3.34805   -17.25839   -10.45471    -6.80368
   2.06016  -3.22067  -3.34805   -16.00400   -10.91448    -5.08952
   3.05011  -2.95542  -3.34805   -14.26329   -11.01635    -3.24694
   3.77480  -2.23073  -3.34805   -12.03438   -10.63712    -1.39726
   3.13167  -1.24078  -3.95501   -16.01216   -15.42781    -0.58435
   2.59592  -0.31282  -3.95501   -18.18523   -18.08178    -0.10345
   0.98864  -1.24078  -3.95501   -19.95104   -16.64898    -3.30205
   1.52440  -2.16873  -3.95501   -18.64268   -14.87989    -3.76279
   2.59592  -2.16873  -3.95501   -16.98166   -14.67046    -2.31120
   2.06016  -1.24078  -4.16815   -19.00350   -17.00441    -1.99908
   0.81176  -0.30969   3.75352     6.37236    -7.42822    13.80058
   1.83782  -0.30969   3.57260     7.66315    -1.74245     9.40559
   0.29873   0.57890   3.57260     2.32430   -14.47118    16.79548
  -0.21430  -0.30969   3.57260     4.36307   -19.86517    24.22825
   0.29873  -1.19829   3.57260    10.49447    -5.82393    16.31840
   0.53733   1.59904   3.05166     1.93649    -8.91160    10.84809
  -0.58465  -0.19950   3.46716     2.71900   -27.91745    30.63645
  -1.09768   0.68909   3.28624    -1.29392   -34.76340    33.46948
  -1.09768  -1.08809  -2.35192   -13.45380   -15.26710     1.81330
  -1.42141  -1.30120   3.67993     3.81902   -20.65326    24.47228
  -0.39535  -1.30120   3.49901     8.57492   -12.61607    21.19098
  -0.90838  -0.41261   3.49901     2.44038   -31.02722    33.46761
  -1.93444  -0.41261   3.49901    -0.65951   -37.24422    36.58471
  -2.44747  -1.30120   3.49901     0.99523   -23.13708    24.13231
  -1.93444  -2.18980   3.49901     5.39344   -11.62158    17.01503
  -0.90838  -2.18980   3.49901     9.01041    -6.13896    15.14937
  -2.22993  -4.14285   0.15898     7.75162     5.13791     2.61372
  -1.69299  -3.88505  -0.82007     1.63968    13.23027   -11.59058
  -1.69585  -3.20994  -1.61821    -4.40010    14.18249   -18.58259
  -0.62034  -3.05531  -1.61821    -7.86018    24.65757   -32.51775
  -0.90838  -2.18980  -2.13915   -11.99986     7.13342   -19.13328
  -1.42141  -1.30120  -2.32007   -12.38767    -9.62488    -2.76278
  -2.79775  -1.19356   3.48996     0.19453   -22.25060    22.44513
  -3.31079  -0.30496   3.30904    -2.80497   -23.28459    20.47962
  -3.82382  -1.19356   3.30904    -0.59174   -16.45396    15.86222
  -3.31079  -2.08215   3.30904     2.86458   -13.54686    16.41144
  -4.64800  -1.73684   2.78809     0.48506   -13.57555    14.06062
  -3.07219  -3.10229   2.78809     7.37763    -7.23860    14.61623
  -3.06933  -3.77740  -1.01004     1.68110    -4.75761     6.43871
  -3.07219  -3.10229  -1.80817    -3.17332    -6.22315     3.04984
  -1.99668  -2.94766  -1.80817    -5.48694     7.61722   -13.10416
  -1.77169  -1.19356  -2.32912   -11.79718    -6.45115    -5.34603
  -3.31079  -2.08215  -2.32912    -7.05070    -7.93526     0.88456
  -2.28472  -2.08215  -2.32912    -8.69101    -2.16196    -6.52905
  -2.81877   0.90723   2.87767    -4.85630   -24.70270    19.84641
  -2.81877  -0.86996  -2.76048    -9.87637     4.71016   -14.58653
  -5.06588   0.16091   3.20393    -4.73958    -9.56359     4.82401
  -4.01523   0.16091   3.03752    -4.38378   -15.60782    11.22404
  -4.54056   1.07080   3.03752    -5.04455    -6.79702     1.75247
  -5.59121   1.07080   3.03752    -5.71724    -5.01044    -0.70680
  -6.11654   0.16091   3.03752    -5.52585    -7.27879     1.75294
  -5.59121  -0.74899   3.03752    -4.05936   -10.26696     6.20760
  -4.54056  -0.74899   3.03752    -2.81375   -14.34174    11.52799
  -4.06665   1.89163   2.55458    -4.71322     0.80173    -5.51496
  -5.06588   2.15938   2.55458    -5.26669     0.98474    -6.25142
  -6.06512   1.89163   2.55458    -6.00589    -1.54369    -4.46221
  -6.79661   1.16014   2.55458    -6.02848    -4.15035    -1.87814
  -7.06435   0.16091   2.55458    -5.65763    -6.30437     0.64674
  -6.79661  -0.83833   2.55458    -4.99247    -8.24101     3.24854
  -6.06512  -1.56982   2.55458    -3.30070   -10.31648     7.01578
  -5.06588  -1.83756   2.55458    -0.10730   -12.96834    12.86104
  -5.06588   2.91157   1.80240    -4.38629     6.25443   -10.64072
  -6.11852   2.70218   1.80240    -5.63504     1.88542    -7.52046
  -7.01089   2.10592   1.80240    -5.81074    -1.51023    -4.30051
  -7.60716   1.21354   1.80240    -5.40035    -3.94456    -1.45579
  -7.81654   0.16091   1.80240    -5.03953    -5.80321     0.76368
  -7.60716  -0.89172   1.80240    -4.84500    -7.40452     2.55952
  -7.01089  -1.78410   1.80240    -4.17796    -9.00900     4.83104
  -6.11852  -2.38037   1.80240    -1.78966   -10.84713     9.05748
  -5.33291   3.38346   0.85458    -3.64520     8.36857   -12.01377
  -6.36480   3.12215   0.85458    -5.22025     3.02979    -8.25004
  -7.25594   2.53994   0.85458    -5.31877    -0.46685    -4.85193
  -7.90974   1.69993   0.85458    -4.74460    -2.88133    -1.86327
  -8.25537   0.69314   0.85458    -4.24071    -4.67482     0.43411
  -8.25537  -0.37132   0.85458    -4.17796    -6.13712     1.95916
  -7.90974  -1.37811   0.85458    -4.37123    -7.47750     3.10627
  -7.25594  -2.21812   0.85458    -4.09450    -8.88813     4.79363
  -6.36480  -2.80033   0.85458    -2.17620   -10.58883     8.41263
  -4.81180   3.55140  -0.19607    -0.48569    14.64822   -15.13391
  -5.82246   3.47566  -0.19607    -4.01983     6.46829   -10.48812
  -6.76588   3.10539  -0.19607    -5.05835     2.09970    -7.15806
  -7.55826   2.47350  -0.19607    -4.80735    -0.75571    -4.05164
  -8.12918   1.63611  -0.19607    -4.12901    -2.79526    -1.33376
  -8.42791   0.66765  -0.19607    -3.66779    -4.35805     0.69025
  -8.42791  -0.34584  -0.19607    -3.72741    -5.65198     1.92457
  -8.12918  -1.31430  -0.19607    -4.18047    -6.83202     2.65156
  -7.55826  -2.15168  -0.19607    -4.50426    -8.04757     3.54330
  -6.76588  -2.78358  -0.19607    -3.91754    -9.49437     5.57682
  -5.82246  -3.15385  -0.19607    -1.49159   -11.51702    10.02543
  -5.33291   3.38346  -1.24673    -2.91415     8.70851   -11.62266
  -6.36480   3.12215  -1.24673    -4.92971     3.44052    -8.37024
  -7.25594   2.53994  -1.24673    -5.01380     0.16855    -5.18235
  -7.90974   1.69993  -1.24673    -4.38002    -2.08996    -2.29005
  -8.25537   0.69314  -1.24673    -3.91315    -3.77240    -0.14075
  -8.25537  -0.37132  -1.24673    -4.05497    -5.12937     1.07441
  -7.90974  -1.37811  -1.24673    -4.68310    -6.34319     1.66009
  -7.25594  -2.21812  -1.24673    -5.19452    -7.59314     2.39862
  -6.36480  -2.80033  -1.24673    -4.80861    -9.13145     4.32284
  -5.33291  -3.06164  -1.24673    -3.06601   -11.43941     8.37340
  -5.06588   2.91157  -2.19454    -3.68662     8.87398   -12.56060
  -6.11852   2.70218  -2.19454    -5.45682     3.54764    -9.00446
  -7.01089   2.10592  -2.19454    -5.56350     0.24572    -5.80922
  -7.60716   1.21354  -2.19454    -5.09789    -2.01364    -3.08425
  -7.81654   0.16091  -2.19454    -4.96925    -3.67878    -1.29047
  -7.60716  -0.89172  -2.19454    -5.45620    -5.01508    -0.44111
  -7.01089  -1.78410  -2.19454    -6.12638    -6.22492     0.09855
  -6.11852  -2.38037  -2.19454    -6.26129    -7.50564     1.24435
  -5.06588  -2.58975  -2.19454    -5.69214    -9.01549     3.32336
  -4.01325  -2.38037  -2.19454    -5.70155   -10.26788     4.56633
  -4.06665   1.89163  -2.94673    -5.01443    16.53083   -21.54526
  -5.06588   2.15938  -2.94673    -5.81764     7.24702   -13.06466
  -6.06512   1.89163  -2.94673    -6.51920     2.48173    -9.00093
  -6.79661   1.16014  -2.94673    -6.44452    -0.48563    -5.95889
  -7.06435   0.16091  -2.94673    -6.42005    -2.48369    -3.93636
  -6.79661  -0.83833  -2.94673    -6.88566    -3.88913    -2.99654
  -6.06512  -1.56982  -2.94673    -7.39708    -4.88006    -2.51702
  -5.06588  -1.83756  -2.94673    -7.54957    -5.31457    -2.23499
  -4.06665  -1.56982  -2.94673    -8.00577    -4.10900    -3.89677
  -3.33516  -0.83833  -2.94673    -9.18297     1.91162   -11.09460
  -4.01523   0.16091  -3.42967    -8.47389     4.51541   -12.98929
  -4.54056   1.07080  -3.42967    -7.49058     6.44130   -13.93188
  -5.59121   1.07080  -3.42967    -7.51694     2.50434   -10.02127
  -6.11654   0.16091  -3.42967    -7.66315    -0.70149    -6.96165
  -5.59121  -0.74899  -3.42967    -8.14005    -1.92571    -6.21434
  -4.54056  -0.74899  -3.42967    -8.54605    -0.21777    -8.32828
  -5.06588   0.16091  -3.59607    -8.29128     1.79457   -10.08586
  -2.50865   1.12093   2.82903    -4.77409   -25.17755    20.40346
  -3.02168   2.00953   2.64811    -3.92946     2.25929    -6.18876
  -2.78308   3.02967   2.12717    -1.47841    11.64316   -13.12157
  -3.77146   2.57829   2.12717    -3.17143     9.16202   -12.33345
  -2.78022   3.70478   1.32903     1.37613    14.28542   -12.90930
  -3.80769   3.37093   1.32903    -0.16880    14.44113   -14.60993
  -1.70758   2.87504  -2.46910    -2.82693     7.46701   -10.29394
  -1.70758  -0.63317  -2.46910   -12.38892    -1.89482   -10.49410
  -1.48259   1.12093  -2.99004   -11.06801    -1.40040    -9.66761
  -1.99562   2.00953  -2.99004    -6.32718     7.89893   -14.22611
  -3.02168   2.00953  -2.99004    -4.18361    26.51288   -30.69649
  -3.02168   0.23234  -2.99004    -9.16791    12.00004   -21.16795
  -1.99562   0.23234  -2.99004   -11.01781    12.79258   -23.81039
  -2.50865   1.12093  -3.17097    -7.97000     9.80874   -17.77874
  -0.62388   1.90555   2.86474    -1.09061   -13.30226    12.21164
  -1.64994   1.90555   2.86474    -2.85266   -13.35688    10.50422
  -2.16297   1.01696   2.86474    -4.50050   -34.53273    30.03223
  -0.33584   2.77106   2.34379     0.77435    -1.17813     1.95248
  -1.41134   2.92569   2.34379    -0.75929     0.97637    -1.73566
  -1.40848   3.60080   1.54566     1.48218     7.88719    -6.40502
  -0.62388   1.90555  -2.77342   -13.52534    -7.27750    -6.24784
  -1.13691   1.01696  -2.95434   -12.78111    -5.67367    -7.10744
   6.31802  -0.76777   2.80006    12.35378     5.72176     6.63202
   4.75604  -1.66958   2.80006     9.66992     4.39840     5.27152
   5.79736  -1.66958   2.80006    10.76618     5.90075     4.86543
   7.15309  -0.76777   2.13411    11.31400     5.56636     5.74764
   6.85522   0.24669   2.13411    12.67506     4.59350     8.08157
   5.00966  -2.62507   2.13411     8.29819     7.40065     0.89754
   6.05618  -2.47460   2.13411     9.38378     7.19074     2.19304
   6.85522  -1.78223   2.13411    10.37587     6.48149     3.89438
   7.61652  -0.76777   1.17178    10.35328     5.19530     5.15798
   7.38481   0.24744   1.17178    10.99208     3.55611     7.43597
   6.73556   1.06158   1.17178    12.14858     1.18248    10.96611
   5.79736  -3.04893   1.17178     7.96686     9.16050    -1.19364
   6.73556  -2.59712   1.17178     8.93762     7.62391     1.31371
   7.38481  -1.78298   1.17178     9.73518     6.43713     3.29805
   7.61652  -0.76777   0.10368     9.62913     4.74182     4.88731
   7.38481  -1.78298   0.10368     9.09952     6.28037     2.81915
   7.08521   1.19496  -0.30847     9.21560     0.34088     8.87473
   6.43595   2.00910  -0.30847     9.15976    -1.09164    10.25140
   7.31692   0.17975  -1.37658     7.71711     2.16454     5.55257
   7.08521   1.19496  -1.37658     7.34751     0.67114     6.67637
   6.43595   2.00910  -1.37658     6.84676    -0.67474     7.52150
   5.49776   2.46091  -1.37658     5.72791    -1.92293     7.65083
   6.85349   0.17975  -2.33890     5.68022     1.16068     4.51954
   6.55562   1.19420  -2.33890     5.28489    -0.20970     5.49459
   5.75658   1.88658  -2.33890     3.82530    -2.21651     6.04181
   4.71006   2.03705  -2.33890    -0.10730    -6.18465     6.07735
   6.01842   0.17975  -3.00485     2.98946    -0.95713     3.94659
   5.49776   1.08156  -3.00485     1.76205    -3.13091     4.89296
   4.45643   1.08156  -3.00485    -2.84136    -8.32008     5.47871
   5.49776  -0.72206  -3.00485     1.19039    -1.56036     2.75074
   4.97710   0.17975  -3.24253    -1.05798    -5.09600     4.03802
   3.81703  -3.76277  -0.15976     1.43825    12.40980   -10.97155
   4.85836  -3.76277  -0.15976     4.37625    10.86398    -6.48773
   5.79655  -3.31096  -0.15976     6.53300     9.71716    -3.18416
   3.81703  -3.76277  -1.22786    -2.80748     5.96752    -8.77500
   4.85836  -3.76277  -1.22786     2.12224     7.30538    -5.18314
   5.79655  -3.31096  -1.22786     4.78601     7.19670    -2.41068
   4.07066  -3.33890  -2.19018    -5.10730    -0.29381    -4.81349
   5.11718  -3.18844  -2.19018     0.82204     3.33362    -2.51158
   5.91622  -2.49606  -2.19018     3.68285     3.90800    -0.22514
   4.85836  -2.38342  -2.85613    -2.35944    -1.45628    -0.90316
   4.33770  -1.48161  -3.09381    -7.38516    -8.09260     0.70744
   4.24981   0.95014   4.45202     9.78852     4.80056     4.98796
   5.29113   0.95014   4.21435    10.64946     5.36503     5.28444
   4.77047   1.85195   4.21435    10.03513     5.66397     4.37116
   3.72915   1.85195   4.21435     9.51555     5.36070     4.15486
   3.72915   0.04833   4.21435     9.35617     3.44286     5.91331
   4.77047   0.04833   4.21435    10.42293     4.65589     5.76704
   6.12620   0.95014   3.54840    11.43762     5.37744     6.06018
   5.82833   1.96459   3.54840    10.61558     5.62000     4.99558
   5.02929   2.65697   3.54840    10.02572     6.17734     3.84837
   3.98277  -0.90716   3.54840     9.28400     2.78008     6.50392
   5.02929  -0.75669   3.54840    11.13829     4.53430     6.60399
   5.82833  -0.06432   3.54840    11.93523     5.31482     6.62041
   6.58964   0.95014   2.58607    12.24397     4.64464     7.59932
   6.35792   1.96535   2.58607    10.95004     4.72756     6.22248
   5.70867   2.77949   2.58607    10.21523     5.69623     4.51900
   2.56206   1.41933   4.16718     8.15260     2.74618     5.40642
   2.04140   2.32114   3.92951     7.27848     2.80392     4.47457
   1.52074   1.41933   3.92951     6.15587    -1.35659     7.51246
   2.04140   0.51752   3.92951     7.17808    -0.70587     7.88395
   2.29502   3.27662   3.26356     7.23832     5.54253     1.69579
   1.33328   2.83741   3.26356     5.77748     2.43503     3.34245
   0.76167   1.94797   3.26356     3.81024    -4.16265     7.97289
   2.04140   3.70049   2.30123     5.59174     7.26357    -1.67183
   1.10320   3.24868   2.30123     4.40261     4.85193    -0.44932
   0.45395   2.43454   2.30123     2.39834    -1.45873     3.85707
   1.10320   3.24868   1.23313     1.67482     8.44529    -6.77047
   5.94804   3.00951   1.19407     9.18172     3.77990     5.40182
   5.29879   3.82364   1.19407     7.66189     5.28956     2.37233
   4.36059   4.27546   1.19407     6.21987     6.52592    -0.30604
   3.31927   4.27546   1.19407     4.58207     7.99724    -3.41517
   5.94804   3.00951   0.12597     8.07291     1.76412     6.30879
   5.29879   3.82364   0.12597     6.21925     3.64381     2.57544
   4.36059   4.27546   0.12597     4.14156     4.90816    -0.76660
   3.31927   4.27546   0.12597     1.20796     6.19889    -4.99093
   2.38107   3.82364   0.12597    -3.40738     8.38681   -11.79418
   5.41845   3.00875  -0.83636     5.94440     0.13985     5.80455
   4.61941   3.70112  -0.83636     2.72778     1.51380     1.21398
   3.57289   3.85159  -0.83636    -2.13604     1.60003    -3.73607
   4.36059   2.89610  -1.50231    -0.38341    -3.61877     3.23536
   1.04962  -1.18533   3.61530    11.33533    -0.33438    11.66972
   2.09094  -1.18533   3.37763    10.85780     2.90378     7.95402
   0.52896  -2.08714   3.37763    15.03199     4.12801    10.90398
   1.57028  -2.08714   3.37763    14.31914     6.99454     7.32460
   0.78258  -3.04263   2.71168    17.89343    13.25062     4.64282
   1.82910  -2.89216   2.71168    15.46623    12.12774     3.33848
   2.62814  -2.19979   2.71168    11.79090     8.04397     3.74693
   1.57028  -3.46649   1.74935    15.14871    17.57250    -2.42379
   2.50848  -3.01468   1.74935    12.05571    13.58793    -1.53222
   1.57028  -3.46649   0.68125     9.29216    24.27404   -14.98188
   0.04349  -2.25155   3.15782    15.64256     3.79555    11.84700
  -1.51849  -3.15336   3.15782     9.63666    -0.64444    10.28111
  -0.47717  -3.15336   3.15782    12.59223     4.88484     7.70739
  -2.22660  -3.66963   2.49187    10.19577     0.03052    10.16526
  -1.26487  -4.10884   2.49187    11.03162     6.05082     4.98079
  -0.21834  -3.95837   2.49187    13.02835    10.50136     2.52699
   0.58070  -3.26600   2.49187    17.84763    14.60539     3.24224
  -2.45669  -4.08089   1.52954    11.05672     1.63841     9.41830
  -1.51849  -4.53271   1.52954    10.15875     7.80823     2.35052
  -0.47717  -4.53271   1.52954    10.81136    12.55290    -1.74154
   0.46103  -4.08089   1.52954    13.01894    17.19042    -4.17148
  -1.51849  -4.53271   0.46144     7.87336    10.31671    -2.44335
  -0.47717  -4.53271   0.46144     7.69452    15.91118    -8.21666
   0.46103  -4.08089   0.46144     8.11558    22.35774   -14.24216
  -1.26487  -4.10884  -0.50088     3.46762    16.39098   -12.92337
  -0.21834  -3.95837  -0.50088     2.00301    23.38627   -21.38326
  -4.48636  -2.04665   2.82427     1.95093   -12.80524    14.75616
  -3.96570  -2.94846   2.82427     5.33571    -9.23087    14.56658
  -5.24543  -2.57529   2.15832     2.15048   -11.45566    13.60614
  -4.67382  -3.46473   2.15832     5.41101    -8.36159    13.77261
  -3.71208  -3.90394   2.15832     7.68197    -5.42918    13.11115
  -2.66556  -3.75348   2.15832    10.33069    -1.65733    11.98802
  -5.55315  -3.06186   1.19599     2.09212   -11.39168    13.48380
  -4.90390  -3.87600   1.19599     5.19013    -8.31016    13.50030
  -3.96570  -4.32781   1.19599     7.12914    -5.29371    12.42285
  -2.92438  -4.32781   1.19599     9.13152    -1.03798    10.16950
  -4.90390  -3.87600   0.12789     3.70795    -9.61520    13.32315
  -3.96570  -4.32781   0.12789     5.46435    -6.25243    11.71678
  -2.92438  -4.32781   0.12789     6.68235    -1.32601     8.00836
  -4.67382  -3.46473  -0.83443     0.97327   -12.12523    13.09850
  -3.71208  -3.90394  -0.83443     2.59350    -7.93255    10.52605
  -3.20553   3.91700   0.99308     2.01619    17.08140   -15.06522
  -4.16727   3.47779   0.99308    -0.04832    15.72024   -15.76855
  -2.41783   4.34087   0.03076     3.94264    15.88802   -11.94537
  -3.45915   4.34087   0.03076     3.11809    18.54900   -15.43090
  -4.39735   3.88905   0.03076     1.21298    17.33869   -16.12572
  -1.47963   3.88905  -1.03734     3.47578    12.08954    -8.61376
  -2.41783   4.34087  -1.03734     3.55359    14.24507   -10.69148
  -3.45915   4.34087  -1.03734     3.15386    16.12462   -12.97076
  -4.39735   3.88905  -1.03734     1.47716    15.21260   -13.73545
  -2.15901   3.76653  -1.99967     1.41127    11.61233   -10.20107
  -3.20553   3.91700  -1.99967     2.01556    14.30789   -12.29233
  -4.16727   3.47779  -1.99967     0.61872    14.36639   -13.74766
  -2.41783   2.96151  -2.66562    -1.38052    13.65732   -15.03784
  -3.45915   2.96151  -2.66562    -0.69465    18.32689   -19.02154
   0.28752   3.57809   1.37806     2.21323     7.39986    -5.18664
  -0.75900   3.72856   1.37806     2.25527     7.92886    -5.67360
   0.96689   3.70061   0.41574    -1.94967     7.77647    -9.72614
   0.02870   4.15242   0.41574     1.24184     8.70475    -7.46291
  -1.01262   4.15242   0.41574     3.12186    10.87620    -7.75434
   0.02870   4.15242  -0.65237    -1.51857     6.56063    -8.07920
  -1.01262   4.15242  -0.65237     2.31990    10.51823    -8.19833
  -0.75900   3.72856  -1.61469    -1.76330     6.24548    -8.00879
