 1268     6       300485.1141981989     5179.2691947447
   4.28945  -2.36066   0.89816     7.12600    16.86098    -9.73498
   5.74121  -2.28879  -0.15184    11.93460    15.23718    -3.30258
   6.07822  -1.54376  -1.20184    12.01241     8.88717     3.12524
   2.79443  -0.98915   2.31885     2.12349    -4.04536     6.16885
   3.84443  -0.98915   2.31885     4.05371    -4.96493     9.01864
   3.06061  -1.87996   1.55020     1.54869     3.02023    -1.47154
   4.07492  -1.73413   1.55020     3.73870     1.29371     2.44499
   2.97646   0.24417   3.09884     9.74146     0.43192     9.30954
   4.25695   2.80780   2.33019    14.28023     9.91353     4.36670
   3.24263   2.95364   2.33019    13.04027    10.77368     2.26660
   3.56675   0.96538  -2.02415    -2.97251   -18.14047    15.16795
   0.11745   0.46945  -2.02415   -19.45781   -28.12324     8.66542
   0.11745  -0.60986  -2.02415   -14.97426   -27.53689    12.56263
   3.01836  -0.07021  -2.70397   -18.38164   -25.40443     7.02280
   0.89233  -0.07021  -2.70397   -26.40121   -29.44661     3.04541
   1.95534  -0.07021  -2.94660   -30.24533   -32.24559     2.00026
   1.18551   2.09466   0.62543    -4.73770    -4.54477    -0.19293
   2.20003   2.86029  -0.09198   -16.07742    20.38288   -36.46030
   1.15098   2.86029  -0.09198   -14.42142    -1.03386   -13.38757
   3.37292   2.22596  -1.07198   -11.85616   -12.32521     0.46905
   2.65551   2.94337  -1.07198   -21.18660   -11.41014    -9.77646
   1.67551   3.20596  -1.07198   -22.35503   -14.88894    -7.46608
   0.69551   2.94337  -1.07198   -17.36131    -9.91168    -7.44962
   3.37292   1.24596  -2.05198   -11.91766   -22.71002    10.79236
   3.04874   2.24367  -2.05198   -23.72174   -24.50712     0.78538
   2.20003   2.86029  -2.05198   -26.61393   -25.18750    -1.42643
   1.15098   2.86029  -2.05198   -25.83770   -24.16107    -1.67663
   0.30227   2.24367  -2.05198   -25.03763   -20.84362    -4.19401
  -0.02190   1.24596  -2.05198   -25.59800   -24.65564    -0.94235
   2.65551   1.24596  -2.76939   -26.93836   -29.38642     2.44807
   2.16551   2.09466  -2.76939   -30.30808   -30.12217    -0.18591
   1.18551   2.09466  -2.76939   -30.90233   -29.76837    -1.13396
   0.69551   1.24596  -2.76939   -31.65472   -30.25271    -1.40201
   1.67551   1.24596  -3.03198   -32.63865   -32.00207    -0.63659
   0.68693  -2.23849  -0.38815    -2.14357    38.29245   -40.43602
   1.53563  -2.85511  -0.38815   -11.85805   127.43784  -139.29588
   2.58469  -2.85511  -0.38815   -13.46698     8.62814   -22.09512
   0.36275  -2.22078  -1.36815   -21.36356     4.31933   -25.68289
   1.08016  -2.93819  -1.36815   -23.56926    15.23786   -38.80712
   2.06016  -3.20078  -1.36815   -23.13063    -0.62630   -22.50433
   3.04016  -2.93819  -1.36815   -18.91314    -5.15895   -13.75419
   3.75757  -1.24078  -2.34815   -16.05734   -17.28161     1.22427
   0.36275  -1.24078  -2.34815   -27.45605   -26.19945    -1.25660
   0.68693  -2.23849  -2.34815   -29.96672   -18.18711   -11.77961
   1.53563  -2.85511  -2.34815   -28.19714   -17.39752   -10.79962
   2.58469  -2.85511  -2.34815   -25.58921   -19.47731    -6.11190
   3.43339  -2.23849  -2.34815   -21.25563   -17.58924    -3.66639
   3.04016  -1.24078  -3.06556   -27.93421   -27.13110    -0.80311
   2.55016  -0.39207  -3.06556   -28.73868   -29.90342     1.16474
   1.57016  -0.39207  -3.06556   -32.43346   -31.91143    -0.52203
   1.08016  -1.24078  -3.06556   -33.34272   -29.53862    -3.80410
   1.57016  -2.08948  -3.06556   -31.75888   -27.28925    -4.46963
   2.55016  -2.08948  -3.06556   -29.28148   -27.00509    -2.27638
   2.06016  -1.24078  -3.32815   -32.90534   -30.51010    -2.39524
   0.81176  -0.30969   2.85352     5.29932   -13.44378    18.74310
   1.86176  -0.30969   2.57218     5.75803    -6.54190    12.29992
   0.28676   0.59963   2.57218    -4.56513   -28.76635    24.20122
  -0.23824  -0.30969   2.57218     5.39156   -38.65239    44.04395
   0.55294   1.49045   1.80352    -4.42394   -18.23386    13.80992
   0.55294  -2.10984  -0.29648     3.81714    26.79689   -22.97975
  -0.58465  -0.19950   2.56716     2.13604   -55.82649    57.96253
  -1.10965   0.70983   2.28581    -5.65512   -72.26162    66.60650
   0.17084  -1.85381  -0.58284     0.06714    10.70301   -10.63587
  -0.58465  -0.19950  -1.63284   -11.03036   -43.12519    32.09483
  -1.42141  -1.30120   2.77993     2.83195   -36.05799    38.88994
  -0.37141  -1.30120   2.49858    16.64281   -13.44832    30.09113
  -1.94641  -0.39188   2.49858    -5.87349  -122.28992   116.41643
  -1.94641  -2.21053   2.49858     8.23983    -9.36824    17.60807
  -1.68023  -3.10135  -0.37007     4.62600    26.89497   -22.26897
   0.10854  -2.28444  -0.37007     3.37224    38.70706   -35.33482
  -1.94641  -2.21053  -1.13873    -8.52283    14.45806   -22.98089
  -0.89641  -2.21053  -1.13873    -8.85290   134.48197  -143.33488
  -1.42141  -1.30120  -1.42007   -12.94929   -39.53961    26.59032
  -2.79775  -1.19356   2.58996    -2.40022   -32.14539    29.74516
  -2.27276  -0.28423   2.30861    -7.28413  -115.33003   108.04590
  -3.32276  -0.28423   2.30861    -6.53488   -30.44701    23.91212
  -3.84775  -1.19356   2.30861    -0.41227   -21.71209    21.29981
  -3.32276  -2.10288  -1.32869    -4.55760   -26.54024    21.98264
  -2.27276  -2.10288  -1.32869    -8.80647    -4.56643    -4.24004
  -2.79775  -1.19356  -1.61004   -10.97389   -14.93948     3.96560
  -3.33180   0.01864   2.15859    -7.44603   -28.72747    21.28144
  -3.85680   0.92796   1.87725    -6.60768    -8.82163     2.21396
  -2.80680  -0.89069  -1.76006   -11.33345    -9.10366    -2.22979
  -3.33180   0.01864  -2.04141    -9.14532   -13.26569     4.12037
  -5.06588   0.16091   2.18393    -9.80044   -12.25082     2.45038
  -4.54956   1.05520   1.94823    -8.54982    -3.10897    -5.44084
  -5.58221   1.05520   1.94823   -12.28036    -4.66419    -7.61618
  -6.09853   0.16091   1.94823   -12.05885   -10.29682    -1.76203
  -5.58221  -0.73339   1.94823    -9.58207   -15.13794     5.55587
  -4.54956  -0.73339   1.94823    -3.65148   -20.43989    16.78841
  -4.49088   1.93059   1.28783    -6.60203    21.88799   -28.49002
  -5.64089   1.93059   1.28783   -11.74259     3.56598   -15.30857
  -6.57127   1.25464   1.28783   -10.60993    -5.13948    -5.47045
  -6.92664   0.16091   1.28783    -8.84475    -9.59403     0.74928
  -6.57127  -0.93282   1.28783    -9.83621   -13.11598     3.27976
  -5.64089  -1.60878   1.28783    -6.52547   -17.77290    11.24743
  -4.78620   2.46432   0.33353    -5.12362    16.80339   -21.92701
  -5.88868   2.33045   0.33353   -10.55722     3.44850   -14.00572
  -6.80268   1.69957   0.33353    -7.80371    -3.60760    -4.19611
  -7.31879   0.71620   0.33353    -4.06250    -7.57378     3.51129
  -7.31879  -0.39438   0.33353    -4.65236   -10.40160     5.74925
  -6.80268  -1.37775   0.33353    -8.21661   -13.20854     4.99193
  -5.88868  -2.00864   0.33353    -7.50313   -17.49861     9.99548
  -4.78620   2.46432  -0.72567    -3.44252    11.41887   -14.86138
  -5.88868   2.33045  -0.72567    -9.77785     2.31490   -12.09275
  -6.80268   1.69957  -0.72567    -6.49033    -3.30256    -3.18777
  -7.31879   0.71620  -0.72567    -2.45356    -6.84623     4.39267
  -7.31879  -0.39438  -0.72567    -3.38165    -9.45513     6.07348
  -6.80268  -1.37775  -0.72567    -8.07667   -12.01531     3.93863
  -5.88868  -2.00864  -0.72567    -9.81362   -15.92384     6.11022
  -4.78620  -2.14250  -0.72567    -3.23356   -25.98412    22.75056
  -4.49088   1.93059  -1.67998    -4.78288    10.33778   -15.12066
  -5.64089   1.93059  -1.67998   -10.65574     2.44653   -13.10227
  -6.57127   1.25464  -1.67998    -8.00577    -3.10048    -4.90529
  -6.92664   0.16091  -1.67998    -6.09751    -6.62734     0.52983
  -6.57127  -0.93282  -1.67998    -9.58646    -9.27145    -0.31501
  -5.64089  -1.60878  -1.67998   -12.29919   -12.23521    -0.06398
  -4.49088  -1.60878  -1.67998    -9.29906   -16.60951     7.31044
  -4.03324   0.16091  -2.34038   -10.68962    17.56499   -28.25462
  -4.54956   1.05520  -2.34038   -10.89356    11.54759   -22.44115
  -5.58221   1.05520  -2.34038   -12.61733     1.94551   -14.56284
  -6.09853   0.16091  -2.34038   -11.88440    -3.37739    -8.50701
  -5.58221  -0.73339  -2.34038   -13.81337    -5.35357    -8.45980
  -4.54956  -0.73339  -2.34038   -12.77358    -1.14114   -11.63244
  -5.06588   0.16091  -2.57607   -13.99660     4.25685   -18.25344
  -2.50865   1.12093   1.92903    -8.66967   -24.76041    16.09074
  -3.03365   2.03026   1.64769    -4.98619    93.39269   -98.37888
  -1.98365   2.03026  -1.98962    -1.92457     3.41054    -5.33511
  -3.55865   1.12093  -1.98962    -3.87048   -24.43573    20.56525
  -1.98365   0.21161  -1.98962   -13.33081    12.44229   -25.77310
  -2.50865   1.12093  -2.27097    -7.79555    -6.51870    -1.27685
  -1.13691   1.01696   2.14566    -6.60642   -53.83981    47.23339
  -0.61191   1.92629   1.86431    -2.60605   -13.24012    10.63407
  -1.66191   1.92629   1.86431    -6.22238   -10.42333     4.20094
  -1.39573   2.81710   1.09566     2.28790     6.02760    -3.73970
  -0.61191   0.10763  -1.77299   -13.21159   -32.08396    18.87237
  -1.13691   1.01696  -2.05434   -13.81023   -15.89005     2.07983
   5.27670  -0.76777   2.31773    17.74471     6.21190    11.53281
   6.26418  -0.76777   1.99688    17.38766     8.55142     8.83624
   4.47781  -1.34820   1.99688    10.02697     1.20059     8.82639
   5.58185  -1.70692   1.99688    14.49421     9.36140     5.13281
   6.87447  -0.76777   1.15688    15.81512     8.58120     7.23392
   6.50067   0.25926   1.15688    16.35917     3.67005    12.68913
   5.55415  -2.34127   1.15688    11.77145    12.77114    -0.99969
   6.50067  -1.79480   1.15688    14.51869    11.04128     3.47741
   6.87447  -0.76777   0.11858    14.23254     7.83028     6.40226
   6.50067   0.25926   0.11858    14.30031     1.30280    12.99751
   6.50067  -1.79480   0.11858    13.30571    11.29474     2.01097
   6.57487   0.17975  -0.32338    13.52346     2.67709    10.84636
   6.20106   1.20678  -0.32338    12.84198    -3.42095    16.26293
   5.25455   1.75325  -0.32338    14.70820    -8.28724    22.99544
   6.57487   0.17975  -1.36167    11.45017     4.06779     7.38238
   6.20106   1.20678  -1.36167    11.32529     1.00148    10.32382
   5.25455   1.75325  -1.36167    10.10541    -2.85828    12.96369
   4.17821   1.56346  -1.36167     6.21611   -10.62364    16.83975
   5.96457   0.17975  -2.20167     8.81212     2.85007     5.96205
   5.28224   1.11890  -2.20167     7.58722    -1.30715     8.89437
   4.17821   0.76018  -2.20167     2.92043    -9.43231    12.35274
   5.28224  -0.75940  -2.20167     6.10943     2.90564     3.20380
   4.97710   0.17975  -2.52252     4.42331    -1.89533     6.31864
   3.53881  -2.86532  -0.17466     1.27573    30.61567   -29.33994
   4.61515  -3.05511  -0.17466     7.68385    20.72724   -13.04339
   5.56166  -2.50864  -0.17466    10.85654    16.04277    -5.18623
   3.53881  -2.86532  -1.21296    -7.41842     7.54088   -14.95929
   4.61515  -3.05511  -1.21296     5.55283    13.52371    -7.97088
   5.56166  -2.50864  -1.21296     9.45782    12.21921    -2.76139
   5.32518  -1.48161  -2.05296     6.62650     5.67607     0.95043
   4.64284  -2.42075  -2.05296     2.21762     5.21170    -2.99409
   4.33770  -1.48161  -2.37381    -3.79267    -4.08961     0.29694
   4.24981   0.95014   3.73202    14.34236     8.15019     6.19217
   5.23729   0.95014   3.41117    16.50538     8.88801     7.61737
   4.55496   1.88929   3.41117    14.74396     9.48767     5.25630
   3.45092   1.53056   3.41117    13.23167     8.48596     4.74571
   3.45092   0.36971   3.41117    11.62210     4.31064     7.31147
   4.55496   0.01099   3.41117    15.06839     6.66397     8.40442
   5.84758   0.95014   2.57117    17.43849     7.58173     9.85676
   5.47377   1.97717   2.57117    15.24974     8.49970     6.75003
   4.52726   2.52364   2.57117    15.02509     9.99561     5.02947
   4.52726  -0.62336   2.57117    14.52998     2.10341    12.42657
   5.47377  -0.07689   2.57117    19.08005     7.19464    11.88542
   5.84758   0.95014   1.53287    17.86896     1.00056    16.86840
   5.47377   1.97717   1.53287    14.53563     4.64534     9.89029
   2.56206   1.41933   3.44718    11.35604     4.93438     6.42166
   2.86721   2.35848   3.12633    12.78049     8.53920     4.24129
   1.76317   1.99975   3.12633    10.66201     3.15919     7.50283
   1.76317   0.83890   3.12633     7.82379    -3.02414    10.84793
   2.83951   2.99283   2.28633    11.94653    10.95006     0.99647
   1.76317   2.80304   2.28633     9.68937     7.36017     2.32920
   1.06064   1.96580   2.28633     6.12826    -2.94550     9.07376
   1.76317   2.80304   1.24804     4.26393    11.27102    -7.00710
   1.06064   1.96580   1.24804     2.36132    -4.79270     7.15402
   5.43770   1.99429   1.17917    14.20431     2.25490    11.94941
   5.06389   3.02132   1.17917    12.24710     7.83656     4.41055
   4.11738   3.56779   1.17917    10.49949    10.60780    -0.10831
   3.04104   3.37801   1.17917     7.52070    14.13700    -6.61629
   5.43770   1.99429   0.14087    13.62637    -3.96911    17.59548
   5.06389   3.02132   0.14087    11.14143     5.10387     6.03756
   4.11738   3.56779   0.14087     7.93674     8.47528    -0.53854
   3.04104   3.37801   0.14087     0.98958    13.46689   -12.47731
   4.82741   1.99429  -0.69913    12.23895    -4.58840    16.82734
   4.14507   2.93344  -0.69913     4.85128     2.29978     2.55150
   3.83993   1.99429  -1.01998     1.38052    -9.16504    10.54556
   1.04962  -1.18533   2.89530    19.52747     4.43605    15.09141
   2.03710  -1.18533   2.57445    16.53739     6.45450    10.08289
   0.25073  -1.76576   2.57445    26.44262     9.71981    16.72282
   1.35476  -2.12448   2.57445    27.08080    17.82936     9.25144
   1.32707  -2.75883   1.73445    28.80018    27.16061     1.63957
   2.27358  -2.21236   1.73445    21.35917    17.06259     4.29658
   1.32707  -2.75883   0.69615    21.03851    36.63374   -15.59523
   2.27358  -2.21236   0.69615    16.62398    10.05535     6.56863
  -0.99783  -2.25155   2.67549    13.67594     0.45504    13.22091
  -0.01035  -2.25155   2.35464    26.73504    16.66130    10.07374
  -1.79671  -2.83197   2.35464    13.67782     3.11247    10.56536
  -0.69268  -3.19069   2.35464    18.91314    15.27173     3.64141
  -1.79671  -3.63526   1.51464    16.78211    12.10900     4.67312
  -0.72038  -3.82505   1.51464    18.27684    21.42943    -3.15259
   0.22614  -3.27858   1.51464    23.82842    28.92419    -5.09577
  -1.79671  -3.63526   0.47634    13.68724    15.69237    -2.00513
  -0.72038  -3.82505   0.47634    13.69037    27.76365   -14.07328
   0.22614  -3.27858   0.47634    16.01592    39.11584   -23.09991
  -0.69268  -3.19069  -0.36366     4.92469    46.41263   -41.48793
  -3.44504  -2.04665   2.34194     5.98205   -16.54233    22.52438
  -4.24393  -1.46622   2.02109     2.76104   -20.57667    23.33771
  -4.24393  -2.62707   2.02109     9.43586   -12.33335    21.76921
  -3.13989  -2.98580   2.02109    12.81437    -7.42970    20.24407
  -4.94646  -2.59312   1.18109     7.63052   -15.63014    23.26065
  -4.24393  -3.43036   1.18109    12.45230    -9.71004    22.16234
  -3.16759  -3.62015   1.18109    14.70380    -4.52115    19.22495
  -4.94646  -2.59312   0.14279     4.90461   -20.78115    25.68577
  -4.24393  -3.43036   0.14279    10.11671   -13.57358    23.69028
  -3.16759  -3.62015   0.14279    11.28388    -7.97248    19.25635
  -4.24393  -2.62707  -0.69721     3.34337   -26.27202    29.61539
  -3.13989  -2.98580  -0.69721     3.91754   -19.25328    23.17083
  -2.63334   2.99885   0.85585     4.01167    18.52813   -14.51646
  -3.73738   2.64013   0.85585     1.93900     9.13631    -7.19731
  -1.71452   3.08673   0.01585    11.72815    14.27803    -2.54987
  -2.66104   3.63320   0.01585     8.96209    28.96170   -19.99961
  -3.73738   3.44342   0.01585     7.35190    42.63816   -35.28626
  -4.43991   2.60617   0.01585     1.42570    20.09679   -18.67108
  -1.71452   3.08673  -1.02244     9.50049    12.76559    -3.26510
  -2.66104   3.63320  -1.02244     9.53689    21.90542   -12.36853
  -3.73738   3.44342  -1.02244     8.40549    25.94137   -17.53588
  -4.43991   2.60617  -1.02244     2.46046    16.14705   -13.68659
  -2.63334   2.99885  -1.86244     5.98268    19.05034   -13.06767
  -3.73738   2.64013  -1.86244     4.55697    24.48115   -19.92418
  -3.73738   1.47928  -1.86244    -1.01657    11.46107   -12.47763
  -2.93849   2.05970  -2.18330     0.58233    77.96985   -77.38752
   0.49551   1.87126   1.24083     1.14583    -6.00036     7.14619
  -0.18682   2.81041   1.24083     4.01104     7.10312    -3.09208
   0.73200   2.89829   0.40083    -0.78690     8.59454    -9.38144
  -0.21451   3.44476   0.40083     5.75928    12.45460    -6.69532
  -1.29085   3.25498   0.40083     7.72464    12.99335    -5.26871
  -0.21451   3.44476  -0.63746     2.70331    10.10462    -7.40131
  -1.29085   3.25498  -0.63746     9.06312    13.68219    -4.61907
  -0.18682   2.81041  -1.47746    -6.58697     0.86618    -7.45314
  -0.49196   1.87126  -1.79832   -12.96121    -8.01599    -4.94521
   4.28124  -2.41782   1.34453     6.56187    11.04455    -4.48268
   6.00713   1.26883   0.38221    13.56801    -7.52013    21.08814
   6.88810  -0.56052  -0.68589    11.50852     5.43160     6.07692
   6.65639  -1.57573  -0.68589    10.95883     8.09976     2.85907
   6.12680  -1.57498  -1.64822     8.61069     6.77332     1.83736
   2.79877  -0.98163   2.66253     5.97326    -1.47004     7.44330
   3.84009  -0.98163   2.66253     6.93900    -1.30261     8.24161
   3.05239  -1.93712   1.99658     5.66076     4.60180     1.05896
   4.09891  -1.78665   1.99658     5.42419     2.40521     3.01898
   2.79877  -2.36098   1.03425     8.12311    11.60613    -3.48302
   2.98079   0.25169   3.44251     9.32354     1.54233     7.78121
   4.28094   2.86033   2.77656    12.22263     8.48970     3.73293
   3.23442   3.01079   2.77656    11.10943     8.59193     2.51750
   2.27268  -0.26459   2.77656     6.67670    -4.56829    11.24499
   2.98079   3.43466   1.81424     8.49397    10.72851    -2.23455
   2.04260   2.98285   0.74614    -1.39872    16.84225   -18.24097
   2.75473  -2.53046   0.57491     4.86696    13.83335    -8.96638
   3.93524  -0.07021  -2.47650    -3.73682   -12.69517     8.95835
   3.66998   0.91974  -2.47650    -6.63466   -16.15104     9.51639
  -0.02456  -0.07021  -2.47650   -17.95367   -23.73193     5.77826
   3.02686  -0.07021  -3.08346   -18.93259   -22.63192     3.69933
   0.88383  -0.07021  -3.08346   -25.45806   -25.83285     0.37479
   1.95534  -0.07021  -3.29660   -26.87372   -27.28013     0.40641
   1.13432   2.91155   0.32464    -6.79907     4.98046   -11.77952
   1.93874   3.41387  -0.57353   -14.71071    -2.59183   -12.11888
   0.90111   3.28788  -0.57353   -11.28011    -2.14932    -9.13079
   3.60920   2.26084  -1.57043   -10.16754   -13.88387     3.71633
   2.91607   3.04322  -1.57043   -16.96221   -13.38739    -3.57482
   1.93874   3.41387  -1.57043   -18.80207   -14.25824    -4.54383
   0.90111   3.28788  -1.57043   -17.11093   -12.26133    -4.84959
   3.09234   2.27535  -2.46860   -19.42707   -20.63356     1.20649
   2.21669   2.91155  -2.46860   -22.04002   -20.85049    -1.18953
   1.13432   2.91155  -2.46860   -21.98856   -19.82456    -2.16400
   0.25867   2.27535  -2.46860   -21.72626   -18.04738    -3.67889
  -0.07580   1.24596  -2.46860   -22.68447   -21.19000    -1.49447
   2.64741   1.24596  -3.09015   -22.81813   -24.64253     1.82441
   2.16146   2.08765  -3.09015   -24.71509   -24.32455    -0.39054
   1.18956   2.08765  -3.09015   -25.54779   -23.90899    -1.63880
   0.70361   1.24596  -3.09015   -26.40623   -24.76932    -1.63691
   1.67551   1.24596  -3.31198   -26.86745   -26.22127    -0.64618
   1.51898  -2.90636   0.02847     0.70030    65.60320   -64.90290
   2.60134  -2.90636   0.02847    -3.87550    15.03945   -18.91495
   0.42553  -2.68893  -0.86970   -10.43172    37.93277   -48.36448
   1.28576  -3.28270  -0.86970   -13.38227    43.35455   -56.73682
   2.32339  -3.40869  -0.86970   -13.83784    10.07891   -23.91675
  -0.06022  -1.76340  -1.86660   -19.25136   -11.79939    -7.45197
   0.42553  -2.68893  -1.86660   -20.56851     2.04999   -22.61850
   1.28576  -3.28270  -1.86660   -20.27922     0.29902   -20.57824
   2.32339  -3.40869  -1.86660   -18.88302    -5.71258   -13.17044
   3.30072  -3.03804  -1.86660   -14.72639    -5.68942    -9.03697
   3.81146  -1.24078  -2.76477   -14.79918   -15.36276     0.56358
   0.30886  -1.24078  -2.76477   -24.68622   -22.09641    -2.58982
   0.64333  -2.27017  -2.76477   -25.11042   -15.89277    -9.21765
   1.51898  -2.90636  -2.76477   -23.59498   -14.96294    -8.63204
   2.60134  -2.90636  -2.76477   -21.38803   -15.94055    -5.44749
   3.47699  -2.27017  -2.76477   -18.07290   -15.03704    -3.03586
   3.03206  -1.24078  -3.38632   -22.92794   -22.01548    -0.91246
   2.54611  -0.39909  -3.38632   -24.67556   -25.05603     0.38047
   1.57421  -0.39909  -3.38632   -27.81310   -26.71875    -1.09435
   1.08826  -1.24078  -3.38632   -27.60665   -24.07801    -3.52864
   1.57421  -2.08247  -3.38632   -26.24182   -21.78317    -4.45865
   2.54611  -2.08247  -3.38632   -24.19426   -21.42666    -2.76759
   2.06016  -1.24078  -3.60815   -26.84423   -24.50761    -2.33662
   0.81176  -0.30969   3.15352     6.15085   -11.29049    17.44134
   1.85308  -0.30969   2.91585     7.00803    -4.51319    11.52122
   0.29110   0.59212   2.91585    -1.11571   -23.26881    22.15309
  -0.22956  -0.30969   2.91585     4.46097   -31.69239    36.15336
   0.54472   1.54760   2.24990    -1.54556   -14.69196    13.14640
  -0.58465  -0.19950   2.86716     1.99611   -45.27011    47.26621
  -1.10531   0.70231   2.62949    -4.10140   -58.76185    54.66045
  -1.10531  -1.10131  -1.69516   -13.14193   -44.31492    31.17299
  -1.42141  -1.30120   3.07993     3.29380   -30.13330    33.42709
  -0.38009  -1.30120   2.84225    12.60102   -14.50356    27.10458
  -0.90075  -0.39939   2.84225     1.22176   -56.42327    57.64503
  -1.94207  -0.39939   2.84225    -3.78263   -75.88957    72.10695
  -1.94207  -2.20302   2.84225     6.68988   -11.05337    17.74325
  -1.68845  -3.15850  -0.81645    -0.19390    24.70685   -24.90075
  -0.64193  -3.00803  -0.81645    -1.86935    52.70346   -54.57281
   0.15711  -2.31566  -0.81645    -7.82504    31.47855   -39.30360
  -0.90075  -2.20302  -1.48240   -10.58169    46.82644   -57.40814
  -1.42141  -1.30120  -1.72007   -12.85641   -24.60473    11.74831
  -2.79775  -1.19356   2.88996    -1.44955   -29.18626    27.73671
  -3.31842  -0.29175   2.65229    -5.26731   -29.49675    24.22944
  -3.83908  -1.19356   2.65229    -0.97703   -19.83016    18.85313
  -3.31842  -2.09537   2.65229     4.40010   -15.25302    19.65311
  -2.27709  -3.47472  -0.04409     8.77509     4.49444     4.28065
  -3.06479  -3.05085  -1.00641     0.69779   -13.28257    13.98036
  -3.31842  -2.09537  -1.67236    -6.10943   -17.48097    11.37154
  -2.27709  -2.09537  -1.67236    -8.97276    -3.69464    -5.27812
  -2.81114   0.92045   2.22092    -7.60542   -27.11701    19.51159
  -3.85246   0.92045   2.22092    -6.71498   -10.15882     3.44384
  -2.81114  -0.88317  -2.10373   -10.97200    -0.89240   -10.07960
  -3.33180   0.01864  -2.34141    -9.76091     0.92720   -10.68811
  -5.06588   0.16091   2.52393    -7.70895   -11.23309     3.52413
  -4.54543   1.06235   2.31688    -7.45105    -5.31321    -2.13784
  -5.58633   1.06235   2.31688    -9.39884    -4.91248    -4.48635
  -6.10678   0.16091   2.31688    -9.24761    -9.01332    -0.23429
  -5.58633  -0.74054   2.31688    -7.09337   -13.09347     6.00010
  -4.54543  -0.74054   2.31688    -3.91817   -17.88293    13.96476
  -4.10422   1.82656   1.72726    -5.64382     7.36309   -13.00691
  -5.06588   2.08424   1.72726    -7.94615     6.22218   -14.16833
  -6.02755   1.82656   1.72726    -9.46724    -0.61510    -8.85213
  -6.73154   1.12257   1.72726    -8.87800    -5.13948    -3.73852
  -6.98921   0.16091   1.72726    -8.13441    -8.17214     0.03773
  -6.73154  -0.80076   1.72726    -7.97314   -10.72170     2.74856
  -6.02755  -1.50474   1.72726    -6.22615   -13.58403     7.35788
  -5.06588  -1.76242   1.72726     0.17131   -17.57645    17.74776
  -4.28934   2.55087   0.84483    -1.70306    15.72131   -17.42437
  -5.32856   2.66009   0.84483    -7.11659     9.09143   -16.20802
  -6.32236   2.33719   0.84483    -8.53789     1.06904    -9.60694
  -7.09890   1.63798   0.84483    -7.09964    -3.56019    -3.53945
  -7.52392   0.68338   0.84483    -5.53338    -6.51180     0.97843
  -7.52392  -0.36156   0.84483    -5.61433    -8.74951     3.13518
  -7.09890  -1.31617   0.84483    -6.72878   -10.87798     4.14919
  -6.32236  -2.01537   0.84483    -6.00903   -13.53412     7.52509
  -4.81491   2.86930  -0.19607    -2.08208    15.07336   -17.15544
  -5.81025   2.77707  -0.19607    -7.30735     5.17937   -12.48672
  -6.70505   2.33152  -0.19607    -7.22201    -0.29137    -6.93064
  -7.37848   1.59280  -0.19607    -5.07090    -3.73420    -1.33671
  -7.73957   0.66071  -0.19607    -3.46385    -6.13269     2.66884
  -7.73957  -0.33889  -0.19607    -3.81526    -8.02968     4.21443
  -7.37848  -1.27099  -0.19607    -5.68837    -9.81833     4.12996
  -6.70505  -2.00970  -0.19607    -7.00677   -11.95774     4.95097
  -5.81025  -2.45526  -0.19607    -4.96297   -15.37394    10.41097
  -5.32856   2.66009  -1.23697    -6.05798     7.11317   -13.17115
  -6.32236   2.33719  -1.23697    -7.62989     1.14535    -8.77523
  -7.09890   1.63798  -1.23697    -5.79505    -2.61863    -3.17642
  -7.52392   0.68338  -1.23697    -4.09575    -5.19958     1.10383
  -7.52392  -0.36156  -1.23697    -4.59086    -7.18069     2.58983
  -7.09890  -1.31617  -1.23697    -6.83672    -9.00775     2.17104
  -6.32236  -2.01537  -1.23697    -8.36847   -11.24230     2.87383
  -5.32856  -2.33828  -1.23697    -6.81726   -15.08786     8.27059
  -4.28934  -2.22905  -1.23697    -3.38981   -23.56523    20.17543
  -4.10422   1.82656  -2.11940    -3.51468    19.51630   -23.03098
  -5.06588   2.08424  -2.11940    -7.47615     7.45301   -14.92915
  -6.02755   1.82656  -2.11940    -8.76380     1.53396   -10.29775
  -6.73154   1.12257  -2.11940    -7.57780    -2.19788    -5.37993
  -6.98921   0.16091  -2.11940    -7.04944    -4.71862    -2.33083
  -6.73154  -0.80076  -2.11940    -8.45820    -6.60264    -1.85556
  -6.02755  -1.50474  -2.11940   -10.06023    -8.29411    -1.76612
  -5.06588  -1.76242  -2.11940    -9.75966   -10.06762     0.30796
  -4.10422  -1.50474  -2.11940    -8.86671   -10.52707     1.66036
  -4.02499   0.16091  -2.70903   -10.17883     8.44579   -18.62462
  -4.54543   1.06235  -2.70903    -9.50614     9.58047   -19.08661
  -5.58633   1.06235  -2.70903   -10.39344     2.57676   -12.97020
  -6.10678   0.16091  -2.70903   -10.29680    -1.95981    -8.33700
  -5.58633  -0.74054  -2.70903   -11.33282    -3.58551    -7.74731
  -4.54543  -0.74054  -2.70903   -11.11006    -0.43425   -10.67581
  -5.06588   0.16091  -2.91607   -11.46146     3.17133   -14.63279
  -2.50865   1.12093   2.22903    -7.44164   -27.21031    19.76868
  -3.02931   2.02275   1.99136    -5.08534    33.22801   -38.31335
  -2.77569   2.97823   1.32541     0.28489    17.91475   -17.62986
  -3.73743   2.53902   1.32541    -1.70683     9.43455   -11.14137
  -1.72917  -0.58589  -1.66734   -12.42845   -24.90700    12.47855
  -1.46733   1.12093  -2.33329   -12.01743    -8.61491    -3.40253
  -1.98799   2.02275  -2.33329    -4.36307     6.78009   -11.14317
  -3.54997   1.12093  -2.33329    -6.00527     3.79707    -9.80234
  -3.02931   0.21912  -2.33329    -9.94854     6.99127   -16.93980
  -1.98799   0.21912  -2.33329   -12.59725    34.06257   -46.65982
  -2.50865   1.12093  -2.57097    -8.08420     6.71096   -14.79517
  -0.61625   1.91877   2.20798    -2.53200   -15.01888    12.48688
  -1.65757   1.91877   2.20798    -5.11922   -12.54460     7.42538
  -2.17823   1.01696   2.20798    -7.55521   -45.29032    37.73511
  -1.40395   2.87426   1.54203    -0.04142     3.76125    -3.80267
  -1.65757   3.29812   0.57971     5.80007    12.04576    -6.24569
  -0.61625   1.91877  -2.11667   -13.08608    -8.84077    -4.24531
  -0.61625   0.11515  -2.11667   -15.02446   -25.00420     9.97974
  -1.13691   1.01696  -2.35434   -13.73681   -11.73528    -2.00153
   5.27670  -0.76777   2.55773    15.76241     5.81791     9.94450
   6.23670  -0.76777   2.30050    15.21020     7.31434     7.89587
   4.79670  -1.59916   2.30050    10.91616     5.04163     5.87453
   5.75670  -1.59916   2.30050    13.20719     7.84671     5.36049
   6.93947  -0.76777   1.59773    14.01982     7.37137     6.64844
   6.62191   0.20958   1.59773    15.15122     4.77633    10.37488
   4.76287  -2.34916   1.59773     8.75187     9.76125    -1.00938
   5.79052  -2.34916   1.59773    11.14206    10.09581     1.04625
   6.62191  -1.74512   1.59773    12.89720     9.01939     3.87782
   7.19670  -0.76777   0.63773    12.72276     6.95169     5.77107
   6.93947   0.19223   0.63773    13.05345     3.56024     9.49321
   6.23670  -2.43054   0.63773    10.67519    11.23258    -0.55739
   6.93947  -1.72777   0.63773    12.01869     9.08840     2.93029
   6.93947  -0.76777  -0.32227    12.22640     6.49761     5.72879
   6.32230   1.15710   0.11747    12.38013    -3.81092    16.19106
   6.89710   0.17975  -0.84253    10.78563     3.29761     7.48802
   6.63986   1.13975  -0.84253    10.35391     0.49864     9.85527
   5.93710   1.84252  -0.84253    10.23907    -1.96688    12.20595
   6.63986   0.17975  -1.80252     8.78953     3.07775     5.71177
   6.32230   1.15710  -1.80252     8.52472     0.92446     7.60026
   5.49092   1.76114  -1.80252     7.09839    -2.00347     9.10185
   4.46327   1.76114  -1.80252     2.77547    -7.65967    10.43514
   6.32230  -0.79760  -1.80252     8.86483     4.90043     3.96440
   5.93710   0.17975  -2.50529     6.06990     1.22184     4.84806
   5.45710   1.01113  -2.50529     5.13303    -1.54026     6.67329
   4.49710   1.01113  -2.50529     0.96072    -7.29354     8.25426
   4.01710   0.17975  -2.50529    -2.20758   -11.47865     9.27107
   5.45710  -0.65164  -2.50529     4.18235     1.23943     2.94292
   4.97710   0.17975  -2.76253     1.97414    -3.22905     5.20319
   3.82387  -3.06299   0.26619     4.12336    23.04426   -18.92089
   4.85152  -3.06299   0.26619     7.24899    17.09903    -9.85004
   3.37769  -3.14438  -0.69381    -5.07655    14.30096   -19.37751
   4.33770  -3.40161  -0.69381     3.46071    15.03957   -11.57885
   5.29770  -3.14438  -0.69381     7.05634    13.16479    -6.10844
   6.00046  -2.44161  -0.69381     9.56073    11.51291    -1.95218
   3.82387  -3.06299  -1.65381    -5.56350     3.59576    -9.15926
   4.85152  -3.06299  -1.65381     3.28376     8.47493    -5.19117
   5.68290  -2.45896  -1.65381     6.71686     8.44734    -1.73048
   5.29770  -1.48161  -2.35658     3.59563     2.96439     0.63123
   3.85770  -2.31299  -2.35658   -11.28576    -7.59031    -3.69545
   4.81769  -2.31299  -2.35658     0.44051     2.54718    -2.10667
   4.33770  -1.48161  -2.61381    -5.76807    -5.85447     0.08641
   4.24981   0.95014   3.97202    12.31487     6.66080     5.65407
   5.20981   0.95014   3.71479    13.81337     7.38558     6.42779
   4.72981   1.78152   3.71479    12.82943     7.78479     5.04464
   3.76981   1.78152   3.71479    11.88628     7.41931     4.46698
   3.28981   0.95014   3.71479    10.81262     5.15680     5.65581
   3.76981   0.11875   3.71479    11.13704     4.26067     6.87636
   4.72981   0.11875   3.71479    13.26241     6.19758     7.06483
   5.91258   0.95014   3.01202    14.81111     7.01970     7.79141
   5.59502   1.92749   3.01202    13.43121     7.47212     5.95910
   4.76363   2.53153   3.01202    12.68761     8.30090     4.38671
   3.73598  -0.63125   3.01202     9.14470     0.40565     8.73905
   4.76363  -0.63125   3.01202    13.52910     4.54069     8.98841
   5.59502  -0.02721   3.01202    15.62059     6.74864     8.87195
   6.16981   0.95014   2.05202    15.53965     4.71819    10.82146
   5.91258   1.91014   2.05202    13.37097     5.39936     7.97161
   2.56206   1.41933   3.68718     9.87700     3.72777     6.14923
   3.04206   2.25071   3.42995    11.28137     7.13937     4.14199
   2.08206   2.25071   3.42995     9.51367     4.00973     5.50394
   1.60206   1.41933   3.42995     7.67256    -1.41853     9.09109
   2.08206   0.58794   3.42995     7.89532    -1.45414     9.34946
   2.04824   3.00071   2.72718     8.87989     6.49289     2.38700
   1.21685   2.39668   2.72718     6.99359     0.84321     6.15038
   0.89929   1.41933   2.72718     2.35379   -10.01407    12.36786
   2.56206   3.33933   1.76718     7.59161    10.90366    -3.31205
   1.60206   3.08210   1.76718     5.66327     7.45835    -1.79507
   0.89929   2.37933   1.76718     3.96461     0.08260     3.88201
   1.21685   2.39668   0.80718    -1.88190     3.18298    -5.06488
   5.18514   2.97164   1.62002    11.43824     7.15639     4.28185
   4.35375   3.57568   1.62002     9.96171     8.77446     1.18725
   3.32610   3.57568   1.62002     8.48707    10.67066    -2.18360
   5.75993   1.99429   0.66002    12.49120    -1.42062    13.91183
   5.50270   2.95429   0.66002    10.42544     4.22406     6.20138
   4.79993   3.65706   0.66002     8.79455     6.73315     2.06140
   3.83993   3.91429   0.66002     6.39809     8.58561    -2.18752
   2.87993   3.65706   0.66002     2.71586    11.71024    -8.99438
   5.50270   1.99429  -0.29998    12.15235    -4.06428    16.21663
   5.18514   2.97164  -0.29998     8.74372     2.22944     6.51427
   4.35375   3.57568  -0.29998     5.47753     4.64888     0.82865
   3.32610   3.57568  -0.29998    -0.47816     6.28175    -6.75991
   4.31993   2.82568  -1.00275     3.07982    -1.17955     4.25937
   3.35993   2.82568  -1.00275    -8.69540    -4.30286    -4.39254
   3.83993   1.99429  -1.25998    -1.92896   -11.25566     9.32669
   1.04962  -1.18533   3.13530    15.73857     1.64736    14.09121
   2.00962  -1.18533   2.87807    14.04492     4.34813     9.69679
   0.08962  -1.18533   2.87807    15.74798    -7.98053    23.72850
   0.56962  -2.01672   2.87807    22.01178     9.83352    12.17826
   1.52962  -2.01672   2.87807    20.50638    11.78410     8.72228
   0.53579  -2.76672   2.17530    26.63841    22.66317     3.97524
   1.56344  -2.76672   2.17530    22.73781    19.54722     3.19059
   2.39483  -2.16268   2.17530    16.61206    12.40394     4.20812
   1.04962  -3.10533   1.21530    22.25902    30.33529    -8.07628
   2.00962  -2.84810   1.21530    17.60792    21.50509    -3.89718
   1.56344  -2.76672   0.25530     7.37951    44.47278   -37.09327
  -0.99783  -2.25155   2.91549    11.71623    -2.43314    14.14937
  -0.03783  -2.25155   2.65826    21.30834    10.19392    11.11442
  -1.47783  -3.08293   2.65826    12.78551     4.46688     8.31863
  -0.51783  -3.08293   2.65826    16.59072    11.25229     5.33843
  -2.34303  -3.22890   1.95549    14.08696     1.24686    12.84010
  -1.51165  -3.83293   1.95549    14.29592    10.75529     3.54063
  -0.48400  -3.83293   1.95549    16.34662    17.24428    -0.89766
   0.34738  -3.22890   1.95549    22.14920    22.84296    -0.69376
  -1.95783  -3.91431   0.99549    13.37411    10.09125     3.28286
  -0.99783  -4.17155   0.99549    13.09110    18.32321    -5.23210
  -0.03783  -3.91431   0.99549    14.66176    25.15571   -10.49395
   0.66494  -3.21154   0.99549    20.66640    33.62731   -12.96091
  -1.51165  -3.83293   0.03549     8.54793    18.79085   -10.24291
  -0.48400  -3.83293   0.03549     8.25112    28.69067   -20.43955
   0.34738  -3.22890   0.03549     8.15637    43.49652   -35.34015
  -0.51783  -3.08293  -0.66728    -0.01255    48.60562   -48.61817
  -4.40504  -2.04665   2.32471     3.97527   -14.81954    18.79481
  -3.92504  -2.87803   2.32471     8.18021    -9.99227    18.17248
  -2.96504  -2.87803   2.32471    10.07090    -7.51757    17.58847
  -5.10781  -2.04665   1.62194     1.92081   -16.53705    18.45785
  -4.79025  -3.02400   1.62194     7.36382   -11.29148    18.65530
  -3.95886  -3.62803   1.62194    10.40097    -7.16690    17.56787
  -2.93122  -3.62803   1.62194    12.87712    -2.35541    15.23253
  -5.10781  -3.00665   0.66194     5.28740   -14.17069    19.45809
  -4.40504  -3.70941   0.66194     8.77949    -9.73217    18.51166
  -3.44504  -3.96665   0.66194    10.51957    -5.37022    15.88979
  -2.48504  -3.70941   0.66194    13.02459     2.27329    10.75129
  -4.79025  -3.02400  -0.29806     3.53790   -17.08727    20.62517
  -3.95886  -3.62803  -0.29806     6.45645   -11.86975    18.32620
  -2.93122  -3.62803  -0.29806     6.82040    -5.87798    12.69838
  -3.92504  -2.87803  -1.00083     1.22302   -20.22185    21.44487
  -2.42467   3.64109   0.45671     5.77748    20.10545   -14.32797
  -3.45231   3.64109   0.45671     4.69189    30.66017   -25.96829
  -4.28370   3.03705   0.45671     1.25565    22.05522   -20.79958
  -1.97849   3.72247  -0.50330     7.51254    16.33364    -8.82109
  -2.93849   3.97970  -0.50330     6.92331    23.33166   -16.40835
  -3.89849   3.72247  -0.50330     5.45431    25.83386   -20.37955
  -4.60126   3.01970  -0.50330     1.08183    18.06659   -16.98477
  -1.59328   3.03705  -1.46330     4.39068     9.26224    -4.87156
  -2.42467   3.64109  -1.46330     5.81576    15.82455   -10.00879
  -3.45231   3.64109  -1.46330     5.68900    19.65627   -13.96726
  -4.28370   3.03705  -1.46330     2.61420    17.24817   -14.63397
  -2.45849   2.89109  -2.16606     2.05258    16.26812   -14.21554
  -3.41849   2.89109  -2.16606     2.67068    22.79575   -20.12506
  -3.89849   2.05970  -2.16606    -1.28326    28.38294   -29.66620
  -2.93849   2.05970  -2.42329    -1.56250    62.48896   -64.05146
  -0.01196   2.70265   1.54445     2.35128     2.52066    -0.16938
   0.85324   2.84861   0.84168     0.48695     6.75294    -6.26600
   0.02186   3.45265   0.84168     3.51719     8.94600    -5.42881
  -1.00579   3.45265   0.84168     4.41076     9.89781    -5.48704
   0.46804   3.53403  -0.11832    -1.41692     6.64741    -8.06433
  -0.49196   3.79126  -0.11832     3.90687    10.43659    -6.52972
  -1.45196   3.53403  -0.11832     7.55019    13.77184    -6.22164
   0.02186   3.45265  -1.07832    -3.65085     3.42776    -7.07861
  -1.00579   3.45265  -1.07832     3.45130     9.54427    -6.09297
  -0.01196   2.70265  -1.78108   -13.07918    -6.74861    -6.33057
  -0.97196   2.70265  -1.78108    -2.83258     2.50411    -5.33669
   4.27657  -2.45028   1.75735     6.79718     8.31867    -1.52149
   3.99320  -2.99245   0.88140     5.44929    16.37580   -10.92651
   5.10335  -2.99245   0.88140     7.55898    12.96976    -5.41078
   7.04275   0.47272  -0.15184    10.77936     2.04025     8.73911
   6.45746  -2.46971  -0.15184     9.13466     9.81440    -0.67975
   7.04275  -0.56052  -1.18509     9.21435     4.42635     4.78800
   6.79572  -1.64283  -1.18509     8.49648     6.31949     2.17699
   6.15439  -1.59271  -2.06103     6.07115     4.79769     1.27346
   4.54828  -0.56052  -2.85184    -3.03777    -6.26003     3.22225
   2.80280  -0.97464   2.99468     7.72276     0.02640     7.69636
   3.83605  -0.97464   2.99468     8.34713     0.83803     7.50910
   3.04772  -1.96958   2.40939     7.88026     5.00844     2.87182
   4.11253  -1.81648   2.40939     6.91390     3.15216     3.76174
   2.76436  -2.51175   1.53345    10.58922    12.15986    -1.57063
   2.98483   0.25868   3.77466     8.97401     1.83986     7.13415
   4.29456   2.89015   3.18937    10.73857     7.24448     3.49409
   3.22975   3.04325   3.18937     9.66929     6.89897     2.77032
   2.25120  -0.28937   3.18937     7.68950    -2.28361     9.97311
   3.22975  -0.73626   3.18937     7.87336     0.07772     7.79565
   5.05673   3.10376   2.31343    10.60303     6.98232     3.62071
   4.05653   3.58543   2.31343     9.30220     7.70017     1.60204
   2.94638   3.58543   2.31343     8.01079     8.11886    -0.10808
   5.99593   2.18674   1.28019    11.53425     2.50249     9.03176
   2.46821   3.64797   1.28019     3.99724    10.23631    -6.23907
   3.98012  -0.07021  -2.90964    -6.95281   -12.32292     5.37012
   3.70885   0.94218  -2.90964    -8.76631   -14.75516     5.98885
  -0.06944  -0.07021  -2.90964   -18.52157   -19.62803     1.10646
   3.03271  -0.07021  -3.45663   -17.48743   -19.50922     2.02178
   2.49402   0.86282  -3.45663   -20.42418   -21.75576     1.33158
   0.87798  -0.07021  -3.45663   -22.81625   -21.86972    -0.94652
   1.95534  -0.07021  -3.64660   -23.03901   -22.72651    -0.31250
   1.39512   3.19612   0.49921    -4.49611     7.09201   -11.58812
   2.22220   3.64118  -0.51123   -10.16754     0.54207   -10.70960
   1.12881   3.64118  -0.51123    -9.28024    -0.91978    -8.36046
   3.88902   2.31193  -1.63273    -5.42796   -10.49700     5.06904
   3.20731   3.16678  -1.63273   -11.93460    -9.75394    -2.18066
   2.22220   3.64118  -1.63273   -14.58960   -10.33971    -4.24988
   1.12881   3.64118  -1.63273   -14.03676    -9.33443    -4.70233
   3.33296   2.31114  -2.64318   -14.62913   -16.43265     1.80352
   2.49396   3.03813  -2.64318   -17.51756   -16.46242    -1.05514
   1.39512   3.19612  -2.64318   -18.04780   -15.74376    -2.30404
   0.38529   2.73495  -2.64318   -17.55834   -13.88924    -3.66910
  -0.21490   1.80103  -2.64318   -18.24045   -14.54217    -3.69828
   2.76889   1.24596  -3.34242   -18.90812   -20.60972     1.70160
   2.22220   2.19286  -3.34242   -20.25789   -19.80313    -0.45476
   1.12881   2.19286  -3.34242   -21.16778   -19.23421    -1.93357
   0.58212   1.24596  -3.34242   -22.26153   -20.29605    -1.96548
   1.67551   1.24596  -3.59198   -22.63929   -21.90216    -0.73713
   1.77977  -3.19094   0.20304     2.45482    34.55149   -32.09667
   2.87862  -3.03295   0.20304    -0.24724    17.36997   -17.61721
   0.52836  -3.16159  -0.80740    -7.08144    40.73371   -47.81515
   1.51347  -3.63600  -0.80740    -9.39507    26.73351   -36.12858
   2.60685  -3.63600  -0.80740    -9.14470     9.60627   -18.75097
  -0.15336  -2.30675  -1.92890   -16.40749     4.29200   -20.69949
   0.52836  -3.16159  -1.92890   -16.15147     5.69565   -21.84711
   1.51347  -3.63600  -1.92890   -15.74923     1.43854   -17.18778
   2.60685  -3.63600  -1.92890   -14.22690    -2.86014   -11.36676
   3.59196  -3.16159  -1.92890    -9.74522    -1.56077    -8.18445
   4.03037  -1.24078  -2.93934   -10.89168   -11.48922     0.59754
   0.16975  -1.79585  -2.93934   -21.02910   -14.75474    -6.27436
   0.76994  -2.72977  -2.93934   -20.33068   -10.72864    -9.60204
   1.77977  -3.19094  -2.93934   -18.93133   -11.07160    -7.85974
   2.87862  -3.03295  -2.93934   -16.84235   -11.66902    -5.17333
   3.71761  -2.30596  -2.93934   -13.59939   -10.84149    -2.75790
   3.15355  -1.24078  -3.63859   -18.58746   -17.76512    -0.82234
   2.60685  -0.29387  -3.63859   -20.86093   -21.20421     0.34328
   1.51347  -0.29387  -3.63859   -24.02797   -22.84696    -1.18101
   0.96677  -1.24078  -3.63859   -23.22350   -19.77733    -3.44617
   1.51347  -2.18768  -3.63859   -21.85427   -17.29330    -4.56097
   2.60685  -2.18768  -3.63859   -19.89644   -16.94919    -2.94726
   2.06016  -1.24078  -3.88815   -22.37385   -20.11935    -2.25451
   0.81176  -0.30969   3.45352     6.42821    -9.67137    16.09958
   1.84501  -0.30969   3.24800     7.57718    -3.36002    10.93720
   0.29514   0.58512   3.24800     1.05171   -18.97224    20.02394
  -0.22148  -0.30969   3.24800     4.36056   -25.58613    29.94670
   0.29514  -1.20451   3.24800    12.99007    -5.89068    18.88076
   0.54006   1.58006   2.66271     0.62437   -12.22632    12.85069
  -0.58465  -0.19950   3.16716     2.35442   -36.03329    38.38771
  -1.10128   0.69532   2.96164    -2.54581   -45.90757    43.36176
  -1.10128  -1.09432  -2.02731   -13.36219   -25.56082    12.19863
  -1.42141  -1.30120   3.37993     3.66779   -24.86952    28.53731
  -0.38817  -1.30120   3.17440    10.19766   -13.99669    24.19435
  -0.90479  -0.40639   3.17440     1.91892   -41.71472    43.63365
  -1.93804  -0.40639   3.17440    -1.95846   -51.71564    49.75719
  -2.45466  -1.30120   3.17440     0.21524   -27.28371    27.49895
  -1.93804  -2.19602   3.17440     5.93247   -11.39883    17.33131
  -0.90479  -2.19602   3.17440    10.54781    -4.29841    14.84621
  -1.97649  -3.73314  -0.35332     5.20519    10.90242    -5.69723
  -1.69312  -3.19096  -1.22926    -2.79430    19.33025   -22.12455
  -0.62831  -3.03786  -1.22926    -5.55973    38.16035   -43.72008
  -0.90479  -2.19602  -1.81455   -11.49095    17.49456   -28.98551
  -1.42141  -1.30120  -2.02007   -12.60667   -15.95719     3.35052
  -2.79775  -1.19356   3.18996    -0.50515   -25.61516    25.11002
  -3.31438  -0.29874   2.98444    -3.91440   -26.72673    22.81233
  -3.83100  -1.19356   2.98444    -0.86094   -18.09432    17.23338
  -3.31438  -2.08837   2.98444     3.39671   -14.26483    17.66154
  -2.24268  -3.62549  -0.54328     3.88491     5.71520    -1.83028
  -4.04801  -2.63643  -1.41923    -2.46172   -17.78363    15.32191
  -3.06946  -3.08331  -1.41923    -1.73569    -9.08481     7.34912
  -2.00465  -2.93022  -1.41923    -4.41453    10.51050   -14.92503
  -1.76451  -1.19356  -2.00451   -12.22326   -12.59572     0.37246
  -3.31438  -2.08837  -2.00451    -6.76141   -11.78951     5.02810
  -2.28113  -2.08837  -2.00451    -8.82404    -3.25981    -5.56423
  -2.81518   0.91345   2.55307    -6.15775   -27.13352    20.97577
  -3.84842   0.91345   2.55307    -5.95569   -11.22883     5.27314
  -2.81518  -0.87618  -2.43588   -10.39720     4.04127   -14.43848
  -5.06588   0.16091   2.86393    -6.02848   -10.42773     4.39925
  -4.01930   0.16091   2.67939    -5.41541   -16.82305    11.40764
  -4.54259   1.06727   2.67939    -6.18285    -6.49028     0.30743
  -5.58917   1.06727   2.67939    -7.26782    -5.10819    -2.15963
  -6.11247   0.16091   2.67939    -7.09650    -8.09207     0.99556
  -5.58917  -0.74546   2.67939    -5.31438   -11.54019     6.22581
  -4.54259  -0.74546   2.67939    -3.44126   -15.97557    12.53431
  -4.08242   1.86432   2.14802    -5.37713     3.49852    -8.87565
  -5.06588   2.12784   2.14802    -6.43448     2.80140    -9.23588
  -6.04935   1.86432   2.14802    -7.49246    -1.21605    -6.27642
  -6.76930   1.14437   2.14802    -7.35567    -4.61271    -2.74295
  -7.03281   0.16091   2.14802    -6.86433    -7.14832     0.28399
  -6.76930  -0.82256   2.14802    -6.31839    -9.34893     3.03054
  -6.04935  -1.54250   2.14802    -4.47038   -11.74513     7.27475
  -5.06588  -1.80602   2.14802     0.01820   -14.87088    14.88908
  -5.06588   2.81095   1.33393    -5.11922     8.67025   -13.78947
  -6.08001   2.60922   1.33393    -6.87939     2.50600    -9.38539
  -6.93974   2.03477   1.33393    -6.81036    -1.74920    -5.06116
  -7.51420   1.17503   1.33393    -5.96385    -4.57425    -1.38960
  -7.71592   0.16091   1.33393    -5.47565    -6.64797     1.17232
  -7.51420  -0.85322   1.33393    -5.59487    -8.41808     2.82320
  -6.93974  -1.71295   1.33393    -5.36583   -10.23980     4.87396
  -6.08001  -2.28741   1.33393    -2.86521   -12.49054     9.62533
  -5.58917   3.12864   0.33529    -5.13930     7.39149   -12.53080
  -6.57264   2.77069   0.33529    -6.36546     1.61238    -7.97784
  -7.37437   2.09796   0.33529    -5.62123    -1.96021    -3.66102
  -7.89766   1.19159   0.33529    -4.46599    -4.38509    -0.08090
  -8.07940   0.16091   0.33529    -4.03300    -6.20995     2.17695
  -7.89766  -0.86977   0.33529    -4.56513    -7.77382     3.20869
  -7.37437  -1.77614   0.33529    -5.27673    -9.35991     4.08318
  -6.57264  -2.44887   0.33529    -4.58898   -11.32873     6.73975
  -5.58917  -2.80682   0.33529    -0.24661   -14.34099    14.09438
  -5.58917   3.12864  -0.72744    -4.69628     7.08737   -11.78365
  -6.57264   2.77069  -0.72744    -6.06300     1.72731    -7.79030
  -7.37437   2.09796  -0.72744    -5.23970    -1.59857    -3.64114
  -7.89766   1.19159  -0.72744    -4.03426    -3.89679    -0.13747
  -8.07940   0.16091  -0.72744    -3.66466    -5.63881     1.97415
  -7.89766  -0.86977  -0.72744    -4.42269    -7.12262     2.69994
  -7.37437  -1.77614  -0.72744    -5.57919    -8.61088     3.03169
  -6.57264  -2.44887  -0.72744    -5.74359   -10.46681     4.72321
  -5.58917  -2.80682  -0.72744    -3.50213   -13.47561     9.97348
  -5.06588   2.81095  -1.72607    -3.89809     9.07253   -12.97061
  -6.08001   2.60922  -1.72607    -6.33157     3.19352    -9.52509
  -6.93974   2.03477  -1.72607    -6.09123    -0.45637    -5.63486
  -7.51420   1.17503  -1.72607    -5.09224    -2.93987    -2.15237
  -7.71592   0.16091  -1.72607    -4.79543    -4.77192    -0.02351
  -7.51420  -0.85322  -1.72607    -5.62186    -6.27478     0.65292
  -6.93974  -1.71295  -1.72607    -6.81852    -7.72690     0.90838
  -6.08001  -2.28741  -1.72607    -7.09274    -9.49022     2.39748
  -5.06588  -2.48913  -1.72607    -5.88290   -12.16847     6.28557
  -4.05176  -2.28741  -1.72607    -5.03514   -16.13755    11.10242
  -4.08242   1.86432  -2.54017    -4.54568    20.18163   -24.72731
  -5.06588   2.12784  -2.54017    -6.46147     7.60569   -14.06716
  -6.04935   1.86432  -2.54017    -7.47552     2.16474    -9.64026
  -6.76930   1.14437  -2.54017    -7.07705    -1.16210    -5.91495
  -7.03281   0.16091  -2.54017    -6.89570    -3.38897    -3.50673
  -6.76930  -0.82256  -2.54017    -7.67381    -4.99171    -2.68210
  -6.04935  -1.54250  -2.54017    -8.52911    -6.25579    -2.27332
  -5.06588  -1.80602  -2.54017    -8.50464    -7.16486    -1.33978
  -4.08242  -1.54250  -2.54017    -8.53413    -6.37008    -2.16405
  -3.36247  -0.82256  -2.54017    -9.70883     0.87372   -10.58255
  -4.01930   0.16091  -3.07153    -9.29718     6.00539   -15.30258
  -4.54259   1.06727  -3.07153    -8.35654     7.90568   -16.26222
  -5.58917   1.06727  -3.07153    -8.71736     2.66705   -11.38441
  -6.11247   0.16091  -3.07153    -8.82592    -1.12952    -7.69641
  -5.58917  -0.74546  -3.07153    -9.47728    -2.49959    -6.97768
  -4.54259  -0.74546  -3.07153    -9.66741    -0.15121    -9.51621
  -5.06588   0.16091  -3.25607    -9.60843     2.42352   -12.03195
  -2.50865   1.12093   2.52903    -6.03288   -27.48981    21.45694
  -3.02527   2.01575   2.32351    -4.56450    11.15534   -15.71985
  -2.78035   3.01069   1.73822    -1.00778    15.55337   -16.56115
  -3.75890   2.56380   1.73822    -2.87211    11.33497   -14.20708
  -1.95358   3.55287   0.86228     3.59814    12.34766    -8.74952
  -1.71554  -0.61572  -2.08016   -12.78551    -9.95830    -2.82720
  -1.47540   1.12093  -2.66544   -11.53990    -4.32435    -7.21555
  -1.99203   2.01575  -2.66544    -5.61244     7.62826   -13.24071
  -3.02527   2.01575  -2.66544    -3.01895    45.95153   -48.97048
  -3.02527   0.22612  -2.66544    -9.60090    15.82313   -25.42402
  -1.99203   0.22612  -2.66544   -11.72502    24.79872   -36.52373
  -2.50865   1.12093  -2.87097    -8.05722    10.24860   -18.30582
  -0.62029   1.91178   2.54013    -1.85241   -15.34169    13.48928
  -1.65353   1.91178   2.54013    -3.88930   -14.06280    10.17350
  -2.17015   1.01696   2.54013    -5.95005   -41.22855    35.27851
  -0.34380   2.75362   1.95485     0.92683    -1.07069     1.99753
  -1.40862   2.90672   1.95485    -0.69214     1.58753    -2.27967
  -1.69198   3.44889   1.07890     2.72590     9.69583    -6.96993
  -0.62029   1.91178  -2.44882   -13.68975    -9.31609    -4.37365
  -0.62029   0.12214  -2.44882   -15.69715   -19.63837     3.94122
  -1.13691   1.01696  -2.65434   -13.29442    -8.66388    -4.63054
   6.35670  -0.76777   2.50835    13.51216     6.52949     6.98267
   4.73670  -1.70308   2.50835     9.87574     4.80405     5.07169
   5.81670  -1.70308   2.50835    11.68423     6.98618     4.69805
   7.14731  -0.76777   1.71773    12.30609     6.41527     5.89082
   6.85036   0.24356   1.71773    13.43435     4.60008     8.83427
   5.01048  -2.61935   1.71773     8.53413     9.47575    -0.94162
   6.05378  -2.46934   1.71773    10.10102     8.84930     1.25172
   6.85036  -1.77910   1.71773    11.35541     7.76652     3.58889
   7.43670  -0.76777   0.63773    11.16339     6.00086     5.16253
   7.18928   0.23603   0.63773    11.64344     3.44683     8.19661
   6.50372  -2.54542   0.63773     9.54191     9.61851    -0.07660
   7.18928  -1.77157   0.63773    10.53400     7.77956     2.75445
   7.13710   0.17975  -0.84253     9.63917     3.04406     6.59511
   6.88968   1.18355  -0.84253     9.15787     0.71697     8.44091
   6.20412   1.95739  -0.84253     8.94264    -1.16598    10.10861
   6.84771   0.17975  -1.92253     7.43160     2.46601     4.96558
   6.55076   1.19108  -1.92253     7.09023     0.66484     6.42539
   5.75418   1.88132  -1.92253     5.85655    -1.64125     7.49779
   4.71088   2.03132  -1.92253     2.19817    -5.83687     8.03504
   6.05710   0.17975  -2.71314     4.60027     0.46515     4.13513
   5.51710   1.11506  -2.71314     3.42871    -2.21323     5.64194
   4.43710   1.11506  -2.71314    -1.39997    -8.22305     6.82308
   5.51710  -0.75556  -2.71314     2.76857     0.38788     2.38069
   4.97710   0.17975  -3.00252     0.23343    -4.12031     4.35375
   3.11270  -2.89532   0.38619     2.03941    19.58659   -17.54718
   4.07148  -3.33318   0.38619     4.50991    17.51330   -13.00339
   5.11478  -3.18318   0.38619     6.99108    14.06641    -7.07533
   3.57175  -3.50124  -0.69381    -2.34187    12.63434   -14.97620
   4.59805  -3.62586  -0.69381     3.35969    12.25332    -8.89364
   5.56472  -3.25925  -0.69381     6.24686    10.97701    -4.73015
   4.07148  -3.33318  -1.77381    -3.39232     4.21903    -7.61134
   5.11478  -3.18318  -1.77381     2.74284     6.95914    -4.21630
   5.91136  -2.49294  -1.77381     5.62060     6.88199    -1.26139
   5.41769  -1.48161  -2.56442     2.45858     1.80548     0.65310
   4.87770  -2.41691  -2.56442    -0.84024     1.22669    -2.06692
   4.33770  -1.48161  -2.85381    -6.83923    -6.84971     0.01048
   4.24981   0.95014   4.21202    10.88854     5.56539     5.32315
   5.32981   0.95014   3.92264    12.09901     6.29958     5.79943
   4.78981   1.88545   3.92264    11.26882     6.61512     4.65370
   3.70981   1.88545   3.92264    10.58985     6.24001     4.34984
   3.70981   0.01483   3.92264    10.06400     3.53766     6.52634
   4.78981   0.01483   3.92264    11.72188     5.33819     6.38369
   6.12042   0.95014   3.13202    13.05910     6.08811     6.97099
   5.82347   1.96147   3.13202    11.92017     6.34961     5.57056
   5.02689   2.65171   3.13202    11.22991     7.05619     4.17372
   3.98359  -0.90144   3.13202     9.32981     1.79864     7.53118
   5.02689  -0.75143   3.13202    12.72840     4.92739     7.80101
   5.82347  -0.06119   3.13202    13.90059     6.13569     7.76490
   6.40981   0.95014   2.05202    13.98844     4.27506     9.71338
   6.16239   1.95394   2.05202    12.09336     4.56106     7.53231
   2.56206   1.41933   3.92718     8.89746     2.87275     6.02471
   2.02206   2.35464   3.63780     8.13880     2.93922     5.19958
   1.48206   1.41933   3.63780     6.51041    -2.45155     8.96196
   2.02206   0.48402   3.63780     7.34751    -1.86828     9.21578
   2.29584   3.27090   2.84718     7.93800     6.19290     1.74510
   1.33707   2.83304   2.84718     6.36483     2.43877     3.92606
   0.76722   1.94634   2.84718     3.62512    -5.86447     9.48959
   1.79611   3.43896   1.76718     4.78664     7.56426    -2.77762
   0.94528   2.85167   1.76718     3.80585     3.35984     0.44601
   5.41359   3.00562   1.74002    10.56224     6.12264     4.43960
   4.61701   3.69586   1.74002     9.00602     7.28116     1.72486
   3.57371   3.84587   1.74002     7.67507     8.59331    -0.91824
   5.99993   1.99429   0.66002    11.64281    -0.94457    12.58738
   5.75251   2.99809   0.66002     9.38629     3.27140     6.11489
   5.06695   3.77194   0.66002     7.72590     5.27598     2.44991
   4.10029   4.13854   0.66002     5.72602     6.66767    -0.94165
   3.07398   4.01393   0.66002     2.89533     8.47984    -5.58451
   5.41359   3.00562  -0.41998     7.62236     1.21925     6.40311
   4.61701   3.69586  -0.41998     4.70883     3.08641     1.62242
   3.57371   3.84587  -0.41998     0.19704     3.89693    -3.69989
   4.37993   2.92960  -1.21060     1.48280    -2.29066     3.77346
   1.04962  -1.18533   3.37530    13.17268    -0.06741    13.24009
   2.12962  -1.18533   3.08592    11.90888     2.94852     8.96035
   0.50962  -2.12064   3.08592    18.36156     7.09178    11.26977
   1.58962  -2.12064   3.08592    17.08269     9.30708     7.77561
   0.78340  -3.03691   2.29530    21.50099    18.99042     2.51057
   1.82670  -2.88690   2.29530    18.06788    15.84212     2.22576
   2.62328  -2.19666   2.29530    12.71397     9.50276     3.21121
   1.30998  -3.32958   1.21530    16.92079    25.86630    -8.94551
   2.27664  -2.96298   1.21530    13.01957    18.18076    -5.16119
   0.08217  -2.25155   2.86611    19.18108     7.88801    11.29308
  -1.53783  -3.18685   2.86611    11.08935     2.47489     8.61445
  -0.45783  -3.18685   2.86611    14.55885     8.92891     5.62994
  -2.22282  -3.66526   2.07549    12.12286     3.11209     9.01077
  -1.26404  -4.10312   2.07549    12.54580    10.28399     2.26180
  -0.22074  -3.95312   2.07549    14.63038    15.55892    -0.92854
   0.57584  -3.26288   2.07549    20.56286    20.59164    -0.02878
  -1.76377  -4.27118   0.99549    10.99397    10.34755     0.64641
  -0.73747  -4.39580   0.99549    11.05672    16.96399    -5.90728
   0.22919  -4.02919   0.99549    12.60541    23.29494   -10.68952
  -1.26404  -4.10312  -0.08451     6.55747    18.19536   -11.63788
  -0.22074  -3.95312  -0.08451     5.89169    26.86341   -20.97172
   0.57584  -3.26288  -0.08451     4.64671    47.23275   -42.58605
  -4.52504  -2.04665   2.53256     2.62299   -13.66356    16.28655
  -3.98504  -2.98195   2.53256     6.66101    -9.15781    15.81882
  -2.90504  -2.98195   2.53256     8.86608    -6.56810    15.43418
  -5.23988  -2.57366   1.74194     2.89847   -12.73696    15.63542
  -4.67003  -3.46036   1.74194     6.75828    -8.83681    15.59508
  -3.71125  -3.89822   1.74194     9.15160    -5.17796    14.32956
  -2.66796  -3.74822   1.74194    12.02496     0.11653    11.90843
  -5.06182  -3.47899   0.66194     4.95168   -11.02232    15.97399
  -4.21099  -4.06628   0.66194     7.41779    -7.32014    14.73793
  -3.18468  -4.19090   0.66194     9.07755    -2.69265    11.77020
  -4.67003  -3.46036  -0.41806     3.19340   -12.91998    16.11338
  -3.71125  -3.89822  -0.41806     5.01192    -8.39308    13.40500
  -2.66796  -3.74822  -0.41806     5.23719    -1.16669     6.40388
  -3.98504  -2.98195  -1.20868    -0.23657   -16.31870    16.08213
  -2.16141   3.76127   0.57670     4.55572    15.26202   -10.70630
  -3.20471   3.91128   0.57670     3.63516    22.01989   -18.38473
  -4.16348   3.47342   0.57670     1.37613    20.74797   -19.37184
  -1.71147   3.83735  -0.50330     5.88980    13.55322    -7.66341
  -2.67813   4.20395  -0.50330     5.19201    17.91911   -12.72710
  -3.70444   4.07934  -0.50330     4.22753    20.98309   -16.75556
  -4.55527   3.49205  -0.50330     1.41001    17.67701   -16.26699
  -2.16141   3.76127  -1.58329     3.66152    12.54478    -8.88326
  -3.20471   3.91128  -1.58329     3.98469    16.21494   -12.23025
  -4.16348   3.47342  -1.58329     2.24648    16.05646   -13.80997
  -2.39849   2.99501  -2.37391     0.30371    13.80694   -13.50323
  -3.47849   2.99501  -2.37391     0.92809    19.47438   -18.54630
  -4.01849   2.05970  -2.37391    -2.94741    23.34690   -26.29431
   0.04804   2.80657   1.75230     2.01744     1.24374     0.77370
   1.08170   2.88259   0.96168     0.26544     6.36257    -6.09713
   0.28512   3.57283   0.96168     2.22515     7.11782    -4.89267
  -0.75818   3.72284   0.96168     3.28313     8.29556    -5.01243
   0.73506   3.64891  -0.11832    -3.74623     4.27888    -8.02511
  -0.23161   4.01551  -0.11832     1.67922     7.94611    -6.26690
  -1.25791   3.89090  -0.11832     4.89520    11.55657    -6.66137
   0.28512   3.57283  -1.19832    -6.84174    -0.29710    -6.54463
  -0.75818   3.72284  -1.19832     0.54405     6.86343    -6.31938
  -1.03196   2.80657  -1.98893    -3.81338     1.96131    -5.77468
   4.27384  -2.46926   2.14629     7.15675     6.87303     0.28372
   4.27670  -3.14437   1.34816     6.14959    11.64057    -5.49098
   7.30319   0.50674   0.36910    10.40285     2.45333     7.94952
   6.73162   1.42986   0.36910    10.55785    -0.53983    11.09767
   5.86518  -3.20521   0.36910     7.21322    10.47518    -3.26196
   7.50270  -0.56052  -0.67279     8.76129     4.20371     4.55757
   6.73162  -2.55090  -0.67279     7.40273     7.61376    -0.21103
   7.30319  -1.62778  -0.67279     8.30760     5.89712     2.41047
   7.14635  -0.56052  -1.65184     7.32994     3.48853     3.84141
   6.92174  -1.61725  -1.65184     6.61897     4.78397     1.83500
   6.17052  -1.60307  -2.44997     4.09262     3.11302     0.97959
   4.54828  -0.56052  -3.15184    -4.32793    -6.86907     2.54113
   2.80640  -0.96842   3.31928     8.37098     0.84266     7.52832
   3.04499  -1.98856   2.79833     8.76568     4.84905     3.91663
   4.12050  -1.83392   2.79833     7.74096     3.57107     4.16989
   3.04786  -2.66366   2.00020     8.89934     9.63946    -0.74012
   2.98842   2.04209   4.09927     8.73807     4.20233     4.53574
   2.98842   0.26490   4.09927     8.51468     1.80599     6.70868
   4.30253   2.90760   3.57832     9.53124     6.13594     3.39531
   3.22702   3.06223   3.57832     8.53225     5.56005     2.97219
   2.23864  -0.30386   3.57832     7.91540    -1.24884     9.16424
   3.22702  -0.75524   3.57832     8.42118     1.31271     7.10846
   5.23991   3.08424   2.78019     9.79103     6.10246     3.68857
   4.30430   3.62441   2.78019     8.56299     6.31320     2.24980
   3.22988   3.73734   2.78019     7.56965     6.41129     1.15836
   5.68480   3.14388   1.80113     9.42268     5.08790     4.33478
   2.69294   3.99514   1.80113     5.22276     7.52857    -2.30581
   6.25637   2.22076   0.75924    10.32943     0.75746     9.57197
   1.72102   3.51118   0.75924    -1.22992     8.44020    -9.67011
   2.77249  -3.29705   0.58496     3.65273    16.64088   -12.98814
   3.95756   1.93201  -2.55385    -7.16616   -12.04271     4.87655
  -0.66068  -1.15380  -2.55385   -15.22840   -16.29543     1.06703
   4.01259  -0.07021  -3.32816    -8.09738   -11.46979     3.37241
   3.73697   0.95842  -3.32816    -9.31601   -13.19137     3.87536
  -0.10191  -0.07021  -3.32816   -17.51316   -15.99532    -1.51784
   3.03690  -0.07021  -3.82530   -15.58608   -16.60626     1.02018
   2.49612   0.86645  -3.82530   -17.47363   -18.08985     0.61622
   0.87378  -0.07021  -3.82530   -19.95794   -18.26349    -1.69445
   1.95534  -0.07021  -3.99660   -19.63101   -18.86458    -0.76643
   1.40511   3.81865  -0.00047    -5.53652     3.19494    -8.73145
   2.92357   3.75242  -1.07198    -8.04593    -2.81622    -5.22971
   1.93386   4.03401  -1.07198    -9.81739    -3.93782    -5.87956
   0.90925   3.93907  -1.07198    -8.57680    -2.56411    -6.01269
   4.03872   2.29813  -2.14349    -5.63315   -10.30040     4.66724
   3.40645   3.16837  -2.14349   -10.28174   -10.08458    -0.19716
   2.47489   3.70621  -2.14349   -12.60416   -10.11219    -2.49197
   1.40511   3.81865  -2.14349   -12.91540    -9.41892    -3.49648
   0.38208   3.48625  -2.14349   -11.54492    -6.90767    -4.63725
   3.39015   2.23591  -3.05188   -12.61733   -14.35708     1.73974
   2.66546   2.96060  -3.05188   -14.78852   -14.22963    -0.55889
   1.67551   3.22586  -3.05188   -15.64318   -13.71336    -1.92982
   0.68556   2.96060  -3.05188   -15.64381   -12.52727    -3.11655
  -0.03914   2.23591  -3.05188   -15.89921   -11.90693    -3.99228
  -0.30439   1.24596  -3.05188   -17.25651   -14.16459    -3.09192
   2.74702   1.24596  -3.65884   -16.68485   -17.76920     1.08435
   2.21126   2.17392  -3.65884   -17.25651   -16.68594    -0.57058
   1.13975   2.17392  -3.65884   -18.13565   -16.12396    -2.01170
   0.60399   1.24596  -3.65884   -19.35365   -17.15348    -2.20017
   1.67551   1.24596  -3.87198   -19.44213   -18.54241    -0.89971
   0.76673  -3.48107  -0.29664     0.08722    43.55534   -43.46812
   1.78976  -3.81347  -0.29664    -3.25677    24.15540   -27.41218
   2.85954  -3.70103  -0.29664    -3.31200    13.37936   -16.69135
   0.37278  -3.47522  -1.36815    -9.32165    19.64204   -28.96370
   1.29390  -3.93389  -1.36815    -9.88829    12.77700   -22.66530
   2.31851  -4.02883  -1.36815    -9.53940     5.85519   -15.39459
   3.30823  -3.74723  -1.36815    -7.06513     4.45057   -11.51570
  -0.47017  -1.77862  -2.43966   -15.93811    -9.19645    -6.74167
  -0.03266  -2.76130  -2.43966   -15.25727     0.13068   -15.38794
   0.76673  -3.48107  -2.43966   -14.58583    -0.31480   -14.27103
   1.78976  -3.81347  -2.43966   -13.78952    -2.69032   -11.09920
   2.85954  -3.70103  -2.43966   -12.14294    -4.19829    -7.94464
   3.79111  -3.16319  -2.43966    -8.72175    -3.15120    -5.57055
   4.04006  -1.24078  -3.34805   -10.43548   -10.70014     0.26466
   0.08026  -1.24078  -3.34805   -18.90184   -15.29255    -3.60929
   0.34552  -2.23073  -3.34805   -18.23480   -11.25984    -6.97496
   1.07021  -2.95542  -3.34805   -17.25839    -9.75016    -7.50823
   2.06016  -3.22067  -3.34805   -16.00400   -10.00162    -6.00238
   3.05011  -2.95542  -3.34805   -14.26329   -10.14184    -4.12145
   3.77480  -2.23073  -3.34805   -12.03438    -9.86623    -2.16815
   3.13167  -1.24078  -3.95501   -16.01216   -15.04394    -0.96822
   2.59592  -0.31282  -3.95501   -18.18523   -18.02553    -0.15970
   0.98864  -1.24078  -3.95501   -19.95104   -16.62386    -3.32718
   1.52440  -2.16873  -3.95501   -18.64268   -14.47466    -4.16802
   2.59592  -2.16873  -3.95501   -16.98166   -14.13305    -2.84861
   2.06016  -1.24078  -4.16815   -19.00350   -16.79425    -2.20924
   0.81176  -0.30969   3.75352     6.37236    -8.34090    14.71326
   1.83782  -0.30969   3.57260     7.66315    -2.66358    10.32673
   0.29873   0.57890   3.57260     2.32430   -15.55446    17.87875
  -0.21430  -0.30969   3.57260     4.36307   -20.61649    24.97956
   0.29873  -1.19829   3.57260    10.49447    -6.39343    16.88789
   0.53733   1.59904   3.05166     1.93649   -10.35389    12.29039
  -0.58465  -0.19950   3.46716     2.71900   -28.60830    31.32729
  -1.09768   0.68909   3.28624    -1.29392   -35.66390    34.36997
  -1.09768  -1.08809  -2.35192   -13.45380   -16.43012     2.97631
  -1.42141  -1.30120   3.67993     3.81902   -20.49634    24.31536
  -0.39535  -1.30120   3.49901     8.57492   -12.78005    21.35496
  -0.90838  -0.41261   3.49901     2.44038   -31.48221    33.92260
  -1.93444  -0.41261   3.49901    -0.65951   -37.43087    36.77136
  -2.44747  -1.30120   3.49901     0.99523   -22.89980    23.89503
  -1.93444  -2.18980   3.49901     5.39344   -10.98543    16.37887
  -0.90838  -2.18980   3.49901     9.01041    -5.55541    14.56582
  -2.22993  -4.14285   0.15898     7.75162     5.99334     1.75828
  -1.69299  -3.88505  -0.82007     1.63968    13.44167   -11.80198
  -1.69585  -3.20994  -1.61821    -4.40010    13.33745   -17.73755
  -0.62034  -3.05531  -1.61821    -7.86018    23.95204   -31.81222
  -0.90838  -2.18980  -2.13915   -11.99986     5.54423   -17.54410
  -1.42141  -1.30120  -2.32007   -12.38767   -10.76799    -1.61967
  -2.79775  -1.19356   3.48996     0.19453   -22.08243    22.27696
  -3.31079  -0.30496   3.30904    -2.80497   -23.40708    20.60211
  -3.82382  -1.19356   3.30904    -0.59174   -16.36805    15.77631
  -3.31079  -2.08215   3.30904     2.86458   -13.18136    16.04594
  -4.64800  -1.73684   2.78809     0.48506   -13.46495    13.95001
  -3.07219  -3.10229   2.78809     7.37763    -6.52749    13.90512
  -3.06933  -3.77740  -1.01004     1.68110    -4.67211     6.35321
  -3.07219  -3.10229  -1.80817    -3.17332    -6.42670     3.25338
  -1.99668  -2.94766  -1.80817    -5.48694     6.73078   -12.21772
  -1.77169  -1.19356  -2.32912   -11.79718    -7.22320    -4.57398
  -3.31079  -2.08215  -2.32912    -7.05070    -8.06240     1.01171
  -2.28472  -2.08215  -2.32912    -8.69101    -2.83984    -5.85117
  -2.81877   0.90723   2.87767    -4.85630   -25.26086    20.40456
  -2.81877  -0.86996  -2.76048    -9.87637     5.13080   -15.00717
  -5.06588   0.16091   3.20393    -4.73958    -9.70400     4.96442
  -4.01523   0.16091   3.03752    -4.38378   -15.81312    11.42934
  -4.54056   1.07080   3.03752    -5.04455    -7.07864     2.03409
  -5.59121   1.07080   3.03752    -5.71724    -5.20240    -0.51484
  -6.11654   0.16091   3.03752    -5.52585    -7.38125     1.85541
  -5.59121  -0.74899   3.03752    -4.05936   -10.30520     6.24584
  -4.54056  -0.74899   3.03752    -2.81375   -14.37403    11.56028
  -4.06665   1.89163   2.55458    -4.71322     0.36541    -5.07863
  -5.06588   2.15938   2.55458    -5.26669     0.67574    -5.94243
  -6.06512   1.89163   2.55458    -6.00589    -1.75283    -4.25306
  -6.79661   1.16014   2.55458    -6.02848    -4.28533    -1.74315
  -7.06435   0.16091   2.55458    -5.65763    -6.38171     0.72408
  -6.79661  -0.83833   2.55458    -4.99247    -8.26831     3.27585
  -6.06512  -1.56982   2.55458    -3.30070   -10.29233     6.99163
  -5.06588  -1.83756   2.55458    -0.10730   -12.88134    12.77404
  -5.06588   2.91157   1.80240    -4.38629     5.93302   -10.31931
  -6.11852   2.70218   1.80240    -5.63504     1.65369    -7.28873
  -7.01089   2.10592   1.80240    -5.81074    -1.67095    -4.13979
  -7.60716   1.21354   1.80240    -5.40035    -4.04942    -1.35093
  -7.81654   0.16091   1.80240    -5.03953    -5.86228     0.82275
  -7.60716  -0.89172   1.80240    -4.84500    -7.42248     2.57748
  -7.01089  -1.78410   1.80240    -4.17796    -8.98495     4.80699
  -6.11852  -2.38037   1.80240    -1.78966   -10.77285     8.98319
  -5.33291   3.38346   0.85458    -3.64520     8.09684   -11.74204
  -6.36480   3.12215   0.85458    -5.22025     2.81472    -8.03497
  -7.25594   2.53994   0.85458    -5.31877    -0.62175    -4.69702
  -7.90974   1.69993   0.85458    -4.74460    -2.98595    -1.75865
  -8.25537   0.69314   0.85458    -4.24071    -4.73786     0.49715
  -8.25537  -0.37132   0.85458    -4.17796    -6.16395     1.98599
  -7.90974  -1.37811   0.85458    -4.37123    -7.47017     3.09894
  -7.25594  -2.21812   0.85458    -4.09450    -8.84535     4.75085
  -6.36480  -2.80033   0.85458    -2.17620   -10.50572     8.32952
  -4.81180   3.55140  -0.19607    -0.48569    14.39184   -14.87754
  -5.82246   3.47566  -0.19607    -4.01983     6.22845   -10.24827
  -6.76588   3.10539  -0.19607    -5.05835     1.91837    -6.97672
  -7.55826   2.47350  -0.19607    -4.80735    -0.88377    -3.92358
  -8.12918   1.63611  -0.19607    -4.12901    -2.87952    -1.24950
  -8.42791   0.66765  -0.19607    -3.66779    -4.40583     0.73803
  -8.42791  -0.34584  -0.19607    -3.72741    -5.66789     1.94048
  -8.12918  -1.31430  -0.19607    -4.18047    -6.81835     2.63788
  -7.55826  -2.15168  -0.19607    -4.50426    -8.00480     3.50054
  -6.76588  -2.78358  -0.19607    -3.91754    -9.42215     5.50461
  -5.82246  -3.15385  -0.19607    -1.49159   -11.41689     9.92530
  -5.33291   3.38346  -1.24673    -2.91415     8.42176   -11.33592
  -6.36480   3.12215  -1.24673    -4.92971     3.24816    -8.17787
  -7.25594   2.53994  -1.24673    -5.01380     0.04337    -5.05718
  -7.90974   1.69993  -1.24673    -4.38002    -2.16498    -2.21504
  -8.25537   0.69314  -1.24673    -3.91315    -3.80775    -0.10540
  -8.25537  -0.37132  -1.24673    -4.05497    -5.13118     1.07621
  -7.90974  -1.37811  -1.24673    -4.68310    -6.31475     1.63165
  -7.25594  -2.21812  -1.24673    -5.19452    -7.53662     2.34210
  -6.36480  -2.80033  -1.24673    -4.80861    -9.05124     4.24263
  -5.33291  -3.06164  -1.24673    -3.06601   -11.35220     8.28618
  -5.06588   2.91157  -2.19454    -3.68662     8.55727   -12.24389
  -6.11852   2.70218  -2.19454    -5.45682     3.37401    -8.83084
  -7.01089   2.10592  -2.19454    -5.56350     0.15062    -5.71412
  -7.60716   1.21354  -2.19454    -5.09789    -2.05603    -3.04186
  -7.81654   0.16091  -2.19454    -4.96925    -3.68076    -1.28849
  -7.60716  -0.89172  -2.19454    -5.45620    -4.98294    -0.47325
  -7.01089  -1.78410  -2.19454    -6.12638    -6.16293     0.03655
  -6.11852  -2.38037  -2.19454    -6.26129    -7.42156     1.16027
  -5.06588  -2.58975  -2.19454    -5.69214    -8.93431     3.24217
  -4.01325  -2.38037  -2.19454    -5.70155   -10.26379     4.56224
  -4.06665   1.89163  -2.94673    -5.01443    16.10540   -21.11983
  -5.06588   2.15938  -2.94673    -5.81764     7.04082   -12.85846
  -6.06512   1.89163  -2.94673    -6.51920     2.38914    -8.90834
  -6.79661   1.16014  -2.94673    -6.44452    -0.51236    -5.93217
  -7.06435   0.16091  -2.94673    -6.42005    -2.46340    -3.95665
  -6.79661  -0.83833  -2.94673    -6.88566    -3.82992    -3.05575
  -6.06512  -1.56982  -2.94673    -7.39708    -4.78778    -2.60930
  -5.06588  -1.83756  -2.94673    -7.54957    -5.19988    -2.34969
  -4.06665  -1.56982  -2.94673    -8.00577    -3.96936    -4.03640
  -3.33516  -0.83833  -2.94673    -9.18297     2.28739   -11.47036
  -4.01523   0.16091  -3.42967    -8.47389     4.75355   -13.22744
  -4.54056   1.07080  -3.42967    -7.49058     6.43540   -13.92599
  -5.59121   1.07080  -3.42967    -7.51694     2.50170   -10.01864
  -6.11654   0.16091  -3.42967    -7.66315    -0.64631    -7.01684
  -5.59121  -0.74899  -3.42967    -8.14005    -1.81174    -6.32832
  -4.54056  -0.74899  -3.42967    -8.54605    -0.02455    -8.52150
  -5.06588   0.16091  -3.59607    -8.29128     1.90958   -10.20087
  -2.50865   1.12093   2.82903    -4.77409   -25.88025    21.10616
  -3.02168   2.00953   2.64811    -3.92946     1.59591    -5.52537
  -2.78308   3.02967   2.12717    -1.47841    10.83969   -12.31811
  -3.77146   2.57829   2.12717    -3.17143     8.65332   -11.82476
  -2.78022   3.70478   1.32903     1.37613    13.50296   -12.12683
  -3.80769   3.37093   1.32903    -0.16880    14.04917   -14.21797
  -1.70758   2.87504  -2.46910    -2.82693     6.04841    -8.87534
  -1.70758  -0.63317  -2.46910   -12.38892    -2.11285   -10.27607
  -1.48259   1.12093  -2.99004   -11.06801    -2.18404    -8.88397
  -1.99562   2.00953  -2.99004    -6.32718     6.88043   -13.20761
  -3.02168   2.00953  -2.99004    -4.18361    25.59125   -29.77486
  -3.02168   0.23234  -2.99004    -9.16791    12.78954   -21.95745
  -1.99562   0.23234  -2.99004   -11.01781    13.24390   -24.26171
  -2.50865   1.12093  -3.17097    -7.97000     9.53206   -17.50205
  -0.62388   1.90555   2.86474    -1.09061   -14.75366    13.66305
  -1.64994   1.90555   2.86474    -2.85266   -14.46757    11.61491
  -2.16297   1.01696   2.86474    -4.50050   -35.31920    30.81870
  -0.33584   2.77106   2.34379     0.77435    -2.93696     3.71131
  -1.41134   2.92569   2.34379    -0.75929    -0.40764    -0.35165
  -1.40848   3.60080   1.54566     1.48218     6.33448    -4.85230
  -0.62388   1.90555  -2.77342   -13.52534    -8.82591    -4.69943
  -1.13691   1.01696  -2.95434   -12.78111    -6.62212    -6.15899
   6.31802  -0.76777   2.80006    12.35378     5.92135     6.43243
   4.75604  -1.66958   2.80006     9.66992     4.55620     5.11372
   5.79736  -1.66958   2.80006    10.76618     6.11364     4.65255
   7.15309  -0.76777   2.13411    11.31400     5.78398     5.53001
   6.85522   0.24669   2.13411    12.67506     4.80586     7.86920
   5.00966  -2.62507   2.13411     8.29819     7.75954     0.53865
   6.05618  -2.47460   2.13411     9.38378     7.50951     1.87427
   6.85522  -1.78223   2.13411    10.37587     6.73958     3.63629
   7.61652  -0.76777   1.17178    10.35328     5.46122     4.89206
   7.38481   0.24744   1.17178    10.99208     3.79609     7.19600
   6.73556   1.06158   1.17178    12.14858     1.41743    10.73116
   5.79736  -3.04893   1.17178     7.96686     9.68145    -1.71459
   6.73556  -2.59712   1.17178     8.93762     8.02381     0.91380
   7.38481  -1.78298   1.17178     9.73518     6.75404     2.98114
   7.61652  -0.76777   0.10368     9.62913     5.10285     4.52628
   7.38481  -1.78298   0.10368     9.09952     6.70577     2.39374
   7.08521   1.19496  -0.30847     9.21560     0.63542     8.58018
   6.43595   2.00910  -0.30847     9.15976    -0.92539    10.08515
   7.31692   0.17975  -1.37658     7.71711     2.59344     5.12368
   7.08521   1.19496  -1.37658     7.34751     0.98463     6.36288
   6.43595   2.00910  -1.37658     6.84676    -0.49667     7.34343
   5.49776   2.46091  -1.37658     5.72791    -1.94164     7.66955
   6.85349   0.17975  -2.33890     5.68022     1.60536     4.07485
   6.55562   1.19420  -2.33890     5.28489     0.09437     5.19052
   5.75658   1.88658  -2.33890     3.82530    -2.07398     5.89928
   4.71006   2.03705  -2.33890    -0.10730    -6.25140     6.14409
   6.01842   0.17975  -3.00485     2.98946    -0.51936     3.50882
   5.49776   1.08156  -3.00485     1.76205    -2.87358     4.63562
   4.45643   1.08156  -3.00485    -2.84136    -8.19567     5.35431
   5.49776  -0.72206  -3.00485     1.19039    -0.93637     2.12676
   4.97710   0.17975  -3.24253    -1.05798    -4.69800     3.64002
   3.81703  -3.76277  -0.15976     1.43825    13.77747   -12.33922
   4.85836  -3.76277  -0.15976     4.37625    11.82198    -7.44573
   5.79655  -3.31096  -0.15976     6.53300    10.48181    -3.94881
   3.81703  -3.76277  -1.22786    -2.80748     7.38100   -10.18847
   4.85836  -3.76277  -1.22786     2.12224     8.32109    -6.19885
   5.79655  -3.31096  -1.22786     4.78601     8.02526    -3.23924
   4.07066  -3.33890  -2.19018    -5.10730     0.86662    -5.97392
   5.11718  -3.18844  -2.19018     0.82204     4.24957    -3.42753
   5.91622  -2.49606  -2.19018     3.68285     4.70088    -1.01803
   4.85836  -2.38342  -2.85613    -2.35944    -0.60316    -1.75628
   4.33770  -1.48161  -3.09381    -7.38516    -7.33284    -0.05232
   4.24981   0.95014   4.45202     9.78852     4.72736     5.06116
   5.29113   0.95014   4.21435    10.64946     5.42031     5.22915
   4.77047   1.85195   4.21435    10.03513     5.61222     4.42292
   3.72915   1.85195   4.21435     9.51555     5.14205     4.37351
   3.72915   0.04833   4.21435     9.35617     3.30589     6.05028
   4.77047   0.04833   4.21435    10.42293     4.69622     5.72671
   6.12620   0.95014   3.54840    11.43762     5.51136     5.92625
   5.82833   1.96459   3.54840    10.61558     5.67175     4.94383
   5.02929   2.65697   3.54840    10.02572     6.09358     3.93214
   3.98277  -0.90716   3.54840     9.28400     2.72558     6.55842
   5.02929  -0.75669   3.54840    11.13829     4.65580     6.48249
   5.82833  -0.06432   3.54840    11.93523     5.47672     6.45851
   6.58964   0.95014   2.58607    12.24397     4.83151     7.41246
   6.35792   1.96535   2.58607    10.95004     4.83135     6.11869
   5.70867   2.77949   2.58607    10.21523     5.66776     4.54747
   2.56206   1.41933   4.16718     8.15260     2.24388     5.90873
   2.04140   2.32114   3.92951     7.27848     2.10836     5.17012
   1.52074   1.41933   3.92951     6.15587    -2.18460     8.34046
   2.04140   0.51752   3.92951     7.17808    -1.40939     8.58747
   2.29502   3.27662   3.26356     7.23832     4.76728     2.47104
   1.33328   2.83741   3.26356     5.77748     1.39017     4.38731
   0.76167   1.94797   3.26356     3.81024    -5.41162     9.22185
   2.04140   3.70049   2.30123     5.59174     6.17199    -0.58025
   1.10320   3.24868   2.30123     4.40261     3.36589     1.03672
   0.45395   2.43454   2.30123     2.39834    -3.37806     5.77640
   1.10320   3.24868   1.23313     1.67482     6.25254    -4.57772
   5.94804   3.00951   1.19407     9.18172     3.69951     5.48221
   5.29879   3.82364   1.19407     7.66189     5.00508     2.65681
   4.36059   4.27546   1.19407     6.21987     6.00889     0.21098
   3.31927   4.27546   1.19407     4.58207     7.16446    -2.58238
   5.94804   3.00951   0.12597     8.07291     1.66825     6.40466
   5.29879   3.82364   0.12597     6.21925     3.32711     2.89213
   4.36059   4.27546   0.12597     4.14156     4.33809    -0.19652
   3.31927   4.27546   0.12597     1.20796     5.26790    -4.05994
   2.38107   3.82364   0.12597    -3.40738     6.84142   -10.24880
   5.41845   3.00875  -0.83636     5.94440    -0.03889     5.98329
   4.61941   3.70112  -0.83636     2.72778     1.03696     1.69082
   3.57289   3.85159  -0.83636    -2.13604     0.73489    -2.87093
   4.36059   2.89610  -1.50231    -0.38341    -4.06200     3.67859
   1.04962  -1.18533   3.61530    11.33533    -1.11253    12.44786
   2.09094  -1.18533   3.37763    10.85780     2.10400     8.75380
   0.52896  -2.08714   3.37763    15.03199     3.96701    11.06498
   1.57028  -2.08714   3.37763    14.31914     6.56161     7.75753
   0.78258  -3.04263   2.71168    17.89343    13.77016     4.12327
   1.82910  -2.89216   2.71168    15.46623    12.20432     3.26190
   2.62814  -2.19979   2.71168    11.79090     7.73870     4.05220
   1.57028  -3.46649   1.74935    15.14871    18.67032    -3.52161
   2.50848  -3.01468   1.74935    12.05571    14.17497    -2.11926
   1.57028  -3.46649   0.68125     9.29216    27.43173   -18.13957
   0.04349  -2.25155   3.15782    15.64256     4.09427    11.54829
  -1.51849  -3.15336   3.15782     9.63666     0.45231     9.18435
  -0.47717  -3.15336   3.15782    12.59223     5.87045     6.72178
  -2.22660  -3.66963   2.49187    10.19577     1.23305     8.96273
  -1.26487  -4.10884   2.49187    11.03162     7.39022     3.64140
  -0.21834  -3.95837   2.49187    13.02835    11.83186     1.19649
   0.58070  -3.26600   2.49187    17.84763    15.51156     2.33606
  -2.45669  -4.08089   1.52954    11.05672     2.80887     8.24785
  -1.51849  -4.53271   1.52954    10.15875     9.19032     0.96843
  -0.47717  -4.53271   1.52954    10.81136    14.13651    -3.32515
   0.46103  -4.08089   1.52954    13.01894    18.93979    -5.92085
  -1.51849  -4.53271   0.46144     7.87336    11.55145    -3.67809
  -0.47717  -4.53271   0.46144     7.69452    17.58312    -9.88860
   0.46103  -4.08089   0.46144     8.11558    24.91163   -16.79605
  -1.26487  -4.10884  -0.50088     3.46762    17.15670   -13.68908
  -0.21834  -3.95837  -0.50088     2.00301    25.15099   -23.14798
  -4.48636  -2.04665   2.82427     1.95093   -12.63346    14.58439
  -3.96570  -2.94846   2.82427     5.33571    -8.85014    14.18585
  -5.24543  -2.57529   2.15832     2.15048   -11.31546    13.46593
  -4.67382  -3.46473   2.15832     5.41101    -8.07928    13.49030
  -3.71208  -3.90394   2.15832     7.68197    -4.89864    12.58061
  -2.66556  -3.75348   2.15832    10.33069    -0.61028    10.94097
  -5.55315  -3.06186   1.19599     2.09212   -11.25932    13.35144
  -4.90390  -3.87600   1.19599     5.19013    -8.06637    13.25650
  -3.96570  -4.32781   1.19599     7.12914    -4.86327    11.99241
  -2.92438  -4.32781   1.19599     9.13152    -0.23908     9.37060
  -4.90390  -3.87600   0.12789     3.70795    -9.42973    13.13768
  -3.96570  -4.32781   0.12789     5.46435    -5.93344    11.39779
  -2.92438  -4.32781   0.12789     6.68235    -0.77052     7.45287
  -4.67382  -3.46473  -0.83443     0.97327   -12.01887    12.99214
  -3.71208  -3.90394  -0.83443     2.59350    -7.77582    10.36931
  -3.20553   3.91700   0.99308     2.01619    16.53775   -14.52156
  -4.16727   3.47779   0.99308    -0.04832    15.43312   -15.48144
  -2.41783   4.34087   0.03076     3.94264    14.92996   -10.98731
  -3.45915   4.34087   0.03076     3.11809    18.07191   -14.95381
  -4.39735   3.88905   0.03076     1.21298    17.07312   -15.86015
  -1.47963   3.88905  -1.03734     3.47578    10.38689    -6.91111
  -2.41783   4.34087  -1.03734     3.55359    13.24151    -9.68793
  -3.45915   4.34087  -1.03734     3.15386    15.52350   -12.36964
  -4.39735   3.88905  -1.03734     1.47716    14.82082   -13.34366
  -2.15901   3.76653  -1.99967     1.41127    10.43068    -9.01941
  -3.20553   3.91700  -1.99967     2.01556    13.53352   -11.51796
  -4.16727   3.47779  -1.99967     0.61872    13.82809   -13.20937
  -2.41783   2.96151  -2.66562    -1.38052    12.55575   -13.93627
  -3.45915   2.96151  -2.66562    -0.69465    17.53416   -18.22881
   0.28752   3.57809   1.37806     2.21323     5.33660    -3.12338
  -0.75900   3.72856   1.37806     2.25527     6.09376    -3.83849
   0.96689   3.70061   0.41574    -1.94967     5.53401    -7.48368
   0.02870   4.15242   0.41574     1.24184     6.72576    -5.48392
  -1.01262   4.15242   0.41574     3.12186     9.10397    -5.98211
   0.02870   4.15242  -0.65237    -1.51857     4.58363    -6.10220
  -1.01262   4.15242  -0.65237     2.31990     8.72586    -6.40595
  -0.75900   3.72856  -1.61469    -1.76330     4.38545    -6.14875
