
  Mol 48 Conf 1                                                                 

iqopt   irstrnt  ihfree     qwt
  2      1      1        0.001000

 rel.rms   dipole mom       Qxx      Qyy      Qzz
    0.13129   0.00000   0.00000   0.00000   0.00000

          Point charges before & after optimization
    NO   At.No.    q0           q(opt)   IVARY  d(rstr)/dq 
     1     6  -0.237140      -0.237140   -1    0.003886
     2     7  -0.308659      -0.308659   -1    0.003082
     3     6  -0.237140      -0.237140   -1    0.003886
     4    16   1.084913       1.084913   -1    0.000918
     5     8  -0.509246      -0.509246   -1    0.001927
     6     8  -0.509246      -0.509246   -1    0.001927
     7     7  -0.677968      -0.677968   -1    0.001459
     8     6   0.334343       0.334343   -1    0.002866
     9     6  -0.238134      -0.238134   -1    0.003872
    10     6  -0.088339      -0.088339   -1    0.007495
    11     6  -0.003092      -0.003092   -1    0.009995
    12    17  -0.118520      -0.118520   -1    0.006449
    13     6  -0.088339      -0.088339   -1    0.007495
    14     6  -0.238134      -0.238134   -1    0.003872
    15     1   0.135181       0.133004    0    0.000000
    16     1   0.129198       0.133004   15    0.000000
    17     1   0.127624       0.133004   15    0.000000
    18     1   0.128852       0.133004   15    0.000000
    19     1   0.132562       0.133004   15    0.000000
    20     1   0.133603       0.133004   15    0.000000
    21     1   0.373338       0.351857    0    0.000000
    22     1   0.167972       0.193174    0    0.000000
    23     1   0.150504       0.149237    0    0.000000
    24     1   0.152464       0.149237   23    0.000000
    25     1   0.203401       0.193174   22    0.000000
    26     6  -0.237140      -0.237140    1    0.003886
    27     7  -0.308659      -0.308659    2    0.003082
    28     6  -0.237140      -0.237140    3    0.003886
    29    16   1.084913       1.084913    4    0.000918
    30     8  -0.509246      -0.509246    5    0.001927
    31     8  -0.509246      -0.509246    6    0.001927
    32     7  -0.677968      -0.677968    7    0.001459
    33     6   0.334343       0.334343    8    0.002866
    34     6  -0.238134      -0.238134    9    0.003872
    35     6  -0.088339      -0.088339   10    0.007495
    36     6  -0.003092      -0.003092   11    0.009995
    37    17  -0.118520      -0.118520   12    0.006449
    38     6  -0.088339      -0.088339   13    0.007495
    39     6  -0.238134      -0.238134   14    0.003872
    40     1   0.135181       0.133004   15    0.000000
    41     1   0.129198       0.133004   15    0.000000
    42     1   0.127624       0.133004   15    0.000000
    43     1   0.128852       0.133004   15    0.000000
    44     1   0.132562       0.133004   15    0.000000
    45     1   0.133603       0.133004   15    0.000000
    46     1   0.373338       0.351857   21    0.000000
    47     1   0.167972       0.193174   22    0.000000
    48     1   0.150504       0.149237   23    0.000000
    49     1   0.152464       0.149237   23    0.000000
    50     1   0.203401       0.193174   22    0.000000

        Statistics of the fitting:
  The initial sum of squares (ssvpot)                      0.763
  The residual sum of squares (chipot)                     0.013
  The std err of estimate (sqrt(chipot/N))               0.00323
  ESP relative RMS (SQRT(chipot/ssvpot))                 0.13129
