
  Mol 48 Conf 1                                                                 

iqopt   irstrnt  ihfree     qwt
  1      1      1        0.000500

 rel.rms   dipole mom       Qxx      Qyy      Qzz
    0.11597   0.00000   0.00000   0.00000   0.00000

          Point charges before & after optimization
    NO   At.No.    q0           q(opt)   IVARY  d(rstr)/dq 
     1     6   0.000000      -0.237140    0    0.001943
     2     7   0.000000      -0.308659    0    0.001541
     3     6   0.000000      -0.237140    1    0.001943
     4    16   0.000000       1.084913    0    0.000459
     5     8   0.000000      -0.509246    0    0.000963
     6     8   0.000000      -0.509246    5    0.000963
     7     7   0.000000      -0.677968    0    0.000730
     8     6   0.000000       0.334343    0    0.001433
     9     6   0.000000      -0.238134    0    0.001936
    10     6   0.000000      -0.088339    0    0.003747
    11     6   0.000000      -0.003092    0    0.004998
    12    17   0.000000      -0.118520    0    0.003224
    13     6   0.000000      -0.088339   10    0.003747
    14     6   0.000000      -0.238134    9    0.001936
    15     1   0.000000       0.135181    0    0.000000
    16     1   0.000000       0.129198    0    0.000000
    17     1   0.000000       0.127624    0    0.000000
    18     1   0.000000       0.128852    0    0.000000
    19     1   0.000000       0.132562    0    0.000000
    20     1   0.000000       0.133603    0    0.000000
    21     1   0.000000       0.373338    0    0.000000
    22     1   0.000000       0.167972    0    0.000000
    23     1   0.000000       0.150504    0    0.000000
    24     1   0.000000       0.152464    0    0.000000
    25     1   0.000000       0.203401    0    0.000000
    26     6   0.000000      -0.237140    1    0.001943
    27     7   0.000000      -0.308659    2    0.001541
    28     6   0.000000      -0.237140    1    0.001943
    29    16   0.000000       1.084913    4    0.000459
    30     8   0.000000      -0.509246    5    0.000963
    31     8   0.000000      -0.509246    5    0.000963
    32     7   0.000000      -0.677968    7    0.000730
    33     6   0.000000       0.334343    8    0.001433
    34     6   0.000000      -0.238134    9    0.001936
    35     6   0.000000      -0.088339   10    0.003747
    36     6   0.000000      -0.003092   11    0.004998
    37    17   0.000000      -0.118520   12    0.003224
    38     6   0.000000      -0.088339   10    0.003747
    39     6   0.000000      -0.238134    9    0.001936
    40     1   0.000000       0.135181   15    0.000000
    41     1   0.000000       0.129198   16    0.000000
    42     1   0.000000       0.127624   17    0.000000
    43     1   0.000000       0.128852   18    0.000000
    44     1   0.000000       0.132562   19    0.000000
    45     1   0.000000       0.133603   20    0.000000
    46     1   0.000000       0.373338   21    0.000000
    47     1   0.000000       0.167972   22    0.000000
    48     1   0.000000       0.150504   23    0.000000
    49     1   0.000000       0.152464   24    0.000000
    50     1   0.000000       0.203401   25    0.000000

        Statistics of the fitting:
  The initial sum of squares (ssvpot)                      0.763
  The residual sum of squares (chipot)                     0.010
  The std err of estimate (sqrt(chipot/N))               0.00286
  ESP relative RMS (SQRT(chipot/ssvpot))                 0.11597
