Stage 2 of multimolecule multiconformation resp fit.
 &cntrl

 nmol    = 2,
 ihfree  = 1,
 ioutopt = 1,
 iqopt   = 2,
 qwt     = 0.00100

 &end
  1.000000
  Mol 48 Conf 0
    0   25
    6   -1
    7   -1
    6   -1
   16   -1
    8   -1
    8   -1
    7   -1
    6   -1
    6   -1
    6   -1
    6   -1
   17   -1
    6   -1
    6   -1
    1    0
    1   15
    1   15
    1   15
    1   15
    1   15
    1    0
    1    0
    1    0
    1   23
    1   22

  1.000000
  Mol 48 Conf 1
    0   25
    6    0
    7    0
    6    0
   16    0
    8    0
    8    0
    7    0
    6    0
    6    0
    6    0
    6    0
   17    0
    6    0
    6    0
    1    0
    1    0
    1    0
    1    0
    1    0
    1    0
    1    0
    1    0
    1    0
    1    0
    1    0


    2
    1    1    2    1
    2
    1    2    2    2
    2
    1    3    2    3
    2
    1    4    2    4
    2
    1    5    2    5
    2
    1    6    2    6
    2
    1    7    2    7
    2
    1    8    2    8
    2
    1    9    2    9
    2
    1   10    2   10
    2
    1   11    2   11
    2
    1   12    2   12
    2
    1   13    2   13
    2
    1   14    2   14
    2
    1   15    2   15
    2
    1   16    2   16
    2
    1   17    2   17
    2
    1   18    2   18
    2
    1   19    2   19
    2
    1   20    2   20
    2
    1   21    2   21
    2
    1   22    2   22
    2
    1   23    2   23
    2
    1   24    2   24
    2
    1   25    2   25

