  983     6       509931.6390896359     9900.1957636083
   2.31910  -0.06626   1.86403     1.67043   -43.32709    44.99752
   2.84410   0.84307   1.58269    -0.01506   -19.23998    19.22492
   1.26910  -0.06626  -2.05462    -6.18662    53.50974   -59.69635
   1.79410  -0.97558  -2.05462     1.41566    32.14214   -30.72648
  -1.86122   0.61201   1.87973     6.13893   -48.56304    54.70196
  -2.38622  -0.29731   1.87973    -7.80434   -61.53367    53.72934
  -0.81122  -1.20664  -1.75758     5.28677    26.91636   -21.62959
   3.36156  -1.14269   2.12846     5.67206    10.24863    -4.57657
   2.83656  -0.23336   1.84712     6.68549    -8.26637    14.95185
   2.31156  -1.14269   1.84712     8.80333   -18.81640    27.61973
   4.55449  -2.87095   0.02846     5.28175    29.54641   -24.26466
   5.22101  -2.11861   0.02846     4.26957    26.27771   -22.00813
   4.89150  -0.15945  -1.02154    -8.10429     7.11136   -15.21564
   2.17059  -2.51713  -1.02154     6.74510    41.06041   -34.31531
  -0.33475   3.52107   2.00762     2.77987     2.37052     0.40935
   1.45402   0.73769   2.00762    -5.20394   -59.05356    53.84962
   0.17719   3.80561   0.95762     1.73444     7.39684    -5.66240
   0.44907   2.63025  -0.86103    -0.26857    13.61953   -13.88810
  -3.76279  -0.33646   1.68575     1.54054   -24.72972    26.27026
  -5.80176  -0.83903  -0.41425    11.42632    18.23129    -6.80497
  -5.33466  -1.72902  -0.41425     9.72389    16.41853    -6.69464
  -4.02161   1.46368  -1.46425    24.87071    23.76054     1.11017
  -4.95375   1.03798  -1.46425    14.14218    20.33304    -6.19085
  -3.00729  -1.99077  -1.46425    -0.15311     0.46980    -0.62291
  -2.97458   1.19370   1.35893     1.70996   -71.52893    73.23890
  -2.70840   2.08452   0.59027    12.86081   -38.77868    51.63949
  -1.39958   0.28438  -2.27838    11.29203    36.58695   -25.29492
  -1.92458  -0.62495  -2.27838     1.43198     2.98899    -1.55701
  -2.44958   0.28438  -2.55973     9.74271    21.41233   -11.66962
   1.05942  -0.34932   2.29809    -4.09262  -103.41066    99.31804
   2.10941  -0.34932   2.01674    -0.07091   -63.29859    63.22768
   1.58442   0.56000   2.01674    -6.14771   -66.56655    60.41884
   0.00941  -0.34932   2.01674    -0.57794   -72.02556    71.44763
   0.80059  -2.14946  -0.85191     0.52523    31.06728   -30.54205
   0.53441  -1.25865  -1.62056    -2.39960    25.32207   -27.72166
   1.05942  -0.34932  -1.90191    -1.73820    23.39459   -25.13279
   3.08894   1.83737   0.89777   -21.84423   -44.02283    22.17860
   4.29635   0.98866   0.18037   -20.79190   -24.87664     4.08475
   3.97217   1.98637   0.18037   -32.12723   -49.27876    17.15153
   3.12347   2.60300   0.18037   -31.91764   -54.98659    23.06895
   4.55894   0.98866  -0.79963   -31.64154   -34.61900     2.97746
   4.29635   1.96866  -0.79963   -38.26992   -52.99050    14.72058
   3.57894   2.68607  -0.79963   -37.97374   -59.22263    21.24889
   2.59894   2.94866  -0.79963   -35.14053   -55.31207    20.17154
   1.61894   2.68607  -0.79963   -28.80520   -38.45085     9.64566
   4.29635   0.98866  -1.77963   -36.12760   -40.27316     4.14555
   3.97217   1.98637  -1.77963   -40.10915   -54.71146    14.60231
   3.12347   2.60300  -1.77963   -38.50649   -57.01691    18.51042
   2.07441   2.60300  -1.77963   -34.92843   -47.27049    12.34205
   1.22571   1.98637  -1.77963   -24.57453   -22.54193    -2.03260
   3.97217  -0.00905  -1.77963   -20.24659   -10.70733    -9.53927
   3.57894   0.98866  -2.49704   -35.55783   -39.09764     3.53981
   3.08894   1.83737  -2.49704   -37.61919   -48.40262    10.78343
   2.10894   1.83737  -2.49704   -33.66965   -36.88048     3.21083
   1.61894   0.98866  -2.49704   -25.33381    -1.28300   -24.05081
   2.10894   0.13996  -2.49704   -20.43987    14.60016   -35.04002
   3.08894   0.13996  -2.49704   -25.05143   -14.17142   -10.88001
   2.59894   0.98866  -2.75964   -32.18308   -27.80069    -4.38239
  -1.33706  -1.40187   2.56006   -23.98843   -64.55454    40.56611
  -0.35706  -1.40187   2.29747   -18.28249   -65.21922    46.93673
  -0.84706  -0.55317   2.29747   -11.94715   -61.01348    49.06633
  -1.82706  -0.55317   2.29747   -14.88704   -60.62908    45.74204
  -2.31706  -1.40187   2.29747   -23.95204   -60.49316    36.54112
  -1.82706  -2.25058   2.29747   -28.65648   -60.30846    31.65199
  -0.84706  -2.25058   2.29747   -26.14016   -61.62665    35.48649
  -2.71029  -2.39958   1.58006   -26.64782   -42.13158    15.48376
  -1.86159  -3.01620   1.58006   -30.07779   -50.42151    20.34373
  -0.81253  -3.01620   1.58006   -26.94149   -53.60193    26.66043
   0.03618  -2.39958   1.58006   -12.89218   -41.83034    28.93815
  -2.31706  -3.09928   0.60006   -28.48893   -36.50757     8.01864
  -1.33706  -3.36187   0.60006   -28.67028   -46.86024    18.18996
  -0.35706  -3.09928   0.60006   -22.01805   -37.56592    15.54787
  -1.86159  -3.01620  -0.37994   -25.98078   -37.39090    11.41012
  -0.81253  -3.01620  -0.37994   -23.74182   -30.59406     6.85224
   0.03618  -2.39958  -0.37994   -11.10880     5.36557   -16.47437
  -1.82706  -2.25058  -1.09735   -16.25752   -34.80701    18.54950
  -0.84706  -2.25058  -1.09735   -15.31939     5.66485   -20.98424
   5.39745  -1.45123  -0.40675     2.92545    23.96435   -21.03891
   5.02365  -2.47826  -0.40675     5.00502    27.04905   -22.04404
   5.39745  -1.45123  -1.44504     2.82630    17.89906   -15.07276
   5.02365  -0.42420  -1.44504    -5.02823     9.10373   -14.13197
   3.00079  -2.83494  -1.44504     5.61496    33.80079   -28.18584
   4.07713  -3.02473  -1.44504     6.30522    26.87584   -20.57063
   5.02365  -2.47826  -1.44504     5.94503    22.34968   -16.40466
   4.78716  -1.45123  -2.28504     3.33459    16.57514   -13.24055
   4.10483  -0.51208  -2.28504    -6.52673     7.03232   -13.55905
   3.00079  -0.87080  -2.28504    -1.62462    23.07935   -24.70397
   3.00079  -2.03166  -2.28504     5.09663    29.57658   -24.47994
   4.10483  -2.39038  -2.28504     6.39997    22.99721   -16.59724
   3.79968  -1.45123  -2.60589     2.78928    19.74037   -16.95109
   4.16711  -0.71359   2.31242     5.86721     9.32106    -3.45385
   5.15459  -0.71359   1.99157     6.67984    11.47414    -4.79430
   4.47226   0.22556   1.99157     4.65424     4.28030     0.37394
   3.36822  -0.13317   1.99157     5.69339     1.77969     3.91370
   4.47226  -1.65274   1.99157     5.85968    17.96045   -12.10077
   5.76488  -0.71359   1.15157     5.56475    12.99039    -7.42563
   5.39108   0.31344   1.15157     2.83195     5.55504    -2.72309
   4.44456   0.85991   1.15157    -2.57404    -4.33022     1.75618
   5.39108  -1.74062   1.15157     5.63817    19.75437   -14.11620
   5.76488  -0.71359   0.11327     2.16177    15.01379   -12.85202
   5.39108   0.31344   0.11327    -3.15261     3.95403    -7.10663
   4.44456   0.85991   0.11327   -17.25400   -17.86298     0.60898
   5.39108  -1.74062   0.11327     4.10579    24.69021   -20.58441
   2.96315  -2.02398   2.22035     7.41967     9.15117    -1.73150
   3.95063  -2.02398   1.89950     5.99523    21.20204   -15.20681
   2.16426  -1.44356   1.89950    10.33006   -15.09862    25.42868
   2.16426  -2.60441   1.89950    11.12323     7.70164     3.42159
   3.26830  -2.96313   1.89950     8.27999    16.27969    -7.99970
   2.16426  -3.40770   1.05950    10.48004    17.59228    -7.11224
   3.24060  -3.59748   1.05950     8.50652    20.87459   -12.36807
   4.18711  -3.05101   1.05950     6.47904    24.93672   -18.45768
   2.16426  -3.40770   0.02120     8.64018    26.26039   -17.62021
   3.24060  -3.59748   0.02120     6.99610    27.11262   -20.11652
  -0.18637   1.35018   3.66194     4.49297   -16.62685    21.11982
   0.80111   1.35018   3.34109     2.36571   -19.61424    21.97996
   0.11878   2.28932   3.34109     2.95055    -9.58068    12.53123
  -0.98526   1.93060   3.34109     4.43712   -12.46238    16.89950
  -0.98526   0.76975   3.34109     3.86044   -23.51906    27.37950
   0.11878   0.41103   3.34109     3.02334   -29.80752    32.83086
   1.41141   1.35018   2.50109    -1.55560   -27.26067    25.70507
  -1.68779   1.89665   2.50109     4.10642   -17.26066    21.36709
  -1.68779   0.80370   2.50109     3.60818   -32.24551    35.85369
  -0.98526  -0.03354   2.50109    -1.28953   -43.68912    42.39959
   0.09108  -0.22333   2.50109    -0.49071   -57.38364    56.89292
   1.03760   0.32314   2.50109    -1.88629   -61.13142    59.24512
   1.85304   2.26928   2.23375    -1.58070   -16.13096    14.55026
   1.17071   3.20843   2.23375     0.48632    -5.63627     6.12259
   2.46334   2.26928   1.39374    -7.74221   -27.37628    19.63407
   2.08953   3.29631   1.39374    -2.61671   -14.07439    11.45767
   1.14302   3.84278   1.39374     0.53715    -2.91942     3.45657
   2.08953   1.24225   1.39374    -4.19114   -36.86454    32.67341
   2.08953   3.29631   0.35545   -10.55283   -22.61641    12.06358
   1.14302   3.84278   0.35545    -2.03439    -1.95944    -0.07495
   1.17071   3.20843  -0.48455    -9.24572     1.41542   -10.66115
  -1.69979   2.99164   2.10608     5.88478    -4.67232    10.55711
  -0.62345   3.98472   1.26608     4.66365     7.17952    -2.51587
  -1.69979   3.79493   1.26608     9.17544     4.75357     4.42187
  -2.40232   2.95769   1.26608    11.09311    -6.56235    17.65546
  -2.40232   1.86475   1.26608     7.09023   -52.62912    59.71935
  -0.62345   3.98472   0.22778     6.18473    14.41355    -8.22882
  -1.69979   3.79493   0.22778    12.94615    13.83169    -0.88554
  -2.40232   2.95769   0.22778    19.19677     8.47300    10.72377
  -0.59576   3.35037  -0.61222     9.34173    25.29692   -15.95518
  -1.69979   2.99164  -0.61222    23.58243    33.88142   -10.29898
  -0.90091   2.41122  -0.93307    24.09009    54.07205   -29.98196
  -4.94654   0.86340  -1.94315    13.89494    20.96566    -7.07072
  -5.64907   0.02615  -1.94315    11.99861    19.94810    -7.94949
  -5.64907  -1.06679  -1.94315    11.09813    18.52385    -7.42572
  -4.94654  -1.90403  -1.94315     8.73807    16.46085    -7.72278
  -3.87021  -2.09382  -1.94315     5.03451    12.24802    -7.21351
  -2.92369  -1.54735  -1.94315     3.02209    -2.14353     5.16561
  -3.16018  -0.52032  -2.78315     9.16352    12.96083    -3.79731
  -3.84251   0.41883  -2.78315    14.67305    20.90965    -6.23659
  -4.94654   0.06011  -2.78315    13.04655    19.48989    -6.44334
  -4.94654  -1.10074  -2.78315    11.37486    17.43379    -6.05893
  -3.84251  -1.45947  -2.78315     8.55170    13.68032    -5.12862
  -4.14765  -0.52032  -3.10400    11.83671    17.45465    -5.61793
  -4.47775   0.29204   1.80912     6.32530    -9.90502    16.23031
  -4.17260   1.23119   1.48827     8.73368   -16.41685    25.15053
  -5.27664   0.87247   1.48827    10.51329     1.43473     9.07857
  -5.27664  -0.28838   1.48827     7.75978     3.49849     4.26130
  -4.20030   1.86555   0.64827    13.22100    -7.77819    20.99919
  -5.27664   1.67576   0.64827    13.11244     5.57490     7.53753
  -5.97916   0.83852   0.64827    12.09838     9.93522     2.16316
  -5.97916  -0.25443   0.64827    10.38654    11.77921    -1.39267
  -4.20030   1.86555  -0.39003    19.56637     8.28165    11.28472
  -5.27664   1.67576  -0.39003    14.04743    12.50260     1.54483
  -5.97916   0.83852  -0.39003    12.23204    15.23854    -3.00650
  -5.97916  -0.25443  -0.39003    11.64218    17.97703    -6.33485
  -5.27664   0.87247  -1.23003    12.94489    20.42104    -7.47615
  -3.65543  -1.28919   1.78531    -3.52849   -22.53859    19.01011
  -4.45432  -1.86961   1.46446     3.12249    -3.25045     6.37294
  -3.35029  -2.22834   1.46446   -10.46058   -24.38631    13.92573
  -5.15685  -1.83566   0.62445     7.71774     9.45015    -1.73241
  -4.45432  -2.67290   0.62445     4.08571     2.25124     1.83447
  -3.37798  -2.86269   0.62445    -7.30986   -12.28475     4.97489
  -4.45432  -2.67290  -0.41384     5.03074     9.74454    -4.71380
  -3.37798  -2.86269  -0.41384    -3.40989     6.71325   -10.12314
  -3.35029  -2.22834  -1.25384     0.60806    11.59652   -10.98846
   0.32303   2.52829  -1.57354     1.68486    20.51684   -18.83198
  -0.75330   2.33850  -1.57354    20.22840    55.89327   -35.66488
   1.03306   0.95479  -2.41354   -10.44803    16.02351   -26.47154
   0.35073   1.89394  -2.41354     2.03188    25.74096   -23.70909
  -0.75330   1.53521  -2.41354    16.99358    56.64513   -39.65154
  -0.75330   0.37436  -2.41354    12.54391    41.87815   -29.33423
   0.35073   0.01564  -2.41354     3.53100    26.98601   -23.45502
   0.04558   0.95479  -2.73439     6.42507    33.60194   -27.17687
  -3.15322   2.56579  -0.39401    25.16376    18.02483     7.13893
  -1.13037   2.20910  -1.43230    29.34109    66.40423   -37.06314
  -2.07689   2.75558  -1.43230    29.63163    46.69162   -17.05999
  -3.15322   2.56579  -1.43230    29.07565    36.81898    -7.74332
  -3.85575   1.72855  -1.43230    27.22073    27.57662    -0.35589
  -1.36686   1.18207  -2.27230    22.93422    60.21532   -37.28110
  -2.04919   2.12122  -2.27230    27.76039    51.06160   -23.30120
  -3.15322   1.76250  -2.27230    26.85239    39.42076   -12.56837
  -2.35433   1.18207  -2.59315    21.38866    41.76818   -20.37952
   0.81033  -1.24716   2.27679     2.27096   -62.44154    64.71250
   1.79781  -1.24716   1.95594     8.10805   -49.08195    57.19000
   1.11548  -2.18631   1.95594    10.03701   -15.81681    25.85382
   1.08779  -2.82066   1.11594    12.03814     7.88076     4.15738
   1.08779  -2.82066   0.07764    10.20644    23.75181   -13.54537
   2.83976   0.83555   1.92636    -0.75678   -20.13764    19.38086
   1.27778  -0.06626  -2.39829    -7.21071    35.93809   -43.14880
   1.79844  -0.96807  -2.39829    -1.58195    26.56532   -28.14727
  -0.55673  -2.00414  -1.43530    -6.37299    33.51335   -39.88634
  -0.81556  -1.19912  -2.10125     3.47076    19.78361   -16.31286
   3.36156  -1.14269   2.42846     4.46159     3.98288     0.47871
   2.84090  -0.24088   2.19079     3.63077   -14.38883    18.01960
   2.32024  -1.14269   2.19079     5.61621   -22.45372    28.06993
   4.82042  -2.97204   0.56251     4.27899    23.15066   -18.87168
   5.46967  -2.15790   0.56251     3.77196    20.84202   -17.07006
   5.70138  -1.14269  -0.50559     0.76180    17.23508   -16.47328
   3.88222  -3.42385  -0.50559     4.82367    27.39897   -22.57531
   2.13278  -2.56077  -1.46791     4.45281    33.79169   -29.33888
   0.70355   3.42776   2.45399     0.40600    -3.73174     4.13774
  -0.34297   3.57822   2.45399     1.99862    -1.07732     3.07594
  -1.87632   2.24957   2.45399     4.02296   -14.57904    18.60200
  -3.76279  -0.33646   1.98575     0.09162   -24.75334    24.84495
  -5.87090  -1.35168   0.11980     8.23732    12.25861    -4.02129
  -4.28345   1.94470  -0.94830    19.85064    16.29259     3.55804
  -6.10261  -0.33646  -0.94830    10.20519    17.17618    -6.97099
  -5.87090  -1.35168  -0.94830     9.16227    15.94880    -6.78653
  -5.22164  -2.16581  -0.94830     6.98795    14.00501    -7.01707
  -4.02982   1.52083  -1.91063    21.25500    25.01423    -3.75923
  -2.98330  -2.04329  -1.91063     0.57354     1.82192    -1.24838
  -2.97024   1.18619   1.70260     2.71900   -52.33621    55.05521
  -1.40826   0.28438  -2.62205     9.80107    31.25991   -21.45884
  -1.92892  -0.61744  -2.62205     3.29944     9.26626    -5.96682
  -2.44958   0.28438  -2.85973     9.78413    21.21642   -11.43229
   1.05942  -0.34932   2.59809    -2.21887   -71.71707    69.49820
   2.10074  -0.34932   2.36042    -0.00628   -50.30550    50.29922
   1.58008   0.55249   2.36042    -3.63516   -53.49382    49.85866
   1.58008  -1.25113   2.36042     4.11270   -48.76361    52.87631
   0.79238  -2.20662  -1.29829    -1.12073    27.17109   -28.29182
   0.53875  -1.25113  -1.96424    -0.86722    24.14708   -25.01430
   3.08489   1.83035   1.21854   -14.36055   -33.08013    18.71957
   4.01577   2.01805   0.59698   -22.39330   -35.86193    13.46863
   3.14012   2.65425   0.59698   -22.43033   -40.98060    18.55028
   4.78278   0.98866  -0.30119   -20.45618   -20.91049     0.45431
   4.53263   2.00354  -0.30119   -27.80055   -38.42075    10.62020
   3.83950   2.78593  -0.30119   -28.98843   -45.09707    16.10864
   2.86217   3.15658  -0.30119   -26.52294   -43.22913    16.70619
   4.78278   0.98866  -1.29808   -26.24558   -27.14318     0.89760
   4.53263   2.00354  -1.29808   -31.19036   -40.91113     9.72077
   3.83950   2.78593  -1.29808   -31.49847   -46.14565    14.64719
   2.86217   3.15658  -1.29808   -29.44902   -43.88847    14.43945
   1.82454   3.03059  -1.29808   -24.99057   -32.52901     7.53844
   4.35024   0.98866  -2.19625   -28.20843   -29.74430     1.53587
   4.01577   2.01805  -2.19625   -31.78649   -41.03065     9.24416
   3.14012   2.65425  -2.19625   -30.84021   -42.38077    11.54056
   2.05776   2.65425  -2.19625   -27.11908   -33.21901     6.09993
   1.18211   2.01805  -2.19625   -18.01580   -10.41451    -7.60129
   3.57084   0.98866  -2.81780   -27.57277   -27.53882    -0.03395
   3.08489   1.83035  -2.81780   -29.52809   -34.52234     4.99426
   2.11299   1.83035  -2.81780   -25.95568   -24.65420    -1.30148
   1.62704   0.98866  -2.81780   -19.47727    -0.23091   -19.24636
   2.11299   0.14697  -2.81780   -16.77898     8.57252   -25.35150
   3.08489   0.14697  -2.81780   -20.12988    -8.87111   -11.25877
   2.59894   0.98866  -3.03964   -24.96609   -18.51925    -6.44685
  -1.33706  -1.40187   2.84006   -17.78550   -52.92287    35.13737
  -0.36516  -1.40187   2.61823   -13.69351   -55.08173    41.38822
  -0.85111  -0.56018   2.61823    -9.38127   -52.60817    43.22691
  -1.82301  -0.56018   2.61823   -11.69238   -50.84910    39.15672
  -2.30896  -1.40187   2.61823   -17.96873   -49.66507    31.69634
  -1.82301  -2.24356   2.61823   -21.64720   -49.42413    27.77693
  -0.85111  -2.24356   2.61823   -19.57265   -50.58035    31.00770
  -2.75389  -0.37248   1.99668    -6.96849   -51.62503    44.65654
  -3.08836  -1.40187   1.99668   -13.62198   -40.65712    27.03514
  -2.75389  -2.43126   1.99668   -20.40222   -38.84899    18.44677
  -1.87824  -3.06746   1.99668   -23.16953   -42.93584    19.76630
  -0.79588  -3.06746   1.99668   -20.55345   -44.03377    23.48032
   0.07978  -2.43126   1.99668   -10.38967   -38.86381    28.47414
  -2.97168  -2.85002   1.09851   -17.90034   -24.76714     6.86681
  -2.11146  -3.44380   1.09851   -22.93735   -34.34895    11.41160
  -1.07382  -3.56979   1.09851   -21.70367   -38.02386    16.32019
  -0.09650  -3.19914   1.09851   -14.01919   -28.97682    14.95763
  -2.11146  -3.44380   0.10162   -21.23994   -28.99885     7.75890
  -1.07382  -3.56979   0.10162   -20.56851   -30.64585    10.07735
  -0.09650  -3.19914   0.10162   -13.31010   -16.74098     3.43088
  -1.87824  -3.06746  -0.79655   -17.81499   -22.14415     4.32916
  -0.79588  -3.06746  -0.79655   -16.49785   -15.25112    -1.24674
   0.07978  -2.43126  -0.79655    -8.16390    17.01285   -25.17675
  -1.82301  -2.24356  -1.41811   -10.04329   -19.96495     9.92166
  -0.85111  -2.24356  -1.41811    -9.50928     9.85694   -19.36622
   5.71968  -1.45123  -0.92589     1.29643    16.78498   -15.48854
   3.79968  -3.37123  -0.92589     4.73142    27.09911   -22.36769
   4.75968  -3.11400  -0.92589     4.51807    22.97589   -18.45782
   5.46245  -2.41123  -0.92589     3.57931    19.93843   -16.35911
   5.46245  -1.45123  -1.88589     1.30396    13.93757   -12.63360
   5.14489  -0.47388  -1.88589    -5.09914     6.27366   -11.37280
   2.45447  -2.42858  -1.88589     4.23883    31.72724   -27.48841
   3.28586  -3.03262  -1.88589     4.51242    25.64937   -21.13695
   4.31350  -3.03262  -1.88589     4.86383    21.44643   -16.58260
   5.14489  -2.42858  -1.88589     4.09701    18.02024   -13.92323
   4.75968  -1.45123  -2.58866     1.15587    13.60973   -12.45386
   4.27968  -0.61985  -2.58866    -5.54844     6.63895   -12.18739
   3.31968  -0.61985  -2.58866    -7.42030    10.09607   -17.51637
   2.83968  -1.45123  -2.58866     0.92620    23.85861   -22.93241
   3.31968  -2.28262  -2.58866     3.60065    22.64619   -19.04554
   4.27968  -2.28262  -2.58866     3.88491    18.48753   -14.60262
   3.79968  -1.45123  -2.84589     0.59990    16.23139   -15.63149
   4.16711  -0.71359   2.55242     4.36747     5.77079    -1.40332
   5.12711  -0.71359   2.29519     4.74397     8.44298    -3.69901
   4.64711   0.11779   2.29519     3.43624     3.01142     0.42482
   3.68711   0.11779   2.29519     3.19591    -1.77332     4.96923
   4.64711  -1.54498   2.29519     4.77409    12.57677    -7.80268
   5.82988  -0.71359   1.59242     4.22251     9.93956    -5.71705
   5.51232   0.26376   1.59242     2.33057     4.30179    -1.97122
   4.68093   0.86779   1.59242    -0.96574    -2.92221     1.95648
   3.65329   0.86779   1.59242    -1.43637    -8.88393     7.44756
   5.51232  -1.69094   1.59242     4.61282    14.87275   -10.25993
   6.08711  -0.71359   0.63242     2.39960    11.20264    -8.80304
   5.82988   0.24641   0.63242    -0.39282     4.51816    -4.91098
   5.12711   0.94918   0.63242    -6.27133    -5.69832    -0.57301
   5.82988  -1.67359   0.63242     3.47829    16.97704   -13.49875
   5.82988  -0.71359  -0.32758    -0.34576    13.06673   -13.41249
   5.51232   0.26376  -0.32758    -6.14457     2.04903    -8.19360
   2.96315  -2.02398   2.46035     5.81450     4.58709     1.22741
   3.92315  -2.02398   2.20312     5.02321    15.10913   -10.08591
   2.00315  -2.02398   2.20312     8.67344    -7.69485    16.36828
   2.48315  -2.85536   2.20312     7.36571     6.25807     1.10764
   3.44315  -2.85536   2.20312     6.05358    12.45220    -6.39861
   1.61794  -3.00133   1.50035    10.01568     7.49339     2.52229
   2.44932  -3.60537   1.50035     7.44728    12.40131    -4.95402
   3.47697  -3.60537   1.50035     6.41628    16.26144    -9.84516
   4.30836  -3.00133   1.50035     5.22715    19.59182   -14.36467
   2.00315  -3.68675   0.54035     7.15737    17.15033    -9.99296
   2.96315  -3.94398   0.54035     6.34600    19.18576   -12.83976
   3.92315  -3.68675   0.54035     5.47126    21.81270   -16.34144
   1.61794  -3.00133  -0.41965     7.10215    28.65567   -21.55352
   2.44932  -3.60537  -0.41965     5.53338    24.82237   -19.28899
   3.47697  -3.60537  -0.41965     5.01129    26.31565   -21.30436
  -0.18637   1.35018   3.90194     2.97440   -16.27042    19.24482
   0.77363   1.35018   3.64471     1.69992   -18.23520    19.93512
   0.29363   2.18156   3.64471     2.07957   -11.20496    13.28453
  -0.66637   2.18156   3.64471     3.09362   -10.87773    13.97135
  -1.14637   1.35018   3.64471     3.17143   -17.16335    20.33478
  -0.66637   0.51879   3.64471     1.91328   -24.32374    26.23702
   0.29363   0.51879   3.64471     1.83986   -25.71357    27.55342
   1.47640   1.35018   2.94194    -0.79254   -23.46095    22.66840
   1.15884   2.32753   2.94194    -0.33948   -11.75940    11.41991
  -0.70019   2.93156   2.94194     2.57091    -5.18920     7.76011
  -1.53158   2.32753   2.94194     3.43499   -11.28758    14.72256
  -1.84914   1.35018   2.94194     3.06727   -22.27674    25.34400
  -1.53158   0.37282   2.94194     0.25665   -32.43355    32.69020
  -0.70019  -0.23121   2.94194    -2.84827   -41.08795    38.23968
   0.32746  -0.23121   2.94194    -0.72666   -47.16987    46.44321
   1.15884   0.37282   2.94194    -0.56915   -42.01375    41.44460
   1.82556   2.26928   2.53737    -1.75075   -15.24850    13.49775
   1.34556   3.10066   2.53737    -0.44930    -7.91067     7.46137
   2.52833   2.26928   1.83460    -5.37462   -21.55266    16.17804
   2.21077   3.24663   1.83460    -2.92984   -13.27653    10.34668
   1.37939   3.85067   1.83460    -0.45996    -5.46983     5.00986
   2.21077   1.29193   1.83460    -3.81902   -30.59900    26.77998
   2.52833   3.22928   0.87460   -10.12361   -23.37975    13.25614
   1.82556   3.93205   0.87460    -3.79016    -9.82881     6.03865
   0.86557   4.18928   0.87460    -0.51519    -0.27358    -0.24160
   2.21077   3.24663  -0.08540   -18.31637   -30.80132    12.48495
   1.37939   3.85067  -0.08540    -6.03664    -6.11984     0.08320
   0.35174   3.85067  -0.08540    -0.13366     8.35353    -8.48719
   1.34556   3.10066  -0.78817   -15.13490   -13.03771    -2.09719
  -1.38091   3.24260   2.40970     4.08571    -3.22564     7.31135
  -1.86090   2.41122   2.40970     4.23318   -12.55181    16.78499
  -0.38708   3.99261   1.70693     2.74473     3.37019    -0.62547
  -1.41473   3.99261   1.70693     5.74799     2.41464     3.33334
  -2.24611   3.38857   1.70693     7.74598    -3.07697    10.82295
  -2.56367   2.41122   1.70693     7.11972   -20.06494    27.18467
  -0.90091   4.33122   0.74693     5.55220     8.26085    -2.70865
  -1.86090   4.07399   0.74693     9.41892     7.30405     2.11487
  -2.56367   3.37122   0.74693    12.49309     2.18981    10.30328
  -2.82091   2.41122   0.74693    12.82567   -19.96587    32.79153
  -0.38708   3.99261  -0.21307     4.44402    13.90382    -9.45980
  -1.41473   3.99261  -0.21307    10.56036    15.78538    -5.22502
  -2.24611   3.38857  -0.21307    17.64808    17.52176     0.12632
  -0.42091   3.24260  -0.91584     8.02961    24.83842   -16.80880
  -1.38091   3.24260  -0.91584    17.35503    30.91846   -13.56343
  -5.81042   0.43968  -1.42400    10.90612    18.39595    -7.48984
  -6.06765  -0.52032  -1.42400     9.99497    17.16794    -7.17296
  -5.81042  -1.48032  -1.42400     8.82969    15.77333    -6.94364
  -5.10766  -2.18309  -1.42400     6.79091    14.26324    -7.47233
  -4.66148   1.06107  -2.38400    13.97903    19.91267    -5.93364
  -5.49286   0.45703  -2.38400    11.18849    17.67806    -6.48957
  -5.81042  -0.52032  -2.38400    10.10416    16.44426    -6.34010
  -5.49286  -1.49767  -2.38400     8.82090    15.07225    -6.25135
  -4.66148  -2.10171  -2.38400     6.70055    13.12678    -6.42624
  -3.63383  -2.10171  -2.38400     4.15537     9.44534    -5.28997
  -2.80245  -1.49767  -2.38400     2.98632     2.30836     0.67795
  -3.18766  -0.52032  -3.08677     8.34525    13.61671    -5.27146
  -3.66766   0.31107  -3.08677    12.19188    18.84188    -6.65000
  -4.62765   0.31107  -3.08677    11.71999    17.84514    -6.12515
  -5.10766  -0.52032  -3.08677    10.34575    16.13387    -5.78812
  -4.62765  -1.35170  -3.08677     8.72426    14.33492    -5.61066
  -3.66766  -1.35170  -3.08677     7.17432    12.14593    -4.97162
  -4.14765  -0.52032  -3.34400     9.91591    15.61290    -5.69699
  -4.47775   0.29204   2.04912     4.79857   -11.49140    16.28996
  -3.99775   1.12343   1.79189     6.09563   -20.90759    27.00321
  -4.95775   1.12343   1.79189     8.13817    -4.55968    12.69785
  -5.43775   0.29204   1.79189     7.32806     0.23077     7.09729
  -4.95775  -0.53934   1.79189     4.70507    -2.33831     7.04338
  -3.96392   1.87343   1.08912     9.79229   -16.52245    26.31474
  -4.99157   1.87343   1.08912    10.60805    -0.56488    11.17292
  -5.82296   1.26939   1.08912    10.11294     4.83135     5.28160
  -6.14052   0.29204   1.08912     8.98845     6.93087     2.05758
  -5.82296  -0.68531   1.08912     7.47803     7.37394     0.10409
  -4.47775   2.21204   0.12912    14.16226     3.19497    10.96729
  -5.43775   1.95481   0.12912    11.99986     7.74797     4.25189
  -6.14052   1.25204   0.12912    10.80760    10.09350     0.71410
  -6.39775   0.29204   0.12912     9.83621    11.65271    -1.81650
  -6.14052  -0.66796   0.12912     9.25702    13.04726    -3.79024
  -4.99157   1.87343  -0.83088    14.27145    13.44688     0.82456
  -5.82296   1.26939  -0.83088    11.34788    14.27526    -2.92738
  -6.14052   0.29204  -0.83088    10.42858    16.21854    -5.78996
  -3.65543  -1.28919   2.02531    -4.67557   -23.81004    19.13447
  -4.61543  -1.28919   1.76808     2.42344    -5.04405     7.46749
  -4.13543  -2.12057   1.76808    -1.54054   -10.94100     9.40047
  -3.17543  -2.12057   1.76808   -14.69000   -32.17758    17.48758
  -5.00064  -2.26654   1.06531     4.08697     2.25666     1.83031
  -4.16926  -2.87057   1.06531    -0.75489    -5.34966     4.59477
  -3.14161  -2.87057   1.06531   -14.02107   -21.12291     7.10184
  -5.31820  -2.24919   0.10531     6.39369     9.50977    -3.11607
  -4.61543  -2.95196   0.10531     3.05095     4.32628    -1.27533
  -3.65543  -3.20919   0.10531    -3.44691    -3.02881    -0.41810
  -4.16926  -2.87057  -0.85469     2.16052     8.77647    -6.61595
  -3.14161  -2.87057  -0.85469    -5.16315    18.11474   -23.27789
   1.00558   2.61756  -1.05439   -14.14595   -10.19405    -3.95190
   0.55941   2.53618  -2.01439    -3.55923    10.94786   -14.50709
  -0.46824   2.53618  -2.01439    11.46962    38.28833   -26.81871
   1.00558   0.95479  -2.71716    -8.80772    14.63270   -23.44043
   0.52558   1.78617  -2.71716    -1.94967    17.41749   -19.36717
  -0.43442   1.78617  -2.71716     9.84813    38.40325   -28.55511
  -0.91442   0.95479  -2.71716    12.96246    42.32086   -29.35839
  -0.43442   0.12340  -2.71716     7.27472    30.45675   -23.18203
   0.52558   0.12340  -2.71716     0.23783    24.56399   -24.32616
   0.04558   0.95479  -2.97439     4.23757    28.07809   -23.84052
  -2.86816   2.76346   0.04685    19.77847     7.16771    12.61076
  -2.35433   3.10207  -0.91315    23.68158    30.83078    -7.14920
  -3.31434   2.84484  -0.91315    22.95869    23.69887    -0.74018
  -4.01710   2.14207  -0.91315    22.05508    18.15105     3.90403
  -1.84051   2.76346  -1.87315    23.52847    42.31929   -18.79082
  -2.86816   2.76346  -1.87315    24.07817    34.79975   -10.72158
  -3.69954   2.15942  -1.87315    23.23730    29.06626    -5.82896
  -1.39434   1.18207  -2.57592    17.92167    47.82236   -29.90069
  -1.87434   2.01346  -2.57592    21.43635    43.67855   -22.24220
  -2.83434   2.01346  -2.57592    22.18183    36.19715   -14.01532
  -3.31434   1.18207  -2.57592    19.65987    29.27039    -9.61052
  -2.35433   1.18207  -2.83315    17.54266    35.16190   -17.61925
   0.81033  -1.24716   2.51679     0.27610   -54.56465    54.84076
   0.33033  -2.07855   2.25956    -4.47289   -38.05148    33.57859
   1.29034  -2.07855   2.25956     6.73067   -20.59477    27.32544
   0.29651  -2.82855   1.55679    -5.34199   -23.67321    18.33122
   1.32416  -2.82855   1.55679     9.87323     2.33258     7.54065
   0.81033  -3.16716   0.59679     3.74435     4.84795    -1.10360
   0.29651  -2.82855  -0.36321    -5.22464     5.84256   -11.06720
   1.32416  -2.82855  -0.36321     7.46548    28.31464   -20.84916
   2.83572   0.82856   2.25851    -0.93499   -20.01833    19.08334
   3.11220   1.67040   1.67322    -7.65311   -23.51565    15.86255
   1.28585  -0.06626  -2.73044    -7.00489    24.61377   -31.61866
   1.80248  -0.96107  -2.73044    -2.97000    21.70120   -24.67120
  -1.60792  -2.18707  -1.84811    -5.21523    -5.90763     0.69240
  -0.54311  -2.03397  -1.84811    -3.37788    20.46637   -23.84425
  -0.81959  -1.19213  -2.43340     2.62801    17.01893   -14.39092
   3.36156  -1.14269   2.72846     3.60253    -0.21194     3.81448
   2.84493  -0.24787   2.52294     2.30798   -16.21165    18.51963
   2.32831  -1.14269   2.52294     3.88679   -21.96217    25.84896
   3.87818  -2.03750   2.52294     4.27208     9.89641    -5.62432
   4.91684  -3.09295   1.06171     3.83910    18.39907   -14.55997
   4.39480  -3.63716   0.02846     4.05497    21.28715   -17.23218
   5.27075  -3.05188   0.02846     3.25301    19.43775   -16.18474
   5.85603  -2.17593   0.02846     2.44352    17.18831   -14.74478
   5.60900  -0.06038  -1.00478    -6.47715     3.50984    -9.98700
   1.80628  -3.09295  -1.00478     4.01230    26.74691   -22.73461
   2.80648  -3.57462  -1.00478     3.99222    24.82712   -20.83490
   2.11130  -2.58556  -1.88073     3.05785    28.08251   -25.02466
   1.83325   1.72093   2.86681    -1.58132   -19.17039    17.58906
   0.71717   3.45758   2.86681     0.24598    -5.33541     5.58140
  -0.34764   3.61068   2.86681     1.71624    -3.24208     4.95832
  -1.32619   3.16379   2.86681     3.10617    -5.43947     8.54565
   0.47914   4.15286   1.99086     0.59613    -1.16734     1.76347
  -2.57041   1.72093   1.99086     4.31413   -34.07617    38.39029
  -0.07593   4.42093   0.95762     1.85304     4.55490    -2.70187
   0.71717   3.45758  -0.95157    -4.80610     3.44662    -8.25271
  -3.76279  -0.33646   2.28575    -0.61935   -23.91966    23.30031
  -6.01023  -1.41878   0.61899     6.45143     8.13914    -1.68771
  -6.25726  -1.36971  -0.41425     7.48682    11.76511    -4.27829
  -5.67197  -2.24565  -0.41425     6.00338    10.20612    -4.20274
  -4.31786   2.09547  -1.44750    18.44313    19.34823    -0.90510
  -5.31807   1.61380  -1.44750    12.21133    15.24660    -3.03527
  -6.01023   0.74585  -1.44750    10.05333    15.49164    -5.43831
  -4.31786  -2.76840  -1.44750     2.84701     9.77111    -6.92410
  -3.20771  -2.76840  -1.44750    -2.21699     8.80365   -11.02064
  -4.03449   1.55329  -2.32344    17.96560    23.67158    -5.70599
  -2.96620   1.17919   2.03475     2.85705   -40.09146    42.94851
  -1.65647  -1.45228  -2.36891     0.64571     2.24964    -1.60393
  -1.41633   0.28438  -2.95420     8.52095    26.86777   -18.34682
  -1.93296  -0.61044  -2.95420     4.20871    12.12339    -7.91468
  -2.44958   0.28438  -3.15972     9.21372    20.10152   -10.88780
   1.05942  -0.34932   2.89809    -1.24059   -53.27627    52.03568
   2.09266  -0.34932   2.69256     0.21649   -39.63950    39.85599
   1.57604  -1.24414   2.69256     2.28727   -39.58873    41.87601
   0.78771  -2.23908  -1.71110    -1.04794    23.89175   -24.93969
   0.54279  -1.24414  -2.29638    -0.33070    22.51500   -22.84570
   3.14563   1.93556   1.47081   -10.78124   -26.94801    16.16677
   4.25639   2.05384   0.77156   -17.12160   -27.38782    10.26622
   3.41740   2.78083   0.77156   -18.02898   -32.73058    14.70161
   4.81246   2.05464  -0.23888   -21.87937   -29.51873     7.63936
   4.13074   2.90948  -0.23888   -23.46760   -35.74370    12.27610
   3.14563   3.38388  -0.23888   -21.81223   -35.13794    13.32571
   5.05576   0.98866  -1.36039   -20.56788   -19.93110    -0.63678
   4.81246   2.05464  -1.36039   -24.99370   -31.68331     6.68961
   4.13074   2.90948  -1.36039   -25.82139   -36.61667    10.79528
   3.14563   3.38388  -1.36039   -24.36055   -35.55759    11.19704
   2.05225   3.38388  -1.36039   -20.73417   -27.34638     6.61221
   1.06714   2.90948  -1.36039   -13.20531    -9.19450    -4.01081
   4.56915   0.98866  -2.37083   -22.39519   -22.18333    -0.21185
   4.25639   2.05384  -2.37083   -25.75236   -31.71167     5.95930
   3.41740   2.78083  -2.37083   -25.48442   -33.69276     8.20834
   2.31855   2.93882  -2.37083   -22.67129   -27.74497     5.07368
   1.30872   2.47765  -2.37083   -16.16590   -11.58327    -4.58263
   3.69233   0.98866  -3.07008   -22.02809   -20.23198    -1.79611
   3.14563   1.93556  -3.07008   -23.87548   -26.25333     2.37785
   2.05225   1.93556  -3.07008   -20.31123   -17.02820    -3.28303
   1.50555   0.98866  -3.07008   -14.34047     3.06869   -17.40917
   2.05225   0.04176  -3.07008   -12.66314     9.03059   -21.69373
   3.14563   0.04176  -3.07008   -15.54404    -4.08926   -11.45478
   2.59894   0.98866  -3.31963   -19.70882   -12.43241    -7.27641
  -1.33706  -1.40187   3.12006   -13.42494   -44.32279    30.89785
  -0.24367  -1.40187   2.87051    -9.73393   -47.35683    37.62290
  -1.88375  -0.45497   2.87051    -8.25928   -42.94930    34.69002
  -2.43044  -1.40187   2.87051   -13.54040   -41.03878    27.49838
  -1.88375  -2.34877   2.87051   -16.86181   -40.70131    23.83950
  -0.79036  -2.34877   2.87051   -14.92280   -41.81734    26.89454
  -3.22747  -1.95694   2.17126   -12.14733   -31.10571    18.95838
  -2.62727  -2.89086   2.17126   -17.03500   -32.60627    15.57127
  -1.61745  -3.35203   2.17126   -18.10804   -35.73108    17.62304
  -0.51860  -3.19404   2.17126   -14.70380   -34.67276    19.96896
  -2.86886  -3.32269   1.16082   -15.63189   -22.83128     7.19939
  -1.88375  -3.79709   1.16082   -18.11306   -29.14563    11.03257
  -0.79036  -3.79709   1.16082   -16.02659   -28.75289    12.72629
   0.19474  -3.32269   1.16082    -7.64181   -18.54460    10.90279
  -2.86886  -3.32269   0.03931   -12.98694   -13.77738     0.79044
  -1.88375  -3.79709   0.03931   -16.72187   -23.04547     6.32359
  -0.79036  -3.79709   0.03931   -15.04831   -21.01592     5.96761
   0.19474  -3.32269   0.03931    -7.29292    -6.23883    -1.05409
  -2.62727  -2.89086  -0.97113    -9.96485     8.08725   -18.05210
  -1.61745  -3.35203  -0.97113   -13.74058   -15.31077     1.57019
  -0.51860  -3.19404  -0.97113   -11.39683    -5.43152    -5.96531
  -1.88375  -2.34877  -1.67038    -7.01932   -10.60310     3.58377
  -0.79036  -2.34877  -1.67038    -6.76957     9.49160   -16.26118
   5.95968  -1.45123  -0.92589     0.61810    14.08143   -13.46333
   4.06004  -3.59548  -0.92589     4.00853    22.73763   -18.72910
   5.02670  -3.22888  -0.92589     3.60190    19.62748   -16.02558
   5.71226  -2.45503  -0.92589     2.63428    17.05603   -14.42174
   5.67029  -1.45123  -2.00589     0.20143    11.54383   -11.34240
   5.37334  -0.43990  -2.00589    -5.31061     4.59821    -9.90882
   2.57469  -2.86495  -2.00589     3.25615    25.63646   -22.38031
   3.53346  -3.30280  -2.00589     3.62889    21.33882   -17.70994
   4.57676  -3.15280  -2.00589     3.65650    18.17651   -14.52001
   5.37334  -2.46256  -2.00589     2.73218    15.28154   -12.54936
   4.87968  -1.45123  -2.79651    -0.17194    11.21550   -11.38744
   4.33968  -0.51592  -2.79651    -6.91327     3.82462   -10.73789
   3.25968  -0.51592  -2.79651    -9.20368     6.64728   -15.85096
   2.71968  -1.45123  -2.79651    -0.43298    20.58209   -21.01507
   3.25968  -2.38654  -2.79651     2.35191    19.73054   -17.37863
   4.33968  -2.38654  -2.79651     2.52196    15.97722   -13.45526
   3.79968  -1.45123  -3.08589    -0.75427    13.55640   -14.31067
   4.16711  -0.71359   2.79242     3.39357     3.04247     0.35110
   5.24711  -0.71359   2.50304     3.51845     6.34027    -2.82183
   4.70711   0.22172   2.50304     2.16177     0.81128     1.35049
   3.62711   0.22172   2.50304     2.02309    -5.21355     7.23664
   4.70711  -1.64890   2.50304     3.93762    10.03048    -6.09286
   6.03772  -0.71359   1.71242     2.95118     7.98095    -5.02977
   5.74077   0.29774   1.71242     1.20607     2.98180    -1.77573
   4.94419   0.98798   1.71242    -1.71247    -3.66299     1.95052
   3.90089   1.13798   1.71242    -3.67783   -11.14330     7.46546
   5.74077  -1.72492   1.71242     3.62136    12.20262    -8.58127
   6.32711  -0.71359   0.63242     1.34789     9.16220    -7.81431
   6.07969   0.29021   0.63242    -1.27133     3.13672    -4.40806
   5.39413   1.06405   0.63242    -6.40562    -6.02617    -0.37945
   6.07969  -1.71740   0.63242     2.61734    14.23494   -11.61760
   6.03772  -0.71359  -0.44758    -0.98833    10.67079   -11.65912
   5.74077   0.29774  -0.44758    -6.29204     0.83041    -7.12245
   2.96315  -2.02398   2.70035     4.67495     1.20985     3.46510
   1.88315  -2.02398   2.41096     6.55496   -12.70791    19.26287
   2.42315  -2.95929   2.41096     5.64947     2.96582     2.68365
   3.50315  -2.95929   2.41096     4.89269     9.55754    -4.66485
   1.73816  -3.43770   1.62035     6.11696     5.25830     0.85866
   2.69693  -3.87556   1.62035     5.52459    10.57992    -5.05533
   3.74023  -3.72555   1.62035     4.98870    14.03741    -9.04871
   4.53681  -3.03531   1.62035     4.34299    16.82696   -12.48397
   1.34636  -3.45633   0.54035     5.88541    12.20779    -6.32238
   2.19720  -4.04362   0.54035     5.10542    14.28695    -9.18153
   3.22351  -4.16823   0.54035     4.89520    16.75736   -11.86216
   4.19017  -3.80163   0.54035     4.41578    19.19598   -14.78019
   1.73816  -3.43770  -0.53965     4.45657    21.98763   -17.53106
   2.69693  -3.87556  -0.53965     4.28150    21.48472   -17.20323
  -0.18637   1.35018   4.14194     2.05823   -15.67826    17.73650
   0.89363   1.35018   3.85256     1.03853   -17.38033    18.41886
   0.35363   2.28548   3.85256     1.48908   -10.89558    12.38466
  -0.72637   2.28548   3.85256     2.44854   -10.60752    13.05606
  -1.26637   1.35018   3.85256     2.28978   -16.69416    18.98394
  -0.72637   0.41487   3.85256     0.76368   -23.61624    24.37992
   0.35363   0.41487   3.85256     0.93122   -24.53276    25.46399
   1.68425   1.35018   3.06194    -0.98393   -22.17773    21.19379
  -1.41136   2.76389   3.06194     3.05283    -8.15142    11.20425
  -1.98121   1.87719   3.06194     3.06789   -16.78761    19.85550
  -1.98121   0.82316   3.06194     1.27949   -26.91579    28.19529
  -1.41136  -0.06354   3.06194    -3.19402   -36.31133    33.11731
  -0.45258  -0.50140   3.06194    -4.32166   -42.37335    38.05169
   0.59071  -0.35140   3.06194    -1.11132   -45.97733    44.86601
   1.38729   0.33884   3.06194    -0.76117   -37.99143    37.23026
   1.94556   2.26928   2.74521    -1.80221   -15.02587    13.22366
   1.40556   3.20459   2.74521    -0.66642    -8.18095     7.51453
   2.73618   2.26928   1.95460    -5.67143   -20.44093    14.76950
   2.43923   3.28061   1.95460    -3.83597   -13.73534     9.89938
   1.64265   3.97085   1.95460    -1.36044    -6.95331     5.59287
   2.77815   3.27308   0.87460   -11.63152   -24.24442    12.61290
   2.09259   4.04693   0.87460    -5.26355   -11.62819     6.36464
   1.12592   4.41353   0.87460    -1.52359    -2.74441     1.22081
   1.64265   3.97085  -0.20540    -8.07228   -10.21531     2.14303
   0.59935   4.12086  -0.20540    -1.57191     3.63333    -5.20524
   1.40556   3.20459  -0.99602   -15.63063   -15.58202    -0.04861
  -1.16712   4.26279   1.82693     4.25200     1.83589     2.41611
  -2.12590   3.82494   1.82693     6.36734    -0.95188     7.31922
  -2.69575   2.93823   1.82693     7.09462   -10.03535    17.12997
  -2.69575   1.88421   1.82693     5.10228   -33.21578    38.31806
  -0.64054   4.55547   0.74693     3.83220     6.38173    -2.54953
  -1.66685   4.43085   0.74693     7.24271     6.59835     0.64437
  -2.51769   3.84356   0.74693    10.29555     4.34535     5.95020
  -2.99814   2.92814   0.74693    12.49058    -4.97774    17.46831
  -0.12382   4.11279  -0.33307     2.46925    10.63431    -8.16506
  -1.16712   4.26279  -0.33307     7.79681    13.40183    -5.60502
  -2.12590   3.82494  -0.33307    13.56738    15.60025    -2.03287
  -1.44090   3.34653  -1.12368    16.21359    29.19033   -12.97674
  -6.24489  -0.00340  -1.42400     9.41766    15.50251    -6.08485
  -6.24489  -1.03724  -1.42400     8.38980    14.26920    -5.87940
  -5.76444  -1.95266  -1.42400     7.01305    12.98028    -5.96723
  -4.41387   1.33126  -2.50400    14.55885    20.14368    -5.58484
  -5.37265   0.89340  -2.50400    10.86658    16.45237    -5.58579
  -5.94250   0.00669  -2.50400     9.35240    15.00289    -5.65049
  -5.94250  -1.04733  -2.50400     8.30509    13.85011    -5.54502
  -5.37265  -1.93404  -2.50400     6.88692    12.52140    -5.63448
  -4.41387  -2.37189  -2.50400     4.86885    10.65668    -5.78783
  -3.37057  -2.22189  -2.50400     2.72590     7.23608    -4.51018
  -3.06766  -0.52032  -3.29461     7.35943    13.25006    -5.89063
  -3.60766   0.41499  -3.29461    11.15335    18.13940    -6.98605
  -4.68766   0.41499  -3.29461    10.47376    16.29306    -5.81930
  -5.22766  -0.52032  -3.29461     8.94954    14.33732    -5.38778
  -4.68766  -1.45563  -3.29461     7.35943    12.65033    -5.29090
  -3.60766  -1.45563  -3.29461     5.98519    10.97409    -4.98890
  -4.14765  -0.52032  -3.58400     8.58935    14.20379    -5.61444
  -4.47775   0.29204   2.28912     3.78137   -12.33931    16.12068
  -3.93775   1.22735   1.99973     5.22276   -20.66879    25.89155
  -5.01775   1.22735   1.99973     6.92519    -5.29017    12.21536
  -5.55775   0.29204   1.99973     6.13202    -1.00173     7.13375
  -5.01775  -0.64326   1.99973     3.70419    -3.91782     7.62201
  -4.74396   2.14362   1.20912     9.43837    -3.50823    12.94660
  -5.70274   1.70576   1.20912     8.98907     2.40204     6.58703
  -6.27259   0.81906   1.20912     8.20280     4.86358     3.33923
  -6.27259  -0.23497   1.20912     7.10466     5.70472     1.39995
  -4.21739   2.43630   0.12912    14.15661     2.19349    11.96313
  -5.24369   2.31168   0.12912    11.32717     6.02327     5.30391
  -6.09453   1.72439   0.12912     9.92155     8.06186     1.85969
  -6.57498   0.80897   0.12912     8.99535     9.43204    -0.43669
  -6.57498  -0.22488   0.12912     8.28877    10.50670    -2.21793
  -4.74396   2.14362  -0.95088    15.08847    13.57041     1.51806
  -5.70274   1.70576  -0.95088    11.12198    12.59667    -1.47469
  -6.27259   0.81906  -0.95088     9.70632    13.55465    -3.84834
  -3.65543  -1.28919   2.26531    -5.04204   -23.98504    18.94300
  -4.73543  -1.28919   1.97592     1.83296    -6.02575     7.85871
  -4.19543  -2.22449   1.97592    -2.35191   -11.64314     9.29123
  -5.45028  -1.81620   1.18531     4.57015     3.50280     1.06735
  -4.88043  -2.70290   1.18531     1.73820    -1.10268     2.84088
  -3.92165  -3.14076   1.18531    -4.04869    -9.27975     5.23106
  -5.27222  -2.72153   0.10531     4.21373     6.15219    -1.93847
  -4.42138  -3.30882   0.10531     0.54907     1.26255    -0.71348
  -3.39508  -3.43344   0.10531    -6.58822    -6.61005     0.02182
  -3.92165  -3.14076  -0.97469    -0.05208     6.49939    -6.55147
  -2.87835  -2.99076  -0.97469    -7.32053    11.09713   -18.41766
   0.82266   2.65636  -2.13439    -8.11684     1.60542    -9.72226
  -0.22063   2.80636  -2.13439     6.24999    25.79714   -19.54715
   1.12558   0.95479  -2.92501    -9.93159    11.05892   -20.99051
   0.58558   1.89010  -2.92501    -3.24548    13.30655   -16.55203
  -0.49442   1.89010  -2.92501     8.30321    32.05003   -23.74682
  -1.03442   0.95479  -2.92501    11.36859    36.32022   -24.95163
  -0.49442   0.01948  -2.92501     5.78125    26.30779   -20.52655
   0.58558   0.01948  -2.92501    -0.86220    21.97521   -22.83741
   0.04558   0.95479  -3.21439     2.84513    23.80300   -20.95787
  -2.09398   3.32633  -0.91315    19.69376    27.44235    -7.74859
  -3.12028   3.20171  -0.91315    19.54065    21.16812    -1.62747
  -3.97112   2.61442  -0.91315    19.04868    16.85764     2.19104
  -1.57725   2.88365  -1.99315    18.87047    37.21102   -18.34055
  -2.62055   3.03365  -1.99315    19.97927    30.64035   -10.66107
  -3.57933   2.59579  -1.99315    19.92656    26.20340    -6.27684
  -1.27434   1.18207  -2.78377    14.65988    41.39109   -26.73122
  -1.81434   2.11738  -2.78377    17.53136    37.11157   -19.58021
  -2.89434   2.11738  -2.78377    18.53977    30.73302   -12.19325
  -2.35433   1.18207  -3.07315    14.72639    30.21242   -15.48602
   0.81033  -1.24716   2.75679    -0.72979   -47.35645    46.62666
   0.27034  -2.18247   2.46741    -5.92432   -36.33320    30.40888
   1.35033  -2.18247   2.46741     4.59149   -18.96035    23.55184
   0.54412  -3.09874   1.67679    -1.97665   -15.35385    13.37719
   1.07069  -3.39141   0.59679     4.35115     7.84396    -3.49281
   0.54412  -3.09874  -0.48321    -2.15675     9.61289   -11.76964
   2.83213   0.82234   2.58311    -0.87726   -19.11976    18.24250
   3.12017   1.68784   2.06217    -5.02572   -19.34896    14.32324
   1.29304  -0.06626  -3.05504    -6.39056    18.17268   -24.56323
   1.80607  -0.95485  -3.05504    -3.53351    17.76181   -21.29532
  -1.61065  -2.20605  -2.23706    -2.71586     0.42876    -3.14462
  -0.53514  -2.05141  -2.23706    -1.84049    15.41587   -17.25635
  -0.82319  -1.18591  -2.75800     2.21260    15.61208   -13.39948
   3.36156  -1.14269   3.02846     2.87525    -2.92936     5.80461
   2.84853  -0.25409   2.84754     1.60705   -16.11228    17.71933
   2.33550  -1.14269   2.84754     2.76418   -20.21327    22.97745
   3.87459  -2.03128   2.84754     3.53225     5.88216    -2.34991
   5.10001  -3.07343   1.52846     3.30760    14.31888   -11.01128
   4.67846  -3.78738   0.54941     3.49648    16.89469   -13.39821
   5.54490  -3.13307   0.54941     2.76669    15.60219   -12.83550
   6.11647  -2.20995   0.54941     2.27158    13.83790   -11.56631
   6.31598  -1.14269  -0.49248    -0.16629    10.75324   -10.91953
   3.63416  -4.08451  -0.49248     3.62700    19.24518   -15.61817
   4.67846  -3.78738  -0.49248     3.21975    18.22798   -15.00823
   5.54490  -3.13307  -0.49248     2.69264    16.65271   -13.96006
   6.11647  -2.20995  -0.49248     1.66667    14.36672   -12.70006
   5.73502  -0.08595  -1.47154    -6.61960     1.84803    -8.46763
   2.06252  -3.39269  -1.47154     2.58157    21.94385   -19.36228
   3.08998  -3.72653  -1.47154     3.13064    20.91190   -17.78125
   2.09875  -2.60005  -2.26967     1.98544    23.51580   -21.53036
   1.85243   1.72093   3.25575    -1.01217   -17.15670    16.14453
   1.54631   2.76348   3.25575    -0.74109   -10.53483     9.79374
   0.72514   3.47503   3.25575     0.26230    -6.28931     6.55161
  -0.35037   3.62966   3.25575     1.53740    -4.62991     6.16731
  -1.33874   3.17829   3.25575     2.66943    -6.50046     9.16989
   0.72692   4.19184   2.45762     0.15437    -3.48981     3.64417
  -0.34751   4.30477   2.45762     1.75828    -1.24041     2.99869
  -2.61724   2.26110   2.45762     4.38064   -17.50480    21.88545
  -2.61724   1.18075   2.45762     2.44729   -32.31434    34.76163
   0.19667   4.66275   1.47856     0.93122     0.67945     0.25177
   0.19667   4.66275   0.43668     0.74297     3.46786    -2.72488
   0.72514   3.47503  -1.34051    -5.18511     1.98861    -7.17372
  -0.35037   3.62966  -1.34051     5.18511    17.31746   -12.13235
  -3.76279  -0.33646   2.58575    -0.98331   -22.61202    21.62872
  -5.86467  -1.86357   1.08575     4.41265     3.92000     0.49265
  -6.66691  -0.87934   0.10669     6.88441     9.13929    -2.25488
  -6.27469  -1.89177   0.10669     5.56224     7.83488    -2.27264
  -4.57130   2.50518  -0.93520    14.99120    13.02167     1.96954
  -6.66691   0.20641  -0.93520     8.34211    12.13835    -3.79624
  -6.66691  -0.87934  -0.93520     7.35316    11.52754    -4.17438
  -6.27469  -1.89177  -0.93520     6.19603    10.42754    -4.23151
  -5.54322  -2.69414  -0.93520     4.54317     8.80063    -4.25746
  -5.06182   1.91354  -1.91425    12.48744    15.51859    -3.03115
  -5.86467   1.19065  -1.91425     9.88202    14.21042    -4.32840
  -4.03436  -2.92031  -1.91425     1.81287     7.82102    -6.00814
  -2.95994  -2.80738  -1.91425    -1.86245     3.75149    -5.61394
  -4.03722   1.57227  -2.71239    15.17569    21.54561    -6.36992
  -2.96261   1.17297   2.35935     2.59538   -32.13292    34.72830
  -3.74862   2.53438   1.04028     9.85127   -10.29750    20.14878
  -1.64851  -1.46972  -2.75786     1.29204     6.66508    -5.37303
  -1.42352   0.28438  -3.27880     7.32053    23.23267   -15.91214
  -1.93655   1.17297  -3.27880    12.04128    28.41707   -16.37579
  -2.96261   1.17297  -3.27880    13.11369    23.66034   -10.54665
  -1.93655  -0.60422  -3.27880     4.47163    13.16466    -8.69303
  -2.44958   0.28438  -3.45972     8.36345    18.62540   -10.26195
   1.05942  -0.34932   3.19809    -0.77497   -41.55887    40.78390
   2.08548  -0.34932   3.01717     0.30622   -31.84247    32.14869
   0.54638  -1.23792   3.01717    -2.58722   -42.03836    39.45114
   1.57245  -1.23792   3.01717     1.22302   -32.59924    33.82225
   0.78784  -2.93316  -1.30191    -0.93185    17.88300   -18.81485
   0.78498  -2.25806  -2.10004    -0.81764    20.95110   -21.76874
   0.54638  -1.23792  -2.62099    -0.27799    20.59056   -20.86855
   4.31358   1.97861   1.18026   -11.78902   -20.27600     8.48698
   3.58889   2.70330   1.18026   -13.25300   -25.51863    12.26562
   4.96216   2.04083   0.27188   -15.82893   -21.77066     5.94174
   4.32989   2.91108   0.27188   -17.86143   -27.78365     9.92222
   3.39832   3.44892   0.27188   -16.85114   -28.29369    11.44255
   5.39894   0.98866  -0.79963   -14.68874   -12.88016    -1.80858
   5.20986   2.00014  -0.79963   -18.91188   -23.35170     4.43982
   4.66816   2.87501  -0.79963   -20.54843   -28.78143     8.23301
   3.84701   3.49512  -0.79963   -20.23342   -30.11165     9.87823
   2.85729   3.77672  -0.79963   -18.24107   -27.15390     8.91283
   5.18580   0.98866  -1.87115   -17.37950   -15.99574    -1.38376
   4.96216   2.04083  -1.87115   -20.80319   -24.88383     4.08063
   4.32989   2.91108  -1.87115   -21.71183   -28.95824     7.24641
   3.39832   3.44892  -1.87115   -20.79692   -28.59877     7.80185
   2.32854   3.56135  -1.87115   -18.18397   -23.21628     5.03231
   1.30551   3.22895  -1.87115   -13.00011   -10.99883    -2.00128
   4.57884   0.98866  -2.77953   -18.27057   -16.78144    -1.48913
   4.31358   1.97861  -2.77953   -20.92430   -23.89165     2.96735
   3.58889   2.70330  -2.77953   -21.07177   -25.84346     4.77169
   2.59894   2.96856  -2.77953   -19.20618   -22.29864     3.09245
   1.60899   2.70330  -2.77953   -15.01944   -12.18263    -2.83681
   4.31358  -0.00129  -2.77953   -12.62110    -4.78397    -7.83712
   3.67045   0.98866  -3.38650   -17.78425   -14.54728    -3.23697
   3.13470   1.91662  -3.38650   -19.25513   -19.09164    -0.16349
   2.06318   1.91662  -3.38650   -16.21108   -11.44486    -4.76622
   1.52743   0.98866  -3.38650   -11.58885     3.09294   -14.68178
   2.06318   0.06070  -3.38650   -10.63189     6.76161   -17.39350
   3.13470   0.06070  -3.38650   -12.96623    -2.29935   -10.66688
   2.59894   0.98866  -3.59964   -15.82955    -8.29213    -7.53742
  -1.33706  -1.40187   3.40006   -10.32441   -37.71288    27.38846
  -0.26554  -1.40187   3.18693    -7.71837   -40.45881    32.74045
  -1.87281  -0.47391   3.18693    -6.59952   -36.86448    30.26496
  -2.40857  -1.40187   3.18693   -10.54090   -35.05016    24.50926
  -1.87281  -2.32983   3.18693   -13.11181   -34.69790    21.58609
  -0.80130  -2.32983   3.18693   -11.60579   -35.76573    24.15994
  -3.05170  -0.41192   2.57996    -4.73519   -34.70897    29.97378
  -3.31696  -1.40187   2.57996    -8.06036   -29.15639    21.09603
  -3.05170  -2.39182   2.57996   -11.71246   -28.31009    16.59762
  -2.32701  -3.11651   2.57996   -14.16289   -29.83502    15.67213
  -1.33706  -3.38177   2.57996   -14.01103   -30.98866    16.97763
  -0.34711  -3.11651   2.57996   -10.80509   -29.91872    19.11364
  -2.63049  -3.64216   1.67158   -13.85729   -23.46944     9.61215
  -1.60746  -3.97456   1.67158   -14.49923   -26.13446    11.63523
  -0.53767  -3.86212   1.67158   -11.93586   -24.31623    12.38037
  -3.02443  -3.63632   0.60006   -11.18787   -15.14373     3.95587
  -2.10331  -4.09498   0.60006   -13.86859   -20.32363     6.45505
  -1.07871  -4.18993   0.60006   -13.19276   -20.52075     7.32799
  -0.08899  -3.90833   0.60006    -9.10265   -14.23245     5.12980
  -2.63049  -3.64216  -0.47145   -10.66641    -9.56894    -1.09747
  -1.60746  -3.97456  -0.47145   -12.41528   -15.16554     2.75027
  -0.53767  -3.86212  -0.47145   -10.43611   -10.51623     0.08012
  -2.32701  -3.11651  -1.37984    -8.09425    -3.91826    -4.17599
  -1.33706  -3.38177  -1.37984    -9.60780    -7.34363    -2.26417
  -0.34711  -3.11651  -1.37984    -7.40085     3.43189   -10.83274
   6.13950  -1.45123  -1.45994    -0.21335    10.67490   -10.88825
   5.90779  -0.43602  -1.45994    -4.17859     5.34281    -9.52140
   4.32034  -3.73239  -1.45994     3.18085    18.17041   -14.98956
   5.25854  -3.28058  -1.45994     2.79304    15.92569   -13.13265
   5.90779  -2.46644  -1.45994     1.79593    13.66922   -11.87329
   5.67607  -1.45123  -2.42227    -0.64696     9.38060   -10.02756
   5.37820  -0.43677  -2.42227    -5.55158     3.07036    -8.62193
   2.57090  -2.86932  -2.42227     2.23142    21.31014   -19.07871
   3.53264  -3.30853  -2.42227     2.68009    18.11940   -15.43930
   4.57916  -3.15806  -2.42227     2.63052    15.52775   -12.89723
   5.37820  -2.46569  -2.42227     1.70243    12.91791   -11.21547
   4.84100  -1.45123  -3.08822    -1.11446     9.48651   -10.60097
   4.32034  -0.54942  -3.08822    -6.61207     3.46524   -10.07731
   3.27902  -0.54942  -3.08822    -8.29442     5.99043   -14.28485
   2.75836  -1.45123  -3.08822    -1.48908    16.72608   -18.21516
   3.27902  -2.35304  -3.08822     1.20168    16.69896   -15.49727
   4.32034  -2.35304  -3.08822     1.29894    13.69863   -12.39969
   3.79968  -1.45123  -3.32589    -1.61395    11.49134   -13.10530
   4.16711  -0.71359   3.03242     2.68762     0.95630     1.73132
   5.20843  -0.71359   2.79475     2.68700     4.35040    -1.66340
   4.68777   0.18822   2.79475     1.58007    -0.52280     2.10287
   3.64645   0.18822   2.79475     1.49034    -6.37380     7.86414
   4.68777  -1.61540   2.79475     3.26305     7.07141    -3.80836
   6.04350  -0.71359   2.12880     2.32681     6.05445    -3.72764
   5.74563   0.30086   2.12880     0.90173     1.79404    -0.89231
   4.94659   0.99324   2.12880    -1.16842    -3.73982     2.57140
   3.90007   1.14370   2.12880    -2.30170   -10.09681     7.79510
   5.74563  -1.72805   2.12880     3.02585     9.51149    -6.48564
   6.50694  -0.71359   1.16647     1.36170     7.11446    -5.75277
   6.27522   0.30162   1.16647    -0.52334     2.48420    -3.00754
   5.62597   1.11576   1.16647    -3.78639    -3.98441     0.19802
   4.68777   1.56757   1.16647    -8.71171   -13.72933     5.01762
   6.27522  -1.72880   1.16647     2.37826    11.00109    -8.62283
   6.50694  -0.71359   0.09837    -0.20018     8.02231    -8.22249
   6.27522   0.30162   0.09837    -3.19214     1.86571    -5.05785
   5.62597   1.11576   0.09837    -8.89432    -7.83633    -1.05799
   2.96315  -2.02398   2.94035     3.77886    -1.25578     5.03464
   1.92183  -2.02398   2.70267     4.44716   -13.89699    18.34415
   2.44249  -2.92579   2.70267     4.26393     0.02529     4.23864
   3.48381  -2.92579   2.70267     3.99347     6.39838    -2.40491
   1.73437  -3.44207   2.03672     4.29530     0.59510     3.70020
   2.69611  -3.88128   2.03672     4.31413     6.93643    -2.62230
   3.74263  -3.73081   2.03672     4.11709    10.53430    -6.41721
   4.54167  -3.03844   2.03672     3.77949    12.92673    -9.14724
   1.50429  -3.85333   1.07440     3.70168     5.92610    -2.22442
   2.44249  -4.30514   1.07440     4.07191    10.22088    -6.14897
   3.48381  -4.30514   1.07440     4.08509    13.04433    -8.95924
   4.42201  -3.85333   1.07440     3.79141    15.27106   -11.47965
   1.50429  -3.85333   0.00630     3.17206    12.92430    -9.75224
   2.44249  -4.30514   0.00630     3.64395    14.82489   -11.18094
   3.48381  -4.30514   0.00630     3.74686    16.77247   -13.02561
  -0.18637   1.35018   4.38194     1.45708   -14.95998    16.41705
   0.85495   1.35018   4.14427     0.79568   -16.02518    16.82086
   0.33429   2.25199   4.14427     1.22239   -11.01050    12.23289
  -0.70703   2.25199   4.14427     1.96348   -10.80406    12.76754
  -1.22769   1.35018   4.14427     1.68800   -15.70648    17.39448
  -0.70703   0.44836   4.14427     0.38843   -21.22818    21.61661
   0.33429   0.44836   4.14427     0.55472   -21.56341    22.11813
   1.69003   1.35018   3.47832    -0.46687   -19.06080    18.59394
  -1.41515   2.76826   3.47832     2.62048    -8.75226    11.37273
  -1.98676   1.87882   3.47832     2.52698   -15.09854    17.62553
  -1.98676   0.82153   3.47832     0.79882   -23.01485    23.81367
  -1.41515  -0.06791   3.47832    -2.58157   -30.60017    28.01859
  -0.45341  -0.50712   3.47832    -3.31137   -34.79276    31.48139
   0.59312  -0.35665   3.47832    -0.89859   -35.09513    34.19654
   1.39216   0.33572   3.47832    -0.21461   -28.98362    28.76901
   2.74196   2.26928   2.37097    -3.96963   -17.10886    13.13923
   2.44409   3.28374   2.37097    -3.05283   -12.08850     9.03566
   1.64505   3.97611   2.37097    -1.25000    -6.97078     5.72078
   2.97368   3.28449   1.40865    -8.31827   -19.08804    10.76978
   2.32442   4.09863   1.40865    -4.43775   -11.08396     6.64621
   1.38622   4.55044   1.40865    -1.60329    -4.65891     3.05562
   2.32442   4.09863   0.34055    -8.66528   -15.06981     6.40453
   1.38622   4.55044   0.34055    -3.50527    -4.76318     1.25792
   1.64505   3.97611  -0.62178    -9.71949   -11.23295     1.51346
  -1.16794   4.26851   2.24331     3.41804    -0.25435     3.67239
  -2.12968   3.82930   2.24331     5.01443    -2.70310     7.71753
  -2.70129   2.93986   2.24331     5.55283   -10.04036    15.59319
  -0.38024   4.69238   1.28098     2.38140     2.94347    -0.56207
  -1.42156   4.69238   1.28098     4.87700     3.46448     1.41253
  -2.35976   4.24057   1.28098     7.11157     2.03429     5.07728
  -3.00902   3.42643   1.28098     8.77133    -3.14452    11.91585
  -0.38024   4.69238   0.21288     2.83885     6.51269    -3.67384
  -1.42156   4.69238   0.21288     6.33220     8.07601    -1.74382
  -2.35976   4.24057   0.21288     9.78915     8.33078     1.45837
  -3.00902   3.42643   0.21288    13.63829     6.44061     7.19769
  -1.16794   4.26851  -0.74944     7.74221    14.22925    -6.48704
  -2.12968   3.82930  -0.74944    13.88490    18.31132    -4.42642
  -6.25577   0.49489  -1.95805     8.90436    13.83783    -4.93347
  -6.48748  -0.52032  -1.95805     7.89344    12.86858    -4.97514
  -6.25577  -1.53553  -1.95805     6.88503    11.85450    -4.96947
  -5.60651  -2.34967  -1.95805     5.52961    10.68949    -5.15988
  -4.66832  -2.80148  -1.95805     3.59124     9.21627    -5.62503
  -4.41469   1.33698  -2.92037    12.57404    18.36517    -5.79113
  -5.37643   0.89777  -2.92037     9.83558    14.91582    -5.08023
  -5.94804   0.00832  -2.92037     8.41239    13.37614    -4.96375
  -5.94804  -1.04896  -2.92037     7.37198    12.27206    -4.90008
  -5.37643  -1.93840  -2.92037     6.12763    11.10673    -4.97910
  -4.41469  -2.37762  -2.92037     4.52372     9.62083    -5.09711
  -3.36817  -2.22715  -2.92037     2.98130     7.50345    -4.52215
  -2.56913  -1.53478  -2.92037     2.78928     6.03676    -3.24748
  -3.10633  -0.52032  -3.58632     6.81538    13.06302    -6.24764
  -3.62700   0.38149  -3.58632     9.68310    16.51246    -6.82936
  -4.66832   0.38149  -3.58632     9.23945    14.77866    -5.53921
  -5.18898  -0.52032  -3.58632     7.87838    12.91476    -5.03638
  -4.66832  -1.42213  -3.58632     6.49974    11.49517    -4.99543
  -3.62700  -1.42213  -3.58632     5.50326    10.59872    -5.09546
  -4.14765  -0.52032  -3.82400     7.57969    13.06708    -5.48740
  -4.47775   0.29204   2.52912     3.03024   -12.70073    15.73097
  -3.95709   1.19385   2.29144     4.32668   -18.82327    23.14995
  -4.99841   1.19385   2.29144     5.66327    -6.58322    12.24649
  -5.51907   0.29204   2.29144     4.97615    -3.00879     7.98494
  -4.74479   2.14934   1.62549     7.76167    -5.37007    13.13174
  -5.70653   1.71013   1.62549     7.47991     0.11882     7.36110
  -6.27814   0.82069   1.62549     6.81601     2.38411     4.43190
  -6.27814  -0.23660   1.62549     5.81952     2.91026     2.90926
  -4.99841   2.57321   0.66317     9.91967     1.66513     8.25454
  -5.93661   2.12140   0.66317     8.82027     4.46100     4.35928
  -6.58586   1.30726   0.66317     8.02271     6.00832     2.01439
  -6.81757   0.29204   0.66317     7.29354     6.91559     0.37795
  -6.58586  -0.72317   0.66317     6.61521     7.40536    -0.79015
  -4.99841   2.57321  -0.40493    12.10152     8.38364     3.71788
  -5.93661   2.12140  -0.40493     9.82115     8.71411     1.10704
  -6.58586   1.30726  -0.40493     8.68599     9.48919    -0.80320
  -6.81757   0.29204  -0.40493     8.03149    10.39228    -2.36079
  -3.65543  -1.28919   2.50531    -5.00690   -23.48722    18.48032
  -4.17610  -2.19100   2.26763    -3.10492   -13.25838    10.15347
  -5.45582  -1.81783   1.60168     3.18273     0.20560     2.97713
  -4.88421  -2.70727   1.60168     0.41541    -3.84773     4.26314
  -3.92247  -3.14648   1.60168    -4.94226   -11.59567     6.65340
  -5.11429  -3.11854   0.63936     1.81476     1.23698     0.57778
  -4.17610  -3.57035   0.63936    -2.28162    -4.18383     1.90220
  -3.13477  -3.57035   0.63936   -10.44050   -14.32008     3.87958
  -5.11429  -3.11854  -0.42874     2.89784     5.71272    -2.81488
  -4.17610  -3.57035  -0.42874    -0.74736     1.75165    -2.49901
  -3.13477  -3.57035  -0.42874    -7.10341    -3.90036    -3.20305
   0.56624   3.23595  -1.58844    -3.77384     5.74023    -9.51407
   0.82507   2.66162  -2.55077    -7.03815     2.79243    -9.83058
  -0.22146   2.81209  -2.55077     4.76531    21.72891   -16.96361
   1.08690   0.95479  -3.21671    -7.93298    10.20366   -18.13664
   0.56624   1.85660  -3.21671    -2.95871    12.20153   -15.16024
  -0.47508   1.85660  -3.21671     6.30145    26.12036   -19.81891
  -0.99574   0.95479  -3.21671     8.91063    29.79903   -20.88839
  -0.47508   0.05298  -3.21671     4.49297    23.01997   -18.52700
   0.56624   0.05298  -3.21671    -1.17470    19.17717   -20.35186
   0.04558   0.95479  -3.45439     1.91202    20.42888   -18.51686
  -2.87500   3.46324  -0.37910    16.21610    14.54600     1.67010
  -3.81319   3.01143  -0.37910    15.75551    10.32038     5.43513
  -1.83368   3.46324  -1.44720    16.20167    27.02102   -10.81935
  -2.87500   3.46324  -1.44720    16.98166    22.43849    -5.45683
  -3.81319   3.01143  -1.44720    17.01806    19.21611    -2.19805
  -1.57485   2.88890  -2.40953    15.31437    31.89004   -16.57567
  -2.62137   3.03937  -2.40953    16.62712    27.03806   -10.41095
  -3.58311   2.60016  -2.40953    16.87059    23.77865    -6.90806
  -1.83368   2.08388  -3.07548    14.29278    31.26427   -16.97149
  -2.87500   2.08388  -3.07548    15.40787    26.67290   -11.26503
   0.28967  -2.14897   2.75912    -5.43611   -34.17690    28.74079
   1.33099  -2.14897   2.75912     2.46611   -20.67160    23.13772
   0.54330  -3.10446   2.09317    -2.85517   -17.97225    15.11708
   0.54330  -3.10446  -0.89958    -2.54016    12.15674   -14.69690
