  983     6       509931.6390896359     9069.7481687580
   2.31910  -0.06626   1.86403     1.67043   -41.47171    43.14214
   2.84410   0.84307   1.58269    -0.01506   -17.64095    17.62589
   1.26910  -0.06626  -2.05462    -6.18662    52.00096   -58.18757
   1.79410  -0.97558  -2.05462     1.41566    30.49666   -29.08100
  -1.86122   0.61201   1.87973     6.13893   -46.31707    52.45599
  -2.38622  -0.29731   1.87973    -7.80434   -60.50875    52.70442
  -0.81122  -1.20664  -1.75758     5.28677    28.24468   -22.95792
   3.36156  -1.14269   2.12846     5.67206    12.18488    -6.51282
   2.83656  -0.23336   1.84712     6.68549    -6.32721    13.01269
   2.31156  -1.14269   1.84712     8.80333   -17.45699    26.26032
   4.55449  -2.87095   0.02846     5.28175    29.28071   -23.99897
   5.22101  -2.11861   0.02846     4.26957    26.19678   -21.92721
   4.89150  -0.15945  -1.02154    -8.10429     6.41973   -14.52401
   2.17059  -2.51713  -1.02154     6.74510    39.61245   -32.86736
  -0.33475   3.52107   2.00762     2.77987     1.32684     1.45303
   1.45402   0.73769   2.00762    -5.20394   -55.21526    50.01133
   0.17719   3.80561   0.95762     1.73444     3.69131    -1.95687
   0.44907   2.63025  -0.86103    -0.26857    11.14272   -11.41130
  -3.76279  -0.33646   1.68575     1.54054   -25.81304    27.35358
  -5.80176  -0.83903  -0.41425    11.42632    17.54936    -6.12304
  -5.33466  -1.72902  -0.41425     9.72389    16.23961    -6.51572
  -4.02161   1.46368  -1.46425    24.87071    23.88699     0.98372
  -4.95375   1.03798  -1.46425    14.14218    20.24281    -6.10063
  -3.00729  -1.99077  -1.46425    -0.15311    -0.65240     0.49928
  -2.97458   1.19370   1.35893     1.70996   -72.28279    73.99275
  -2.70840   2.08452   0.59027    12.86081   -40.51063    53.37144
  -1.39958   0.28438  -2.27838    11.29203    39.08957   -27.79754
  -1.92458  -0.62495  -2.27838     1.43198     4.51078    -3.07880
  -2.44958   0.28438  -2.55973     9.74271    23.16099   -13.41827
   1.05942  -0.34932   2.29809    -4.09262  -100.87771    96.78510
   2.10941  -0.34932   2.01674    -0.07091   -61.54396    61.47306
   1.58442   0.56000   2.01674    -6.14771   -63.33302    57.18531
   0.00941  -0.34932   2.01674    -0.57794   -68.49025    67.91231
   0.80059  -2.14946  -0.85191     0.52523    30.41948   -29.89425
   0.53441  -1.25865  -1.62056    -2.39960    25.53199   -27.93159
   1.05942  -0.34932  -1.90191    -1.73820    22.94019   -24.67839
   3.08894   1.83737   0.89777   -21.84423   -43.61038    21.76615
   4.29635   0.98866   0.18037   -20.79190   -23.82285     3.03095
   3.97217   1.98637   0.18037   -32.12723   -49.08760    16.96037
   3.12347   2.60300   0.18037   -31.91764   -55.49620    23.57856
   4.55894   0.98866  -0.79963   -31.64154   -34.59995     2.95841
   4.29635   1.96866  -0.79963   -38.26992   -53.14199    14.87207
   3.57894   2.68607  -0.79963   -37.97374   -59.70765    21.73391
   2.59894   2.94866  -0.79963   -35.14053   -56.53166    21.39112
   1.61894   2.68607  -0.79963   -28.80520   -41.40072    12.59552
   4.29635   0.98866  -1.77963   -36.12760   -40.94246     4.81485
   3.97217   1.98637  -1.77963   -40.10915   -55.18301    15.07386
   3.12347   2.60300  -1.77963   -38.50649   -57.62598    19.11949
   2.07441   2.60300  -1.77963   -34.92843   -48.02446    13.09603
   1.22571   1.98637  -1.77963   -24.57453   -22.00844    -2.56608
   3.97217  -0.00905  -1.77963   -20.24659   -12.60895    -7.63764
   3.57894   0.98866  -2.49704   -35.55783   -39.97471     4.41688
   3.08894   1.83737  -2.49704   -37.61919   -48.98778    11.36858
   2.10894   1.83737  -2.49704   -33.66965   -37.23492     3.56527
   1.61894   0.98866  -2.49704   -25.33381    -1.68159   -23.65223
   2.10894   0.13996  -2.49704   -20.43987    12.99519   -33.43506
   3.08894   0.13996  -2.49704   -25.05143   -15.74161    -9.30982
   2.59894   0.98866  -2.75964   -32.18308   -28.61351    -3.56957
  -1.33706  -1.40187   2.56006   -23.98843   -62.94409    38.95566
  -0.35706  -1.40187   2.29747   -18.28249   -63.71377    45.43128
  -0.84706  -0.55317   2.29747   -11.94715   -58.19728    46.25012
  -1.82706  -0.55317   2.29747   -14.88704   -58.83047    43.94343
  -2.31706  -1.40187   2.29747   -23.95204   -59.19978    35.24774
  -1.82706  -2.25058   2.29747   -28.65648   -58.76710    30.11063
  -0.84706  -2.25058   2.29747   -26.14016   -60.42025    34.28009
  -2.71029  -2.39958   1.58006   -26.64782   -39.68515    13.03733
  -1.86159  -3.01620   1.58006   -30.07779   -48.38107    18.30328
  -0.81253  -3.01620   1.58006   -26.94149   -52.63017    25.68868
   0.03618  -2.39958   1.58006   -12.89218   -41.50267    28.61049
  -2.31706  -3.09928   0.60006   -28.48893   -34.55284     6.06391
  -1.33706  -3.36187   0.60006   -28.67028   -45.91583    17.24555
  -0.35706  -3.09928   0.60006   -22.01805   -37.21832    15.20026
  -1.86159  -3.01620  -0.37994   -25.98078   -37.72624    11.74547
  -0.81253  -3.01620  -0.37994   -23.74182   -30.36428     6.62246
   0.03618  -2.39958  -0.37994   -11.10880     5.22745   -16.33625
  -1.82706  -2.25058  -1.09735   -16.25752   -35.41764    19.16012
  -0.84706  -2.25058  -1.09735   -15.31939     6.16894   -21.48833
   5.39745  -1.45123  -0.40675     2.92545    23.55486   -20.62941
   5.02365  -2.47826  -0.40675     5.00502    26.21515   -21.21013
   5.39745  -1.45123  -1.44504     2.82630    16.46502   -13.63872
   5.02365  -0.42420  -1.44504    -5.02823     7.81459   -12.84282
   3.00079  -2.83494  -1.44504     5.61496    31.82252   -26.20757
   4.07713  -3.02473  -1.44504     6.30522    25.13276   -18.82754
   5.02365  -2.47826  -1.44504     5.94503    20.74553   -14.80051
   4.78716  -1.45123  -2.28504     3.33459    14.55845   -11.22387
   4.10483  -0.51208  -2.28504    -6.52673     4.80348   -11.33021
   3.00079  -0.87080  -2.28504    -1.62462    20.11332   -21.73794
   3.00079  -2.03166  -2.28504     5.09663    26.93298   -21.83635
   4.10483  -2.39038  -2.28504     6.39997    20.82202   -14.42205
   3.79968  -1.45123  -2.60589     2.78928    17.25949   -14.47021
   4.16711  -0.71359   2.31242     5.86721    11.19332    -5.32611
   5.15459  -0.71359   1.99157     6.67984    13.06860    -6.38877
   4.47226   0.22556   1.99157     4.65424     6.05575    -1.40151
   3.36822  -0.13317   1.99157     5.69339     3.84404     1.84935
   4.47226  -1.65274   1.99157     5.85968    19.64717   -13.78749
   5.76488  -0.71359   1.15157     5.56475    14.24482    -8.68007
   5.39108   0.31344   1.15157     2.83195     6.95655    -4.12460
   4.44456   0.85991   1.15157    -2.57404    -2.77281     0.19877
   5.39108  -1.74062   1.15157     5.63817    20.90680   -15.26863
   5.76488  -0.71359   0.11327     2.16177    15.70666   -13.54489
   5.39108   0.31344   0.11327    -3.15261     4.92344    -8.07605
   4.44456   0.85991   0.11327   -17.25400   -16.73284    -0.52116
   5.39108  -1.74062   0.11327     4.10579    24.95704   -20.85125
   2.96315  -2.02398   2.22035     7.41967    10.53829    -3.11862
   3.95063  -2.02398   1.89950     5.99523    22.86224   -16.86702
   2.16426  -1.44356   1.89950    10.33006   -13.96736    24.29742
   2.16426  -2.60441   1.89950    11.12323     8.53387     2.58936
   3.26830  -2.96313   1.89950     8.27999    17.30961    -9.02962
   2.16426  -3.40770   1.05950    10.48004    18.03783    -7.55779
   3.24060  -3.59748   1.05950     8.50652    21.46021   -12.95370
   4.18711  -3.05101   1.05950     6.47904    25.70433   -19.22529
   2.16426  -3.40770   0.02120     8.64018    26.18541   -17.54523
   3.24060  -3.59748   0.02120     6.99610    27.07542   -20.07931
  -0.18637   1.35018   3.66194     4.49297   -12.56685    17.05982
   0.80111   1.35018   3.34109     2.36571   -15.37678    17.74249
   0.11878   2.28932   3.34109     2.95055    -5.98977     8.94032
  -0.98526   1.93060   3.34109     4.43712    -9.13905    13.57617
  -0.98526   0.76975   3.34109     3.86044   -19.61809    23.47853
   0.11878   0.41103   3.34109     3.02334   -25.51940    28.54274
   1.41141   1.35018   2.50109    -1.55560   -23.09714    21.54155
  -1.68779   1.89665   2.50109     4.10642   -15.23518    19.34160
  -1.68779   0.80370   2.50109     3.60818   -29.11859    32.72677
  -0.98526  -0.03354   2.50109    -1.28953   -39.82376    38.53422
   0.09108  -0.22333   2.50109    -0.49071   -53.38399    52.89328
   1.03760   0.32314   2.50109    -1.88629   -56.92671    55.04041
   1.85304   2.26928   2.23375    -1.58070   -14.40402    12.82332
   1.17071   3.20843   2.23375     0.48632    -4.99044     5.47676
   2.46334   2.26928   1.39374    -7.74221   -27.10269    19.36048
   2.08953   3.29631   1.39374    -2.61671   -14.82617    12.20945
   1.14302   3.84278   1.39374     0.53715    -4.43159     4.96874
   2.08953   1.24225   1.39374    -4.19114   -35.14104    30.94990
   2.08953   3.29631   0.35545   -10.55283   -24.79109    14.23826
   1.14302   3.84278   0.35545    -2.03439    -5.30652     3.27213
   1.17071   3.20843  -0.48455    -9.24572    -5.98833    -3.25739
  -1.69979   2.99164   2.10608     5.88478    -5.75441    11.63919
  -0.62345   3.98472   1.26608     4.66365     3.81262     0.85103
  -1.69979   3.79493   1.26608     9.17544     1.73916     7.43629
  -2.40232   2.95769   1.26608    11.09311    -8.91036    20.00348
  -2.40232   1.86475   1.26608     7.09023   -53.86232    60.95255
  -0.62345   3.98472   0.22778     6.18473     9.42547    -3.24074
  -1.69979   3.79493   0.22778    12.94615     9.98292     2.96323
  -2.40232   2.95769   0.22778    19.19677     5.66648    13.53029
  -0.59576   3.35037  -0.61222     9.34173    20.73111   -11.38937
  -1.69979   2.99164  -0.61222    23.58243    31.00055    -7.41812
  -0.90091   2.41122  -0.93307    24.09009    53.14008   -29.04999
  -4.94654   0.86340  -1.94315    13.89494    21.65885    -7.76391
  -5.64907   0.02615  -1.94315    11.99861    20.75883    -8.76022
  -5.64907  -1.06679  -1.94315    11.09813    19.55899    -8.46086
  -4.94654  -1.90403  -1.94315     8.73807    17.50404    -8.76597
  -3.87021  -2.09382  -1.94315     5.03451    12.89608    -7.86157
  -2.92369  -1.54735  -1.94315     3.02209    -1.30824     4.33033
  -3.16018  -0.52032  -2.78315     9.16352    14.76831    -5.60479
  -3.84251   0.41883  -2.78315    14.67305    22.57140    -7.89835
  -4.94654   0.06011  -2.78315    13.04655    20.88916    -7.84261
  -4.94654  -1.10074  -2.78315    11.37486    18.87165    -7.49678
  -3.84251  -1.45947  -2.78315     8.55170    15.11912    -6.56742
  -4.14765  -0.52032  -3.10400    11.83671    19.10756    -7.27085
  -4.47775   0.29204   1.80912     6.32530   -11.66764    17.99294
  -4.17260   1.23119   1.48827     8.73368   -18.29814    27.03182
  -5.27664   0.87247   1.48827    10.51329    -0.57730    11.09060
  -5.27664  -0.28838   1.48827     7.75978     1.65063     6.10916
  -4.20030   1.86555   0.64827    13.22100    -9.78567    23.00667
  -5.27664   1.67576   0.64827    13.11244     3.54829     9.56415
  -5.97916   0.83852   0.64827    12.09838     7.99850     4.09989
  -5.97916  -0.25443   0.64827    10.38654    10.02669     0.35984
  -4.20030   1.86555  -0.39003    19.56637     6.75145    12.81492
  -5.27664   1.67576  -0.39003    14.04743    10.83958     3.20784
  -5.97916   0.83852  -0.39003    12.23204    13.71007    -1.47803
  -5.97916  -0.25443  -0.39003    11.64218    16.82330    -5.18111
  -5.27664   0.87247  -1.23003    12.94489    19.87278    -6.92788
  -3.65543  -1.28919   1.78531    -3.52849   -22.67944    19.15095
  -4.45432  -1.86961   1.46446     3.12249    -3.69493     6.81742
  -3.35029  -2.22834   1.46446   -10.46058   -23.53330    13.07272
  -5.15685  -1.83566   0.62445     7.71774     8.72461    -1.00687
  -4.45432  -2.67290   0.62445     4.08571     1.93319     2.15253
  -3.37798  -2.86269   0.62445    -7.30986   -12.01845     4.70859
  -4.45432  -2.67290  -0.41384     5.03074     9.27937    -4.24862
  -3.37798  -2.86269  -0.41384    -3.40989     4.24033    -7.65021
  -3.35029  -2.22834  -1.25384     0.60806     9.63055    -9.02250
   0.32303   2.52829  -1.57354     1.68486    21.08100   -19.39614
  -0.75330   2.33850  -1.57354    20.22840    57.70082   -37.47242
   1.03306   0.95479  -2.41354   -10.44803    16.97035   -27.41839
   0.35073   1.89394  -2.41354     2.03188    28.09673   -26.06486
  -0.75330   1.53521  -2.41354    16.99358    60.47441   -43.48083
  -0.75330   0.37436  -2.41354    12.54391    44.91217   -32.36826
   0.35073   0.01564  -2.41354     3.53100    28.65006   -25.11907
   0.04558   0.95479  -2.73439     6.42507    36.27629   -29.85122
  -3.15322   2.56579  -0.39401    25.16376    16.94734     8.21642
  -1.13037   2.20910  -1.43230    29.34109    67.86948   -38.52840
  -2.07689   2.75558  -1.43230    29.63163    46.33436   -16.70274
  -3.15322   2.56579  -1.43230    29.07565    36.63406    -7.55840
  -3.85575   1.72855  -1.43230    27.22073    27.60936    -0.38862
  -1.36686   1.18207  -2.27230    22.93422    63.19938   -40.26517
  -2.04919   2.12122  -2.27230    27.76039    52.09473   -24.33433
  -3.15322   1.76250  -2.27230    26.85239    40.20611   -13.35373
  -2.35433   1.18207  -2.59315    21.38866    43.28348   -21.89482
   0.81033  -1.24716   2.27679     2.27096   -61.32388    63.59483
   1.79781  -1.24716   1.95594     8.10805   -48.15132    56.25937
   1.11548  -2.18631   1.95594    10.03701   -15.49065    25.52766
   1.08779  -2.82066   1.11594    12.03814     7.76076     4.27738
   1.08779  -2.82066   0.07764    10.20644    23.22175   -13.01531
   2.83976   0.83555   1.92636    -0.75678   -18.45588    17.69910
   1.27778  -0.06626  -2.39829    -7.21071    35.12878   -42.33949
   1.79844  -0.96807  -2.39829    -1.58195    25.18353   -26.76548
  -0.55673  -2.00414  -1.43530    -6.37299    34.17332   -40.54631
  -0.81556  -1.19912  -2.10125     3.47076    20.92496   -17.45421
   3.36156  -1.14269   2.42846     4.46159     5.67242    -1.21083
   2.84090  -0.24088   2.19079     3.63077   -12.54789    16.17866
   2.32024  -1.14269   2.19079     5.61621   -21.04287    26.65908
   4.82042  -2.97204   0.56251     4.27899    23.43038   -19.15139
   5.46967  -2.15790   0.56251     3.77196    21.32833   -17.55637
   5.70138  -1.14269  -0.50559     0.76180    17.02081   -16.25901
   3.88222  -3.42385  -0.50559     4.82367    26.72558   -21.90191
   2.13278  -2.56077  -1.46791     4.45281    32.27890   -27.82609
   0.70355   3.42776   2.45399     0.40600    -3.10832     3.51432
  -0.34297   3.57822   2.45399     1.99862    -1.12962     3.12824
  -1.87632   2.24957   2.45399     4.02296   -13.81162    17.83458
  -3.76279  -0.33646   1.98575     0.09162   -25.44717    25.53879
  -5.87090  -1.35168   0.11980     8.23732    11.53663    -3.29931
  -4.28345   1.94470  -0.94830    19.85064    15.48545     4.36519
  -6.10261  -0.33646  -0.94830    10.20519    16.86824    -6.66305
  -5.87090  -1.35168  -0.94830     9.16227    16.08759    -6.92533
  -5.22164  -2.16581  -0.94830     6.98795    14.20093    -7.21299
  -4.02982   1.52083  -1.91063    21.25500    25.48576    -4.23076
  -2.98330  -2.04329  -1.91063     0.57354     1.69569    -1.12215
  -2.97024   1.18619   1.70260     2.71900   -52.75741    55.47641
  -1.40826   0.28438  -2.62205     9.80107    33.34723   -23.54615
  -1.92892  -0.61744  -2.62205     3.29944    10.65000    -7.35056
  -2.44958   0.28438  -2.85973     9.78413    22.75819   -12.97406
   1.05942  -0.34932   2.59809    -2.21887   -69.11818    66.89931
   2.10074  -0.34932   2.36042    -0.00628   -48.46463    48.45835
   1.58008   0.55249   2.36042    -3.63516   -50.22579    46.59063
   1.58008  -1.25113   2.36042     4.11270   -47.60497    51.71766
   0.79238  -2.20662  -1.29829    -1.12073    26.69749   -27.81822
   0.53875  -1.25113  -1.96424    -0.86722    24.33770   -25.20491
   3.08489   1.83035   1.21854   -14.36055   -32.45900    18.09845
   4.01577   2.01805   0.59698   -22.39330   -35.50629    13.11298
   3.14012   2.65425   0.59698   -22.43033   -41.30902    18.87869
   4.78278   0.98866  -0.30119   -20.45618   -20.41516    -0.04102
   4.53263   2.00354  -0.30119   -27.80055   -38.34558    10.54503
   3.83950   2.78593  -0.30119   -28.98843   -45.40887    16.42044
   2.86217   3.15658  -0.30119   -26.52294   -44.27432    17.75137
   4.78278   0.98866  -1.29808   -26.24558   -27.46378     1.21819
   4.53263   2.00354  -1.29808   -31.19036   -41.18138     9.99102
   3.83950   2.78593  -1.29808   -31.49847   -46.59428    15.09581
   2.86217   3.15658  -1.29808   -29.44902   -44.74740    15.29838
   1.82454   3.03059  -1.29808   -24.99057   -34.12719     9.13662
   4.35024   0.98866  -2.19625   -28.20843   -30.47082     2.26238
   4.01577   2.01805  -2.19625   -31.78649   -41.52239     9.73590
   3.14012   2.65425  -2.19625   -30.84021   -42.92468    12.08447
   2.05776   2.65425  -2.19625   -27.11908   -33.74933     6.63025
   1.18211   2.01805  -2.19625   -18.01580    -9.81754    -8.19826
   3.57084   0.98866  -2.81780   -27.57277   -28.35128     0.77851
   3.08489   1.83035  -2.81780   -29.52809   -35.06134     5.53326
   2.11299   1.83035  -2.81780   -25.95568   -24.95209    -1.00359
   1.62704   0.98866  -2.81780   -19.47727    -0.45467   -19.02260
   2.11299   0.14697  -2.81780   -16.77898     7.44052   -24.21949
   3.08489   0.14697  -2.81780   -20.12988   -10.19014    -9.93974
   2.59894   0.98866  -3.03964   -24.96609   -19.20979    -5.75631
  -1.33706  -1.40187   2.84006   -17.78550   -51.38214    33.59664
  -0.36516  -1.40187   2.61823   -13.69351   -53.48512    39.79161
  -0.85111  -0.56018   2.61823    -9.38127   -49.88368    40.50241
  -1.82301  -0.56018   2.61823   -11.69238   -49.08008    37.38769
  -2.30896  -1.40187   2.61823   -17.96873   -48.47917    30.51043
  -1.82301  -2.24356   2.61823   -21.64720   -48.12887    26.48168
  -0.85111  -2.24356   2.61823   -19.57265   -49.40219    29.82955
  -2.75389  -0.37248   1.99668    -6.96849   -51.06431    44.09581
  -3.08836  -1.40187   1.99668   -13.62198   -40.02683    26.40485
  -2.75389  -2.43126   1.99668   -20.40222   -37.35127    16.94905
  -1.87824  -3.06746   1.99668   -23.16953   -41.47808    18.30855
  -0.79588  -3.06746   1.99668   -20.55345   -43.10596    22.55251
   0.07978  -2.43126   1.99668   -10.38967   -38.27169    27.88202
  -2.97168  -2.85002   1.09851   -17.90034   -23.03030     5.12996
  -2.11146  -3.44380   1.09851   -22.93735   -32.84418     9.90682
  -1.07382  -3.56979   1.09851   -21.70367   -37.20423    15.50056
  -0.09650  -3.19914   1.09851   -14.01919   -28.63115    14.61196
  -2.11146  -3.44380   0.10162   -21.23994   -28.69176     7.45181
  -1.07382  -3.56979   0.10162   -20.56851   -30.26913     9.70062
  -0.09650  -3.19914   0.10162   -13.31010   -16.66935     3.35925
  -1.87824  -3.06746  -0.79655   -17.81499   -22.94858     5.13358
  -0.79588  -3.06746  -0.79655   -16.49785   -15.16680    -1.33105
   0.07978  -2.43126  -0.79655    -8.16390    16.97512   -25.13902
  -1.82301  -2.24356  -1.41811   -10.04329   -20.35970    10.31641
  -0.85111  -2.24356  -1.41811    -9.50928    10.28265   -19.79193
   5.71968  -1.45123  -0.92589     1.29643    16.05529   -14.75886
   3.79968  -3.37123  -0.92589     4.73142    26.02270   -21.29128
   4.75968  -3.11400  -0.92589     4.51807    21.94051   -17.42244
   5.46245  -2.41123  -0.92589     3.57931    19.00969   -15.43038
   5.46245  -1.45123  -1.88589     1.30396    12.61488   -11.31091
   5.14489  -0.47388  -1.88589    -5.09914     5.00485   -10.10399
   2.45447  -2.42858  -1.88589     4.23883    29.77564   -25.53681
   3.28586  -3.03262  -1.88589     4.51242    23.97569   -19.46327
   4.31350  -3.03262  -1.88589     4.86383    19.91966   -15.05583
   5.14489  -2.42858  -1.88589     4.09701    16.59713   -12.50013
   4.75968  -1.45123  -2.58866     1.15587    11.89756   -10.74169
   4.27968  -0.61985  -2.58866    -5.54844     4.82243   -10.37087
   3.31968  -0.61985  -2.58866    -7.42030     7.90540   -15.32570
   2.83968  -1.45123  -2.58866     0.92620    21.57203   -20.64582
   3.31968  -2.28262  -2.58866     3.60065    20.64375   -17.04310
   4.27968  -2.28262  -2.58866     3.88491    16.69350   -12.80859
   3.79968  -1.45123  -2.84589     0.59990    14.21047   -13.61057
   4.16711  -0.71359   2.55242     4.36747     7.40725    -3.03979
   5.12711  -0.71359   2.29519     4.74397     9.84266    -5.09869
   4.64711   0.11779   2.29519     3.43624     4.53055    -1.09431
   3.68711   0.11779   2.29519     3.19591    -0.00454     3.20045
   4.64711  -1.54498   2.29519     4.77409    14.02031    -9.24622
   5.82988  -0.71359   1.59242     4.22251    11.08188    -6.85936
   5.51232   0.26376   1.59242     2.33057     5.53694    -3.20637
   4.68093   0.86779   1.59242    -0.96574    -1.56857     0.60283
   3.65329   0.86779   1.59242    -1.43637    -7.31856     5.88219
   5.51232  -1.69094   1.59242     4.61282    15.96800   -11.35517
   6.08711  -0.71359   0.63242     2.39960    11.99471    -9.59511
   5.82988   0.24641   0.63242    -0.39282     5.44175    -5.83457
   5.12711   0.94918   0.63242    -6.27133    -4.68158    -1.58975
   5.82988  -1.67359   0.63242     3.47829    17.61403   -14.13575
   5.82988  -0.71359  -0.32758    -0.34576    13.25265   -13.59841
   5.51232   0.26376  -0.32758    -6.14457     2.50684    -8.65141
   2.96315  -2.02398   2.46035     5.81450     5.86531    -0.05081
   3.92315  -2.02398   2.20312     5.02321    16.56904   -11.54583
   2.00315  -2.02398   2.20312     8.67344    -6.77195    15.44539
   2.48315  -2.85536   2.20312     7.36571     7.12548     0.24023
   3.44315  -2.85536   2.20312     6.05358    13.46628    -7.41270
   1.61794  -3.00133   1.50035    10.01568     7.86080     2.15488
   2.44932  -3.60537   1.50035     7.44728    12.94920    -5.50191
   3.47697  -3.60537   1.50035     6.41628    16.90689   -10.49060
   4.30836  -3.00133   1.50035     5.22715    20.44492   -15.21777
   2.00315  -3.68675   0.54035     7.15737    17.29175   -10.13438
   2.96315  -3.94398   0.54035     6.34600    19.40213   -13.05613
   3.92315  -3.68675   0.54035     5.47126    22.04286   -16.57161
   1.61794  -3.00133  -0.41965     7.10215    28.14075   -21.03860
   2.44932  -3.60537  -0.41965     5.53338    24.47890   -18.94552
   3.47697  -3.60537  -0.41965     5.01129    25.85437   -20.84308
  -0.18637   1.35018   3.90194     2.97440   -12.96627    15.94066
   0.77363   1.35018   3.64471     1.69992   -14.78274    16.48266
   0.29363   2.18156   3.64471     2.07957    -8.16417    10.24373
  -0.66637   2.18156   3.64471     3.09362    -8.14401    11.23763
  -1.14637   1.35018   3.64471     3.17143   -14.22003    17.39147
  -0.66637   0.51879   3.64471     1.91328   -20.98201    22.89528
   0.29363   0.51879   3.64471     1.83986   -22.17858    24.01844
   1.47640   1.35018   2.94194    -0.79254   -20.04333    19.25078
   1.15884   2.32753   2.94194    -0.33948    -8.86439     8.52490
  -0.70019   2.93156   2.94194     2.57091    -3.59600     6.16691
  -1.53158   2.32753   2.94194     3.43499    -9.60829    13.04327
  -1.84914   1.35018   2.94194     3.06727   -20.01145    23.07872
  -1.53158   0.37282   2.94194     0.25665   -29.52299    29.77964
  -0.70019  -0.23121   2.94194    -2.84827   -37.79162    34.94336
   0.32746  -0.23121   2.94194    -0.72666   -43.77527    43.04862
   1.15884   0.37282   2.94194    -0.56915   -38.48205    37.91290
   1.82556   2.26928   2.53737    -1.75075   -13.32605    11.57529
   1.34556   3.10066   2.53737    -0.44930    -6.84691     6.39762
   2.52833   2.26928   1.83460    -5.37462   -20.80205    15.42743
   2.21077   3.24663   1.83460    -2.92984   -13.35394    10.42410
   1.37939   3.85067   1.83460    -0.45996    -6.09997     5.64000
   2.21077   1.29193   1.83460    -3.81902   -28.64099    24.82196
   2.52833   3.22928   0.87460   -10.12361   -24.30194    14.17833
   1.82556   3.93205   0.87460    -3.79016   -11.42907     7.63892
   0.86557   4.18928   0.87460    -0.51519    -2.60171     2.08653
   2.21077   3.24663  -0.08540   -18.31637   -32.93204    14.61567
   1.37939   3.85067  -0.08540    -6.03664    -9.36802     3.33138
   0.35174   3.85067  -0.08540    -0.13366     4.08277    -4.21642
   1.34556   3.10066  -0.78817   -15.13490   -17.31125     2.17634
  -1.38091   3.24260   2.40970     4.08571    -3.67711     7.76283
  -1.86090   2.41122   2.40970     4.23318   -12.12993    16.36311
  -0.38708   3.99261   1.70693     2.74473     1.37842     1.36631
  -1.41473   3.99261   1.70693     5.74799     0.32541     5.42257
  -2.24611   3.38857   1.70693     7.74598    -4.84943    12.59541
  -2.56367   2.41122   1.70693     7.11972   -21.20654    28.32626
  -0.90091   4.33122   0.74693     5.55220     4.95639     0.59581
  -1.86090   4.07399   0.74693     9.41892     4.45889     4.96003
  -2.56367   3.37122   0.74693    12.49309    -0.16754    12.66062
  -2.82091   2.41122   0.74693    12.82567   -21.82238    34.64805
  -0.38708   3.99261  -0.21307     4.44402     9.70440    -5.26038
  -1.41473   3.99261  -0.21307    10.56036    12.39504    -1.83468
  -2.24611   3.38857  -0.21307    17.64808    14.97685     2.67123
  -0.42091   3.24260  -0.91584     8.02961    21.80074   -13.77113
  -1.38091   3.24260  -0.91584    17.35503    28.47876   -11.12373
  -5.81042   0.43968  -1.42400    10.90612    18.30964    -7.40352
  -6.06765  -0.52032  -1.42400     9.99497    17.43844    -7.44347
  -5.81042  -1.48032  -1.42400     8.82969    16.28085    -7.45116
  -5.10766  -2.18309  -1.42400     6.79091    14.75495    -7.96404
  -4.66148   1.06107  -2.38400    13.97903    20.70631    -6.72728
  -5.49286   0.45703  -2.38400    11.18849    18.41480    -7.22630
  -5.81042  -0.52032  -2.38400    10.10416    17.29213    -7.18798
  -5.49286  -1.49767  -2.38400     8.82090    16.00047    -7.17957
  -4.66148  -2.10171  -2.38400     6.70055    13.97700    -7.27645
  -3.63383  -2.10171  -2.38400     4.15537    10.08915    -5.93378
  -2.80245  -1.49767  -2.38400     2.98632     3.26689    -0.28057
  -3.18766  -0.52032  -3.08677     8.34525    15.10465    -6.75940
  -3.66766   0.31107  -3.08677    12.19188    20.27551    -8.08363
  -4.62765   0.31107  -3.08677    11.71999    19.03551    -7.31551
  -5.10766  -0.52032  -3.08677    10.34575    17.28976    -6.94402
  -4.62765  -1.35170  -3.08677     8.72426    15.50485    -6.78058
  -3.66766  -1.35170  -3.08677     7.17432    13.36729    -6.19297
  -4.14765  -0.52032  -3.34400     9.91591    16.95105    -7.03514
  -4.47775   0.29204   2.04912     4.79857   -12.82171    17.62027
  -3.99775   1.12343   1.79189     6.09563   -22.26799    28.36362
  -4.95775   1.12343   1.79189     8.13817    -6.14395    14.28212
  -5.43775   0.29204   1.79189     7.32806    -1.31082     8.63888
  -4.95775  -0.53934   1.79189     4.70507    -3.69082     8.39588
  -3.96392   1.87343   1.08912     9.79229   -18.17571    27.96799
  -4.99157   1.87343   1.08912    10.60805    -2.25552    12.86357
  -5.82296   1.26939   1.08912    10.11294     3.18644     6.92650
  -6.14052   0.29204   1.08912     8.98845     5.38857     3.59988
  -5.82296  -0.68531   1.08912     7.47803     5.98545     1.49258
  -4.47775   2.21204   0.12912    14.16226     1.61958    12.54268
  -5.43775   1.95481   0.12912    11.99986     6.19938     5.80049
  -6.14052   1.25204   0.12912    10.80760     8.62490     2.18270
  -6.39775   0.29204   0.12912     9.83621    10.33003    -0.49382
  -6.14052  -0.66796   0.12912     9.25702    11.94181    -2.68479
  -4.99157   1.87343  -0.83088    14.27145    12.35995     1.91150
  -5.82296   1.26939  -0.83088    11.34788    13.23682    -1.88894
  -6.14052   0.29204  -0.83088    10.42858    15.45298    -5.02440
  -3.65543  -1.28919   2.02531    -4.67557   -23.82355    19.14797
  -4.61543  -1.28919   1.76808     2.42344    -5.79059     8.21403
  -4.13543  -2.12057   1.76808    -1.54054   -10.96579     9.42526
  -3.17543  -2.12057   1.76808   -14.69000   -31.15500    16.46500
  -5.00064  -2.26654   1.06531     4.08697     1.82598     2.26098
  -4.16926  -2.87057   1.06531    -0.75489    -5.36674     4.61184
  -3.14161  -2.87057   1.06531   -14.02107   -19.90651     5.88544
  -5.31820  -2.24919   0.10531     6.39369     9.13545    -2.74175
  -4.61543  -2.95196   0.10531     3.05095     3.98626    -0.93531
  -3.65543  -3.20919   0.10531    -3.44691    -3.56659     0.11968
  -4.16926  -2.87057  -0.85469     2.16052     8.11412    -5.95360
  -3.14161  -2.87057  -0.85469    -5.16315    13.45047   -18.61362
   1.00558   2.61756  -1.05439   -14.14595   -12.49034    -1.65561
   0.55941   2.53618  -2.01439    -3.55923    11.58890   -15.14813
  -0.46824   2.53618  -2.01439    11.46962    39.72564   -28.25602
   1.00558   0.95479  -2.71716    -8.80772    15.44120   -24.24892
   0.52558   1.78617  -2.71716    -1.94967    19.02049   -20.97016
  -0.43442   1.78617  -2.71716     9.84813    40.94333   -31.09519
  -0.91442   0.95479  -2.71716    12.96246    45.03838   -32.07591
  -0.43442   0.12340  -2.71716     7.27472    32.55618   -25.28146
   0.52558   0.12340  -2.71716     0.23783    25.67564   -25.43782
   0.04558   0.95479  -2.97439     4.23757    30.10492   -25.86735
  -2.86816   2.76346   0.04685    19.77847     5.43650    14.34197
  -2.35433   3.10207  -0.91315    23.68158    29.52889    -5.84731
  -3.31434   2.84484  -0.91315    22.95869    22.96637    -0.00768
  -4.01710   2.14207  -0.91315    22.05508    17.44520     4.60987
  -1.84051   2.76346  -1.87315    23.52847    42.44135   -18.91288
  -2.86816   2.76346  -1.87315    24.07817    34.76676   -10.68859
  -3.69954   2.15942  -1.87315    23.23730    29.21406    -5.97676
  -1.39434   1.18207  -2.57592    17.92167    50.22797   -32.30630
  -1.87434   2.01346  -2.57592    21.43635    44.88055   -23.44420
  -2.83434   2.01346  -2.57592    22.18183    36.91147   -14.72963
  -3.31434   1.18207  -2.57592    19.65987    30.42010   -10.76023
  -2.35433   1.18207  -2.83315    17.54266    36.53142   -18.98877
   0.81033  -1.24716   2.51679     0.27610   -53.22336    53.49947
   0.33033  -2.07855   2.25956    -4.47289   -37.32976    32.85687
   1.29034  -2.07855   2.25956     6.73067   -19.95022    26.68089
   0.29651  -2.82855   1.55679    -5.34199   -23.40364    18.06165
   1.32416  -2.82855   1.55679     9.87323     2.57056     7.30268
   0.81033  -3.16716   0.59679     3.74435     4.69910    -0.95476
   0.29651  -2.82855  -0.36321    -5.22464     5.59703   -10.82168
   1.32416  -2.82855  -0.36321     7.46548    27.73349   -20.26801
   2.83572   0.82856   2.25851    -0.93499   -18.30727    17.37229
   3.11220   1.67040   1.67322    -7.65311   -22.52749    14.87438
   1.28585  -0.06626  -2.73044    -7.00489    24.18045   -31.18534
   1.80248  -0.96107  -2.73044    -2.97000    20.58161   -23.55161
  -1.60792  -2.18707  -1.84811    -5.21523    -5.79502     0.57979
  -0.54311  -2.03397  -1.84811    -3.37788    20.93946   -24.31734
  -0.81959  -1.19213  -2.43340     2.62801    18.01414   -15.38613
   3.36156  -1.14269   2.72846     3.60253     1.29261     2.30993
   2.84493  -0.24787   2.52294     2.30798   -14.47154    16.77952
   2.32831  -1.14269   2.52294     3.88679   -20.54066    24.42745
   3.87818  -2.03750   2.52294     4.27208    11.17980    -6.90771
   4.91684  -3.09295   1.06171     3.83910    18.89632   -15.05722
   4.39480  -3.63716   0.02846     4.05497    21.13289   -17.07793
   5.27075  -3.05188   0.02846     3.25301    19.28079   -16.02778
   5.85603  -2.17593   0.02846     2.44352    17.19654   -14.75302
   5.60900  -0.06038  -1.00478    -6.47715     3.25247    -9.72962
   1.80628  -3.09295  -1.00478     4.01230    26.00095   -21.98865
   2.80648  -3.57462  -1.00478     3.99222    24.05125   -20.05903
   2.11130  -2.58556  -1.88073     3.05785    26.67704   -23.61918
   1.83325   1.72093   2.86681    -1.58132   -16.68686    15.10553
   0.71717   3.45758   2.86681     0.24598    -4.44111     4.68710
  -0.34764   3.61068   2.86681     1.71624    -2.81528     4.53152
  -1.32619   3.16379   2.86681     3.10617    -5.02622     8.13239
   0.47914   4.15286   1.99086     0.59613    -2.02884     2.62497
  -2.57041   1.72093   1.99086     4.31413   -34.13105    38.44518
  -0.07593   4.42093   0.95762     1.85304     1.91405    -0.06101
   0.71717   3.45758  -0.95157    -4.80610     0.24657    -5.05267
  -3.76279  -0.33646   2.28575    -0.61935   -24.31884    23.69949
  -6.01023  -1.41878   0.61899     6.45143     7.37588    -0.92446
  -6.25726  -1.36971  -0.41425     7.48682    11.43486    -3.94805
  -5.67197  -2.24565  -0.41425     6.00338    10.05640    -4.05302
  -4.31786   2.09547  -1.44750    18.44313    19.03054    -0.58741
  -5.31807   1.61380  -1.44750    12.21133    14.80346    -2.59213
  -6.01023   0.74585  -1.44750    10.05333    15.22962    -5.17629
  -4.31786  -2.76840  -1.44750     2.84701     9.61805    -6.77104
  -3.20771  -2.76840  -1.44750    -2.21699     6.84914    -9.06613
  -4.03449   1.55329  -2.32344    17.96560    24.26982    -6.30422
  -2.96620   1.17919   2.03475     2.85705   -40.20025    43.05730
  -1.65647  -1.45228  -2.36891     0.64571     3.04783    -2.40212
  -1.41633   0.28438  -2.95420     8.52095    28.58552   -20.06457
  -1.93296  -0.61044  -2.95420     4.20871    13.35146    -9.14275
  -2.44958   0.28438  -3.15972     9.21372    21.44139   -12.22767
   1.05942  -0.34932   2.89809    -1.24059   -50.73720    49.49661
   2.09266  -0.34932   2.69256     0.21649   -37.78661    38.00310
   1.57604  -1.24414   2.69256     2.28727   -38.26677    40.55405
   0.78771  -2.23908  -1.71110    -1.04794    23.48805   -24.53599
   0.54279  -1.24414  -2.29638    -0.33070    22.67171   -23.00241
   3.14563   1.93556   1.47081   -10.78124   -26.26314    15.48190
   4.25639   2.05384   0.77156   -17.12160   -26.96409     9.84249
   3.41740   2.78083   0.77156   -18.02898   -32.87748    14.84851
   4.81246   2.05464  -0.23888   -21.87937   -29.40886     7.52949
   4.13074   2.90948  -0.23888   -23.46760   -35.96981    12.50221
   3.14563   3.38388  -0.23888   -21.81223   -35.93701    14.12478
   5.05576   0.98866  -1.36039   -20.56788   -20.22819    -0.33969
   4.81246   2.05464  -1.36039   -24.99370   -31.92450     6.93080
   4.13074   2.90948  -1.36039   -25.82139   -37.00186    11.18047
   3.14563   3.38388  -1.36039   -24.36055   -36.27441    11.91387
   2.05225   3.38388  -1.36039   -20.73417   -28.71287     7.97870
   1.06714   2.90948  -1.36039   -13.20531   -10.88786    -2.31745
   4.56915   0.98866  -2.37083   -22.39519   -22.86150     0.46632
   4.25639   2.05384  -2.37083   -25.75236   -32.17061     6.41824
   3.41740   2.78083  -2.37083   -25.48442   -34.18258     8.69817
   2.31855   2.93882  -2.37083   -22.67129   -28.29234     5.62105
   1.30872   2.47765  -2.37083   -16.16590   -11.56588    -4.60002
   3.69233   0.98866  -3.07008   -22.02809   -20.97532    -1.05277
   3.14563   1.93556  -3.07008   -23.87548   -26.73762     2.86214
   2.05225   1.93556  -3.07008   -20.31123   -17.25213    -3.05910
   1.50555   0.98866  -3.07008   -14.34047     3.04888   -17.38935
   2.05225   0.04176  -3.07008   -12.66314     8.14415   -20.80729
   3.14563   0.04176  -3.07008   -15.54404    -5.28788   -10.25616
   2.59894   0.98866  -3.31963   -19.70882   -13.01812    -6.69070
  -1.33706  -1.40187   3.12006   -13.42494   -42.85911    29.43417
  -0.24367  -1.40187   2.87051    -9.73393   -45.75902    36.02510
  -1.88375  -0.45497   2.87051    -8.25928   -41.24115    32.98187
  -2.43044  -1.40187   2.87051   -13.54040   -39.99586    26.45546
  -1.88375  -2.34877   2.87051   -16.86181   -39.57028    22.70848
  -0.79036  -2.34877   2.87051   -14.92280   -40.71974    25.79693
  -3.22747  -1.95694   2.17126   -12.14733   -30.37062    18.22329
  -2.62727  -2.89086   2.17126   -17.03500   -31.36519    14.33019
  -1.61745  -3.35203   2.17126   -18.10804   -34.66485    16.55680
  -0.51860  -3.19404   2.17126   -14.70380   -33.90262    19.19882
  -2.86886  -3.32269   1.16082   -15.63189   -21.65985     6.02796
  -1.88375  -3.79709   1.16082   -18.11306   -28.20282    10.08976
  -0.79036  -3.79709   1.16082   -16.02659   -28.16084    12.13425
   0.19474  -3.32269   1.16082    -7.64181   -18.29346    10.65165
  -2.86886  -3.32269   0.03931   -12.98694   -14.26277     1.27583
  -1.88375  -3.79709   0.03931   -16.72187   -22.82759     6.10571
  -0.79036  -3.79709   0.03931   -15.04831   -20.77121     5.72290
   0.19474  -3.32269   0.03931    -7.29292    -6.27844    -1.01448
  -2.62727  -2.89086  -0.97113    -9.96485     3.72784   -13.69269
  -1.61745  -3.35203  -0.97113   -13.74058   -15.67789     1.93732
  -0.51860  -3.19404  -0.97113   -11.39683    -5.40812    -5.98871
  -1.88375  -2.34877  -1.67038    -7.01932   -10.95691     3.93758
  -0.79036  -2.34877  -1.67038    -6.76957     9.79539   -16.56497
   5.95968  -1.45123  -0.92589     0.61810    13.54318   -12.92508
   4.06004  -3.59548  -0.92589     4.00853    21.90011   -17.89158
   5.02670  -3.22888  -0.92589     3.60190    18.82556   -15.22365
   5.71226  -2.45503  -0.92589     2.63428    16.34943   -13.71514
   5.67029  -1.45123  -2.00589     0.20143    10.46534   -10.26391
   5.37334  -0.43990  -2.00589    -5.31061     3.56947    -8.88008
   2.57469  -2.86495  -2.00589     3.25615    24.15747   -20.90133
   3.53346  -3.30280  -2.00589     3.62889    20.00937   -16.38048
   4.57676  -3.15280  -2.00589     3.65650    16.93797   -13.28147
   5.37334  -2.46256  -2.00589     2.73218    14.12157   -11.38940
   4.87968  -1.45123  -2.79651    -0.17194     9.79191    -9.96384
   4.33968  -0.51592  -2.79651    -6.91327     2.31845    -9.23173
   3.25968  -0.51592  -2.79651    -9.20368     4.84710   -14.05078
   2.71968  -1.45123  -2.79651    -0.43298    18.73616   -19.16914
   3.25968  -2.38654  -2.79651     2.35191    18.08428   -15.73238
   4.33968  -2.38654  -2.79651     2.52196    14.48588   -11.96392
   3.79968  -1.45123  -3.08589    -0.75427    11.88318   -12.63745
   4.16711  -0.71359   2.79242     3.39357     4.50058    -1.10701
   5.24711  -0.71359   2.50304     3.51845     7.55487    -4.03643
   4.70711   0.22172   2.50304     2.16177     2.14462     0.01715
   3.62711   0.22172   2.50304     2.02309    -3.59387     5.61696
   4.70711  -1.64890   2.50304     3.93762    11.28688    -7.34925
   6.03772  -0.71359   1.71242     2.95118     8.94452    -5.99335
   5.74077   0.29774   1.71242     1.20607     4.01807    -2.81200
   4.94419   0.98798   1.71242    -1.71247    -2.53681     0.82433
   3.90089   1.13798   1.71242    -3.67783    -9.85199     6.17416
   5.74077  -1.72492   1.71242     3.62136    13.12484    -9.50349
   6.32711  -0.71359   0.63242     1.34789     9.79102    -8.44313
   6.07969   0.29021   0.63242    -1.27133     3.87004    -5.14137
   5.39413   1.06405   0.63242    -6.40562    -5.22727    -1.17835
   6.07969  -1.71740   0.63242     2.61734    14.73526   -12.11791
   6.03772  -0.71359  -0.44758    -0.98833    10.72743   -11.71575
   5.74077   0.29774  -0.44758    -6.29204     1.10387    -7.39591
   2.96315  -2.02398   2.70035     4.67495     2.40446     2.27048
   1.88315  -2.02398   2.41096     6.55496   -11.78720    18.34216
   2.42315  -2.95929   2.41096     5.64947     3.76779     1.88168
   3.50315  -2.95929   2.41096     4.89269    10.47055    -5.57786
   1.73816  -3.43770   1.62035     6.11696     5.68126     0.43570
   2.69693  -3.87556   1.62035     5.52459    11.08230    -5.55771
   3.74023  -3.72555   1.62035     4.98870    14.61605    -9.62735
   4.53681  -3.03531   1.62035     4.34299    17.59916   -13.25617
   1.34636  -3.45633   0.54035     5.88541    12.19031    -6.30490
   2.19720  -4.04362   0.54035     5.10542    14.42020    -9.31478
   3.22351  -4.16823   0.54035     4.89520    16.91830   -12.02310
   4.19017  -3.80163   0.54035     4.41578    19.36043   -14.94464
   1.73816  -3.43770  -0.53965     4.45657    21.58567   -17.12909
   2.69693  -3.87556  -0.53965     4.28150    21.11797   -16.83647
  -0.18637   1.35018   4.14194     2.05823   -12.93668    14.99491
   0.89363   1.35018   3.85256     1.03853   -14.50290    15.54142
   0.35363   2.28548   3.85256     1.48908    -8.41444     9.90352
  -0.72637   2.28548   3.85256     2.44854    -8.40855    10.85709
  -1.26637   1.35018   3.85256     2.28978   -14.29707    16.58685
  -0.72637   0.41487   3.85256     0.76368   -20.83759    21.60127
   0.35363   0.41487   3.85256     0.93122   -21.57044    22.50166
   1.68425   1.35018   3.06194    -0.98393   -19.34770    18.36377
  -1.41136   2.76389   3.06194     3.05283    -7.05374    10.10657
  -1.98121   1.87719   3.06194     3.06789   -15.31948    18.38737
  -1.98121   0.82316   3.06194     1.27949   -24.89414    26.17363
  -1.41136  -0.06354   3.06194    -3.19402   -33.76507    30.57104
  -0.45258  -0.50140   3.06194    -4.32166   -39.60363    35.28197
   0.59071  -0.35140   3.06194    -1.11132   -43.14303    42.03171
   1.38729   0.33884   3.06194    -0.76117   -35.02511    34.26394
   1.94556   2.26928   2.74521    -1.80221   -13.24482    11.44261
   1.40556   3.20459   2.74521    -0.66642    -7.18907     6.52266
   2.73618   2.26928   1.95460    -5.67143   -19.66256    13.99113
   2.43923   3.28061   1.95460    -3.83597   -13.67500     9.83903
   1.64265   3.97085   1.95460    -1.36044    -7.38706     6.02662
   2.77815   3.27308   0.87460   -11.63152   -24.92708    13.29556
   2.09259   4.04693   0.87460    -5.26355   -12.88914     7.62559
   1.12592   4.41353   0.87460    -1.52359    -4.58557     3.06197
   1.64265   3.97085  -0.20540    -8.07228   -12.71323     4.64094
   0.59935   4.12086  -0.20540    -1.57191     0.37541    -1.94732
   1.40556   3.20459  -0.99602   -15.63063   -18.53106     2.90042
  -1.16712   4.26279   1.82693     4.25200     0.14215     4.10985
  -2.12590   3.82494   1.82693     6.36734    -2.49900     8.86634
  -2.69575   2.93823   1.82693     7.09462   -11.23208    18.32670
  -2.69575   1.88421   1.82693     5.10228   -33.71859    38.82087
  -0.64054   4.55547   0.74693     3.83220     3.61485     0.21735
  -1.66685   4.43085   0.74693     7.24271     4.14023     3.10248
  -2.51769   3.84356   0.74693    10.29555     2.24075     8.05479
  -2.99814   2.92814   0.74693    12.49058    -6.75602    19.24660
  -0.12382   4.11279  -0.33307     2.46925     7.12039    -4.65114
  -1.16712   4.26279  -0.33307     7.79681    10.48738    -2.69057
  -2.12590   3.82494  -0.33307    13.56738    13.29287     0.27452
  -1.44090   3.34653  -1.12368    16.21359    27.37126   -11.15767
  -6.24489  -0.00340  -1.42400     9.41766    15.47205    -6.05439
  -6.24489  -1.03724  -1.42400     8.38980    14.50938    -6.11958
  -5.76444  -1.95266  -1.42400     7.01305    13.34515    -6.33210
  -4.41387   1.33126  -2.50400    14.55885    20.80773    -6.24888
  -5.37265   0.89340  -2.50400    10.86658    16.98201    -6.11542
  -5.94250   0.00669  -2.50400     9.35240    15.59480    -6.24240
  -5.94250  -1.04733  -2.50400     8.30509    14.54157    -6.23648
  -5.37265  -1.93404  -2.50400     6.88692    13.23480    -6.34788
  -4.41387  -2.37189  -2.50400     4.86885    11.23989    -6.37104
  -3.37057  -2.22189  -2.50400     2.72590     7.65394    -4.92804
  -3.06766  -0.52032  -3.29461     7.35943    14.51987    -7.16044
  -3.60766   0.41499  -3.29461    11.15335    19.35129    -8.19793
  -4.68766   0.41499  -3.29461    10.47376    17.25804    -6.78428
  -5.22766  -0.52032  -3.29461     8.94954    15.26796    -6.31842
  -4.68766  -1.45563  -3.29461     7.35943    13.59301    -6.23358
  -3.60766  -1.45563  -3.29461     5.98519    11.96768    -5.98250
  -4.14765  -0.52032  -3.58400     8.58935    15.30915    -6.71980
  -4.47775   0.29204   2.28912     3.78137   -13.34201    17.12338
  -3.93775   1.22735   1.99973     5.22276   -21.70379    26.92655
  -5.01775   1.22735   1.99973     6.92519    -6.57401    13.49921
  -5.55775   0.29204   1.99973     6.13202    -2.24462     8.37664
  -5.01775  -0.64326   1.99973     3.70419    -4.96176     8.66595
  -4.74396   2.14362   1.20912     9.43837    -4.93681    14.37518
  -5.70274   1.70576   1.20912     8.98907     1.01524     7.97383
  -6.27259   0.81906   1.20912     8.20280     3.54991     4.65289
  -6.27259  -0.23497   1.20912     7.10466     4.50603     2.59864
  -4.21739   2.43630   0.12912    14.15661     0.82106    13.33555
  -5.24369   2.31168   0.12912    11.32717     4.71088     6.61629
  -6.09453   1.72439   0.12912     9.92155     6.81821     3.10334
  -6.57498   0.80897   0.12912     8.99535     8.29327     0.70208
  -6.57498  -0.22488   0.12912     8.28877     9.52559    -1.23682
  -4.74396   2.14362  -0.95088    15.08847    12.72634     2.36213
  -5.70274   1.70576  -0.95088    11.12198    11.74213    -0.62015
  -6.27259   0.81906  -0.95088     9.70632    12.85293    -3.14661
  -3.65543  -1.28919   2.26531    -5.04204   -23.90006    18.85802
  -4.73543  -1.28919   1.97592     1.83296    -6.65969     8.49265
  -4.19543  -2.22449   1.97592    -2.35191   -11.60785     9.25594
  -5.45028  -1.81620   1.18531     4.57015     2.86519     1.70496
  -4.88043  -2.70290   1.18531     1.73820    -1.32503     3.06323
  -3.92165  -3.14076   1.18531    -4.04869    -9.08763     5.03893
  -5.27222  -2.72153   0.10531     4.21373     5.88283    -1.66910
  -4.42138  -3.30882   0.10531     0.54907     0.96110    -0.41203
  -3.39508  -3.43344   0.10531    -6.58822    -7.04140     0.45318
  -3.92165  -3.14076  -0.97469    -0.05208     5.62131    -5.67339
  -2.87835  -2.99076  -0.97469    -7.32053     7.13552   -14.45605
   0.82266   2.65636  -2.13439    -8.11684     1.76513    -9.88196
  -0.22063   2.80636  -2.13439     6.24999    26.41825   -20.16826
   1.12558   0.95479  -2.92501    -9.93159    11.54197   -21.47357
   0.58558   1.89010  -2.92501    -3.24548    14.45007   -17.69555
  -0.49442   1.89010  -2.92501     8.30321    33.93415   -25.63094
  -1.03442   0.95479  -2.92501    11.36859    38.49222   -27.12363
  -0.49442   0.01948  -2.92501     5.78125    27.99539   -22.21415
   0.58558   0.01948  -2.92501    -0.86220    22.74270   -23.60490
   0.04558   0.95479  -3.21439     2.84513    25.36428   -22.51915
  -2.09398   3.32633  -0.91315    19.69376    25.80118    -6.10743
  -3.12028   3.20171  -0.91315    19.54065    20.26733    -0.72668
  -3.97112   2.61442  -0.91315    19.04868    16.15808     2.89059
  -1.57725   2.88365  -1.99315    18.87047    37.33055   -18.46009
  -2.62055   3.03365  -1.99315    19.97927    30.50053   -10.52125
  -3.57933   2.59579  -1.99315    19.92656    26.19725    -6.27069
  -1.27434   1.18207  -2.78377    14.65988    43.59378   -28.93390
  -1.81434   2.11738  -2.78377    17.53136    38.16450   -20.63314
  -2.89434   2.11738  -2.78377    18.53977    31.34373   -12.80397
  -2.35433   1.18207  -3.07315    14.72639    31.44225   -16.71586
   0.81033  -1.24716   2.75679    -0.72979   -45.88630    45.15650
   0.27034  -2.18247   2.46741    -5.92432   -35.49926    29.57494
   1.35033  -2.18247   2.46741     4.59149   -18.20454    22.79602
   0.54412  -3.09874   1.67679    -1.97665   -15.03873    13.06207
   1.07069  -3.39141   0.59679     4.35115     7.79444    -3.44329
   0.54412  -3.09874  -0.48321    -2.15675     9.34362   -11.50037
   2.83213   0.82234   2.58311    -0.87726   -17.42313    16.54587
   3.12017   1.68784   2.06217    -5.02572   -18.23634    13.21061
   1.29304  -0.06626  -3.05504    -6.39056    17.92302   -24.31358
   1.80607  -0.95485  -3.05504    -3.53351    16.86729   -20.40080
  -1.61065  -2.20605  -2.23706    -2.71586     0.64759    -3.36345
  -0.53514  -2.05141  -2.23706    -1.84049    15.79301   -17.63350
  -0.82319  -1.18591  -2.75800     2.21260    16.47857   -14.26597
   3.36156  -1.14269   3.02846     2.87525    -1.56792     4.44317
   2.84853  -0.25409   2.84754     1.60705   -14.47341    16.08046
   2.33550  -1.14269   2.84754     2.76418   -18.81140    21.57558
   3.87459  -2.03128   2.84754     3.53225     7.02840    -3.49614
   5.10001  -3.07343   1.52846     3.30760    14.90530   -11.59770
   4.67846  -3.78738   0.54941     3.49648    17.01651   -13.52003
   5.54490  -3.13307   0.54941     2.76669    15.75490   -12.98821
   6.11647  -2.20995   0.54941     2.27158    14.13434   -11.86276
   6.31598  -1.14269  -0.49248    -0.16629    10.68742   -10.85371
   3.63416  -4.08451  -0.49248     3.62700    18.89097   -15.26396
   4.67846  -3.78738  -0.49248     3.21975    17.81300   -14.59325
   5.54490  -3.13307  -0.49248     2.69264    16.24944   -13.55680
   6.11647  -2.20995  -0.49248     1.66667    14.08828   -12.42162
   5.73502  -0.08595  -1.47154    -6.61960     1.34571    -7.96531
   2.06252  -3.39269  -1.47154     2.58157    21.15154   -18.56996
   3.08998  -3.72653  -1.47154     3.13064    20.03178   -16.90114
   2.09875  -2.60005  -2.26967     1.98544    22.27991   -20.29447
   1.85243   1.72093   3.25575    -1.01217   -14.93051    13.91834
   1.54631   2.76348   3.25575    -0.74109    -8.98872     8.24763
   0.72514   3.47503   3.25575     0.26230    -5.30488     5.56718
  -0.35037   3.62966   3.25575     1.53740    -3.98618     5.52358
  -1.33874   3.17829   3.25575     2.66943    -5.83992     8.50934
   0.72692   4.19184   2.45762     0.15437    -3.71669     3.87106
  -0.34751   4.30477   2.45762     1.75828    -1.83709     3.59537
  -2.61724   2.26110   2.45762     4.38064   -17.56224    21.94288
  -2.61724   1.18075   2.45762     2.44729   -31.63654    34.08382
   0.19667   4.66275   1.47856     0.93122    -0.86525     1.79647
   0.19667   4.66275   0.43668     0.74297     1.03790    -0.29493
   0.72514   3.47503  -1.34051    -5.18511    -0.00476    -5.18035
  -0.35037   3.62966  -1.34051     5.18511    15.51709   -10.33198
  -3.76279  -0.33646   2.58575    -0.98331   -22.79038    21.80707
  -5.86467  -1.86357   1.08575     4.41265     3.36366     1.04899
  -6.66691  -0.87934   0.10669     6.88441     8.48929    -1.60488
  -6.27469  -1.89177   0.10669     5.56224     7.46298    -1.90073
  -4.57130   2.50518  -0.93520    14.99120    12.26900     2.72220
  -6.66691   0.20641  -0.93520     8.34211    11.66860    -3.32649
  -6.66691  -0.87934  -0.93520     7.35316    11.34517    -3.99201
  -6.27469  -1.89177  -0.93520     6.19603    10.43431    -4.23828
  -5.54322  -2.69414  -0.93520     4.54317     8.81327    -4.27010
  -5.06182   1.91354  -1.91425    12.48744    15.40060    -2.91316
  -5.86467   1.19065  -1.91425     9.88202    14.16181    -4.27979
  -4.03436  -2.92031  -1.91425     1.81287     7.69869    -5.88582
  -2.95994  -2.80738  -1.91425    -1.86245     2.94852    -4.81097
  -4.03722   1.57227  -2.71239    15.17569    22.16495    -6.98926
  -2.96261   1.17297   2.35935     2.59538   -31.98192    34.57729
  -3.74862   2.53438   1.04028     9.85127   -11.62128    21.47256
  -1.64851  -1.46972  -2.75786     1.29204     7.40724    -6.11520
  -1.42352   0.28438  -3.27880     7.32053    24.63858   -17.31806
  -1.93655   1.17297  -3.27880    12.04128    29.67031   -17.62903
  -2.96261   1.17297  -3.27880    13.11369    24.63611   -11.52242
  -1.93655  -0.60422  -3.27880     4.47163    14.23617    -9.76454
  -2.44958   0.28438  -3.45972     8.36345    19.77798   -11.41453
   1.05942  -0.34932   3.19809    -0.77497   -39.16029    38.38531
   2.08548  -0.34932   3.01717     0.30622   -30.03276    30.33898
   0.54638  -1.23792   3.01717    -2.58722   -40.42839    37.84117
   1.57245  -1.23792   3.01717     1.22302   -31.20990    32.43291
   0.78784  -2.93316  -1.30191    -0.93185    17.48987   -18.42173
   0.78498  -2.25806  -2.10004    -0.81764    20.58948   -21.40713
   0.54638  -1.23792  -2.62099    -0.27799    20.71602   -20.99401
   4.31358   1.97861   1.18026   -11.78902   -19.69293     7.90391
   3.58889   2.70330   1.18026   -13.25300   -25.39018    12.13718
   4.96216   2.04083   0.27188   -15.82893   -21.48029     5.65136
   4.32989   2.91108   0.27188   -17.86143   -27.83881     9.97738
   3.39832   3.44892   0.27188   -16.85114   -28.82285    11.97171
   5.39894   0.98866  -0.79963   -14.68874   -12.83013    -1.85861
   5.20986   2.00014  -0.79963   -18.91188   -23.39088     4.47900
   4.66816   2.87501  -0.79963   -20.54843   -28.98292     8.43449
   3.84701   3.49512  -0.79963   -20.23342   -30.57971    10.34630
   2.85729   3.77672  -0.79963   -18.24107   -28.13270     9.89162
   5.18580   0.98866  -1.87115   -17.37950   -16.44603    -0.93347
   4.96216   2.04083  -1.87115   -20.80319   -25.20052     4.39733
   4.32989   2.91108  -1.87115   -21.71183   -29.33054     7.61872
   3.39832   3.44892  -1.87115   -20.79692   -29.15130     8.35438
   2.32854   3.56135  -1.87115   -18.18397   -24.06235     5.87838
   1.30551   3.22895  -1.87115   -13.00011   -11.95264    -1.04747
   4.57884   0.98866  -2.77953   -18.27057   -17.44417    -0.82640
   4.31358   1.97861  -2.77953   -20.92430   -24.35373     3.42942
   3.58889   2.70330  -2.77953   -21.07177   -26.28168     5.20991
   2.59894   2.96856  -2.77953   -19.20618   -22.74376     3.53758
   1.60899   2.70330  -2.77953   -15.01944   -12.36996    -2.64948
   4.31358  -0.00129  -2.77953   -12.62110    -5.99672    -6.62438
   3.67045   0.98866  -3.38650   -17.78425   -15.21421    -2.57004
   3.13470   1.91662  -3.38650   -19.25513   -19.53054     0.27542
   2.06318   1.91662  -3.38650   -16.21108   -11.64207    -4.56901
   1.52743   0.98866  -3.38650   -11.58885     3.07782   -14.66667
   2.06318   0.06070  -3.38650   -10.63189     6.09446   -16.72635
   3.13470   0.06070  -3.38650   -12.96623    -3.28247    -9.68376
   2.59894   0.98866  -3.59964   -15.82955    -8.79103    -7.03852
  -1.33706  -1.40187   3.40006   -10.32441   -36.33200    26.00759
  -0.26554  -1.40187   3.18693    -7.71837   -38.88031    31.16194
  -1.87281  -0.47391   3.18693    -6.59952   -35.25023    28.65071
  -2.40857  -1.40187   3.18693   -10.54090   -34.06421    23.52330
  -1.87281  -2.32983   3.18693   -13.11181   -33.68257    20.57076
  -0.80130  -2.32983   3.18693   -11.60579   -34.69722    23.09143
  -3.05170  -0.41192   2.57996    -4.73519   -34.25733    29.52214
  -3.31696  -1.40187   2.57996    -8.06036   -28.70229    20.64193
  -3.05170  -2.39182   2.57996   -11.71246   -27.50704    15.79457
  -2.32701  -3.11651   2.57996   -14.16289   -28.86279    14.69990
  -1.33706  -3.38177   2.57996   -14.01103   -30.11316    16.10213
  -0.34711  -3.11651   2.57996   -10.80509   -29.15471    18.34963
  -2.63049  -3.64216   1.67158   -13.85729   -22.52756     8.67026
  -1.60746  -3.97456   1.67158   -14.49923   -25.36053    10.86129
  -0.53767  -3.86212   1.67158   -11.93586   -23.75300    11.81714
  -3.02443  -3.63632   0.60006   -11.18787   -14.81223     3.62437
  -2.10331  -4.09498   0.60006   -13.86859   -19.85859     5.99001
  -1.07871  -4.18993   0.60006   -13.19276   -20.12888     6.93612
  -0.08899  -3.90833   0.60006    -9.10265   -14.00825     4.90560
  -2.63049  -3.64216  -0.47145   -10.66641   -10.36839    -0.29802
  -1.60746  -3.97456  -0.47145   -12.41528   -15.20353     2.78825
  -0.53767  -3.86212  -0.47145   -10.43611   -10.45663     0.02052
  -2.32701  -3.11651  -1.37984    -8.09425    -5.25151    -2.84273
  -1.33706  -3.38177  -1.37984    -9.60780    -7.54658    -2.06122
  -0.34711  -3.11651  -1.37984    -7.40085     3.41613   -10.81698
   6.13950  -1.45123  -1.45994    -0.21335    10.02916   -10.24251
   5.90779  -0.43602  -1.45994    -4.17859     4.79999    -8.97858
   4.32034  -3.73239  -1.45994     3.18085    17.31136   -14.13051
   5.25854  -3.28058  -1.45994     2.79304    15.11190   -12.31885
   5.90779  -2.46644  -1.45994     1.79593    12.92578   -11.12985
   5.67607  -1.45123  -2.42227    -0.64696     8.38463    -9.03159
   5.37820  -0.43677  -2.42227    -5.55158     2.09315    -7.64472
   2.57090  -2.86932  -2.42227     2.23142    20.02739   -17.79597
   3.53264  -3.30853  -2.42227     2.68009    16.93605   -14.25596
   4.57916  -3.15806  -2.42227     2.63052    14.41637   -11.78585
   5.37820  -2.46569  -2.42227     1.70243    11.86758   -10.16514
   4.84100  -1.45123  -3.08822    -1.11446     8.25092    -9.36538
   4.32034  -0.54942  -3.08822    -6.61207     2.16666    -8.77873
   3.27902  -0.54942  -3.08822    -8.29442     4.50790   -12.80232
   2.75836  -1.45123  -3.08822    -1.48908    15.22701   -16.71609
   3.27902  -2.35304  -3.08822     1.20168    15.31367   -14.11199
   4.32034  -2.35304  -3.08822     1.29894    12.41588   -11.11693
   3.79968  -1.45123  -3.32589    -1.61395    10.08780   -11.70176
   4.16711  -0.71359   3.03242     2.68762     2.27499     0.41263
   5.20843  -0.71359   2.79475     2.68700     5.45367    -2.76667
   4.68777   0.18822   2.79475     1.58007     0.69125     0.88882
   3.64645   0.18822   2.79475     1.49034    -4.88475     6.37508
   4.68777  -1.61540   2.79475     3.26305     8.21215    -4.94910
   6.04350  -0.71359   2.12880     2.32681     6.95345    -4.62665
   5.74563   0.30086   2.12880     0.90173     2.75070    -1.84897
   4.94659   0.99324   2.12880    -1.16842    -2.69305     1.52462
   3.90007   1.14370   2.12880    -2.30170    -8.85254     6.55083
   5.74563  -1.72805   2.12880     3.02585    10.38896    -7.36311
   6.50694  -0.71359   1.16647     1.36170     7.77471    -6.41302
   6.27522   0.30162   1.16647    -0.52334     3.20970    -3.73304
   5.62597   1.11576   1.16647    -3.78639    -3.21006    -0.57633
   4.68777   1.56757   1.16647    -8.71171   -12.92552     4.21380
   6.27522  -1.72880   1.16647     2.37826    11.59369    -9.21542
   6.50694  -0.71359   0.09837    -0.20018     8.34148    -8.54166
   6.27522   0.30162   0.09837    -3.19214     2.29394    -5.48608
   5.62597   1.11576   0.09837    -8.89432    -7.35751    -1.53681
   2.96315  -2.02398   2.94035     3.77886    -0.12878     3.90765
   1.92183  -2.02398   2.70267     4.44716   -12.90879    17.35595
   2.44249  -2.92579   2.70267     4.26393     0.82916     3.43477
   3.48381  -2.92579   2.70267     3.99347     7.27083    -3.27736
   1.73437  -3.44207   2.03672     4.29530     1.10179     3.19352
   2.69611  -3.88128   2.03672     4.31413     7.47276    -3.15863
   3.74263  -3.73081   2.03672     4.11709    11.13532    -7.01823
   4.54167  -3.03844   2.03672     3.77949    13.70409    -9.92460
   1.50429  -3.85333   1.07440     3.70168     6.13893    -2.43726
   2.44249  -4.30514   1.07440     4.07191    10.48667    -6.41476
   3.48381  -4.30514   1.07440     4.08509    13.33373    -9.24865
   4.42201  -3.85333   1.07440     3.79141    15.60597   -11.81456
   1.50429  -3.85333   0.00630     3.17206    12.81942    -9.64736
   2.44249  -4.30514   0.00630     3.64395    14.76738   -11.12343
   3.48381  -4.30514   0.00630     3.74686    16.69016   -12.94330
  -0.18637   1.35018   4.38194     1.45708   -12.64884    14.10592
   0.85495   1.35018   4.14427     0.79568   -13.59520    14.39089
   0.33429   2.25199   4.14427     1.22239    -8.89875    10.12114
  -0.70703   2.25199   4.14427     1.96348    -8.90861    10.87209
  -1.22769   1.35018   4.14427     1.68800   -13.66126    15.34927
  -0.70703   0.44836   4.14427     0.38843   -18.87599    19.26442
   0.33429   0.44836   4.14427     0.55472   -19.05467    19.60939
   1.69003   1.35018   3.47832    -0.46687   -16.63642    16.16955
  -1.41515   2.76826   3.47832     2.62048    -7.60727    10.22775
  -1.98676   1.87882   3.47832     2.52698   -13.71962    16.24660
  -1.98676   0.82153   3.47832     0.79882   -21.23963    22.03845
  -1.41515  -0.06791   3.47832    -2.58157   -28.41623    25.83466
  -0.45341  -0.50712   3.47832    -3.31137   -32.39862    29.08726
   0.59312  -0.35665   3.47832    -0.89859   -32.61820    31.71960
   1.39216   0.33572   3.47832    -0.21461   -26.42698    26.21237
   2.74196   2.26928   2.37097    -3.96963   -16.11555    12.14592
   2.44409   3.28374   2.37097    -3.05283   -11.72773     8.67490
   1.64505   3.97611   2.37097    -1.25000    -7.01842     5.76843
   2.97368   3.28449   1.40865    -8.31827   -19.28589    10.96763
   2.32442   4.09863   1.40865    -4.43775   -11.74405     7.30630
   1.38622   4.55044   1.40865    -1.60329    -5.73866     4.13537
   2.32442   4.09863   0.34055    -8.66528   -16.39761     7.73233
   1.38622   4.55044   0.34055    -3.50527    -6.60076     3.09549
   1.64505   3.97611  -0.62178    -9.71949   -13.48307     3.76358
  -1.16794   4.26851   2.24331     3.41804    -1.31182     4.72986
  -2.12968   3.82930   2.24331     5.01443    -3.70663     8.72106
  -2.70129   2.93986   2.24331     5.55283   -10.75258    16.30542
  -0.38024   4.69238   1.28098     2.38140     0.98392     1.39747
  -1.42156   4.69238   1.28098     4.87700     1.59725     3.27975
  -2.35976   4.24057   1.28098     7.11157     0.35064     6.76093
  -3.00902   3.42643   1.28098     8.77133    -4.62302    13.39434
  -0.38024   4.69238   0.21288     2.83885     3.90507    -1.06622
  -1.42156   4.69238   0.21288     6.33220     5.78263     0.54957
  -2.35976   4.24057   0.21288     9.78915     6.36122     3.42793
  -3.00902   3.42643   0.21288    13.63829     4.77327     8.86503
  -1.16794   4.26851  -0.74944     7.74221    11.92599    -4.18378
  -2.12968   3.82930  -0.74944    13.88490    16.51170    -2.62680
  -6.25577   0.49489  -1.95805     8.90436    13.94241    -5.03805
  -6.48748  -0.52032  -1.95805     7.89344    13.13146    -5.23802
  -6.25577  -1.53553  -1.95805     6.88503    12.23408    -5.34905
  -5.60651  -2.34967  -1.95805     5.52961    11.08022    -5.55061
  -4.66832  -2.80148  -1.95805     3.59124     9.42422    -5.83298
  -4.41469   1.33698  -2.92037    12.57404    19.01358    -6.43955
  -5.37643   0.89777  -2.92037     9.83558    15.44563    -5.61005
  -5.94804   0.00832  -2.92037     8.41239    13.93327    -5.52088
  -5.94804  -1.04896  -2.92037     7.37198    12.89028    -5.51830
  -5.37643  -1.93840  -2.92037     6.12763    11.73735    -5.60972
  -4.41469  -2.37762  -2.92037     4.52372    10.17524    -5.65152
  -3.36817  -2.22715  -2.92037     2.98130     8.00323    -5.02193
  -2.56913  -1.53478  -2.92037     2.78928     6.83502    -4.04574
  -3.10633  -0.52032  -3.58632     6.81538    14.13356    -7.31818
  -3.62700   0.38149  -3.58632     9.68310    17.53787    -7.85477
  -4.66832   0.38149  -3.58632     9.23945    15.60605    -6.36660
  -5.18898  -0.52032  -3.58632     7.87838    13.70378    -5.82540
  -4.66832  -1.42213  -3.58632     6.49974    12.29390    -5.79416
  -3.62700  -1.42213  -3.58632     5.50326    11.45402    -5.95076
  -4.14765  -0.52032  -3.82400     7.57969    13.99457    -6.41488
  -4.47775   0.29204   2.52912     3.03024   -13.44933    16.47957
  -3.95709   1.19385   2.29144     4.32668   -19.57741    23.90409
  -4.99841   1.19385   2.29144     5.66327    -7.60047    13.26374
  -5.51907   0.29204   2.29144     4.97615    -4.00108     8.97723
  -4.74479   2.14934   1.62549     7.76167    -6.55464    14.31630
  -5.70653   1.71013   1.62549     7.47991    -1.04257     8.52248
  -6.27814   0.82069   1.62549     6.81601     1.28152     5.53449
  -6.27814  -0.23660   1.62549     5.81952     1.90565     3.91387
  -4.99841   2.57321   0.66317     9.91967     0.44156     9.47811
  -5.93661   2.12140   0.66317     8.82027     3.31362     5.50665
  -6.58586   1.30726   0.66317     8.02271     4.93423     3.08848
  -6.81757   0.29204   0.66317     7.29354     5.93803     1.35551
  -6.58586  -0.72317   0.66317     6.61521     6.55228     0.06293
  -4.99841   2.57321  -0.40493    12.10152     7.37342     4.72810
  -5.93661   2.12140  -0.40493     9.82115     7.76006     2.06109
  -6.58586   1.30726  -0.40493     8.68599     8.62352     0.06247
  -6.81757   0.29204  -0.40493     8.03149     9.66626    -1.63476
  -3.65543  -1.28919   2.50531    -5.00690   -23.32572    18.31882
  -4.17610  -2.19100   2.26763    -3.10492   -13.16582    10.06090
  -5.45582  -1.81783   1.60168     3.18273    -0.33073     3.51346
  -4.88421  -2.70727   1.60168     0.41541    -3.99110     4.40651
  -3.92247  -3.14648   1.60168    -4.94226   -11.30286     6.36060
  -5.11429  -3.11854   0.63936     1.81476     1.03591     0.77885
  -4.17610  -3.57035   0.63936    -2.28162    -4.25714     1.97551
  -3.13477  -3.57035   0.63936   -10.44050   -14.00008     3.55957
  -5.11429  -3.11854  -0.42874     2.89784     5.52720    -2.62936
  -4.17610  -3.57035  -0.42874    -0.74736     1.31823    -2.06560
  -3.13477  -3.57035  -0.42874    -7.10341    -4.87823    -2.22517
   0.56624   3.23595  -1.58844    -3.77384     4.49286    -8.26670
   0.82507   2.66162  -2.55077    -7.03815     3.06626   -10.10441
  -0.22146   2.81209  -2.55077     4.76531    22.38744   -17.62213
   1.08690   0.95479  -3.21671    -7.93298    10.63579   -18.56876
   0.56624   1.85660  -3.21671    -2.95871    13.09970   -16.05841
  -0.47508   1.85660  -3.21671     6.30145    27.56193   -21.26048
  -0.99574   0.95479  -3.21671     8.91063    31.51304   -22.60240
  -0.47508   0.05298  -3.21671     4.49297    24.38160   -19.88863
   0.56624   0.05298  -3.21671    -1.17470    19.82361   -20.99831
   0.04558   0.95479  -3.45439     1.91202    21.64833   -19.73631
  -2.87500   3.46324  -0.37910    16.21610    13.06037     3.15573
  -3.81319   3.01143  -0.37910    15.75551     9.31123     6.44428
  -1.83368   3.46324  -1.44720    16.20167    25.98051    -9.77884
  -2.87500   3.46324  -1.44720    16.98166    21.76559    -4.78393
  -3.81319   3.01143  -1.44720    17.01806    18.77357    -1.75551
  -1.57485   2.88890  -2.40953    15.31437    32.22824   -16.91387
  -2.62137   3.03937  -2.40953    16.62712    27.07170   -10.44458
  -3.58311   2.60016  -2.40953    16.87059    23.90212    -7.03152
  -1.83368   2.08388  -3.07548    14.29278    32.21278   -17.92000
  -2.87500   2.08388  -3.07548    15.40787    27.28137   -11.87351
   0.28967  -2.14897   2.75912    -5.43611   -33.21865    27.78254
   1.33099  -2.14897   2.75912     2.46611   -19.79335    22.25946
   0.54330  -3.10446   2.09317    -2.85517   -17.49165    14.63648
   0.54330  -3.10446  -0.89958    -2.54016    11.88722   -14.42738
