
  Conf 2                                                                        

iqopt   irstrnt  ihfree     qwt
  2      1      1        0.001000

 rel.rms   dipole mom       Qxx      Qyy      Qzz
    0.13934   0.00000   0.00000   0.00000   0.00000

          Point charges before & after optimization
    NO   At.No.    q0           q(opt)   IVARY  d(rstr)/dq 
     1     6   0.419932       0.419932   -1    0.002317
     2     6   0.468913       0.468913   -1    0.002086
     3     6  -0.016421      -0.016421   -1    0.009868
     4     6  -0.011173      -0.011173   -1    0.009938
     5     6  -0.007744      -0.007744   -1    0.009970
     6     6   0.009284       0.009284   -1    0.009957
     7     7  -0.472188      -0.472188   -1    0.002072
     8     7  -0.384772      -0.384772   -1    0.002515
     9     8  -0.497636      -0.497636   -1    0.001970
    10     8  -0.471078      -0.471078   -1    0.002077
    11     1   0.023459       0.031375    0    0.000000
    12     1   0.036670       0.031375   11    0.000000
    13     1   0.033996       0.031375   11    0.000000
    14     1   0.042848       0.024164    0    0.000000
    15     1   0.015252       0.024164   14    0.000000
    16     1   0.011285       0.024164   14    0.000000
    17     1   0.070876       0.061722    0    0.000000
    18     1   0.051465       0.061722   17    0.000000
    19     1   0.060826       0.061722   17    0.000000
    20     1   0.086529       0.077036    0    0.000000
    21     1   0.296764       0.294765    0    0.000000
    22     1   0.232912       0.239297    0    0.000000
    23     6   0.419932       0.419932    1    0.002317
    24     6   0.468913       0.468913    2    0.002086
    25     6  -0.016421      -0.016421    3    0.009868
    26     6  -0.011173      -0.011173    4    0.009938
    27     6  -0.007744      -0.007744    5    0.009970
    28     6   0.009284       0.009284    6    0.009957
    29     7  -0.472188      -0.472188    7    0.002072
    30     7  -0.384772      -0.384772    8    0.002515
    31     8  -0.497636      -0.497636    9    0.001970
    32     8  -0.471078      -0.471078   10    0.002077
    33     1   0.023459       0.031375   11    0.000000
    34     1   0.036670       0.031375   11    0.000000
    35     1   0.033996       0.031375   11    0.000000
    36     1   0.042848       0.024164   14    0.000000
    37     1   0.015252       0.024164   14    0.000000
    38     1   0.011285       0.024164   14    0.000000
    39     1   0.070876       0.061722   17    0.000000
    40     1   0.051465       0.061722   17    0.000000
    41     1   0.060826       0.061722   17    0.000000
    42     1   0.086529       0.077036   20    0.000000
    43     1   0.296764       0.294765   21    0.000000
    44     1   0.232912       0.239297   22    0.000000
    45     6   0.419932       0.419932    1    0.002317
    46     6   0.468913       0.468913    2    0.002086
    47     6  -0.016421      -0.016421    3    0.009868
    48     6  -0.011173      -0.011173    4    0.009938
    49     6  -0.007744      -0.007744    5    0.009970
    50     6   0.009284       0.009284    6    0.009957
    51     7  -0.472188      -0.472188    7    0.002072
    52     7  -0.384772      -0.384772    8    0.002515
    53     8  -0.497636      -0.497636    9    0.001970
    54     8  -0.471078      -0.471078   10    0.002077
    55     1   0.023459       0.031375   11    0.000000
    56     1   0.036670       0.031375   11    0.000000
    57     1   0.033996       0.031375   11    0.000000
    58     1   0.042848       0.024164   14    0.000000
    59     1   0.015252       0.024164   14    0.000000
    60     1   0.011285       0.024164   14    0.000000
    61     1   0.070876       0.061722   17    0.000000
    62     1   0.051465       0.061722   17    0.000000
    63     1   0.060826       0.061722   17    0.000000
    64     1   0.086529       0.077036   20    0.000000
    65     1   0.296764       0.294765   21    0.000000
    66     1   0.232912       0.239297   22    0.000000

        Statistics of the fitting:
  The initial sum of squares (ssvpot)                      1.295
  The residual sum of squares (chipot)                     0.025
  The std err of estimate (sqrt(chipot/N))               0.00504
  ESP relative RMS (SQRT(chipot/ssvpot))                 0.13934
