
  Conf 2                                                                        

iqopt   irstrnt  ihfree     qwt
  1      1      1        0.005000

 rel.rms   dipole mom       Qxx      Qyy      Qzz
    0.13336   0.00000   0.00000   0.00000   0.00000

          Point charges before & after optimization
    NO   At.No.    q0           q(opt)   IVARY  d(rstr)/dq 
     1     6   0.000000       0.419932    0    0.011583
     2     6   0.000000       0.468913    0    0.010428
     3     6   0.000000      -0.016421    0    0.049339
     4     6   0.000000      -0.011173    0    0.049691
     5     6   0.000000      -0.007744    0    0.049851
     6     6   0.000000       0.009284    0    0.049786
     7     7   0.000000      -0.472188    0    0.010359
     8     7   0.000000      -0.384772    0    0.012577
     9     8   0.000000      -0.497636    0    0.009851
    10     8   0.000000      -0.471078    0    0.010383
    11     1   0.000000       0.023459    0    0.000000
    12     1   0.000000       0.036670    0    0.000000
    13     1   0.000000       0.033996    0    0.000000
    14     1   0.000000       0.042848    0    0.000000
    15     1   0.000000       0.015252    0    0.000000
    16     1   0.000000       0.011285    0    0.000000
    17     1   0.000000       0.070876    0    0.000000
    18     1   0.000000       0.051465    0    0.000000
    19     1   0.000000       0.060826    0    0.000000
    20     1   0.000000       0.086529    0    0.000000
    21     1   0.000000       0.296764    0    0.000000
    22     1   0.000000       0.232912    0    0.000000
    23     6   0.000000       0.419932    1    0.011583
    24     6   0.000000       0.468913    2    0.010428
    25     6   0.000000      -0.016421    3    0.049339
    26     6   0.000000      -0.011173    4    0.049691
    27     6   0.000000      -0.007744    5    0.049851
    28     6   0.000000       0.009284    6    0.049786
    29     7   0.000000      -0.472188    7    0.010359
    30     7   0.000000      -0.384772    8    0.012577
    31     8   0.000000      -0.497636    9    0.009851
    32     8   0.000000      -0.471078   10    0.010383
    33     1   0.000000       0.023459   11    0.000000
    34     1   0.000000       0.036670   12    0.000000
    35     1   0.000000       0.033996   13    0.000000
    36     1   0.000000       0.042848   14    0.000000
    37     1   0.000000       0.015252   15    0.000000
    38     1   0.000000       0.011285   16    0.000000
    39     1   0.000000       0.070876   17    0.000000
    40     1   0.000000       0.051465   18    0.000000
    41     1   0.000000       0.060826   19    0.000000
    42     1   0.000000       0.086529   20    0.000000
    43     1   0.000000       0.296764   21    0.000000
    44     1   0.000000       0.232912   22    0.000000
    45     6   0.000000       0.419932    1    0.011583
    46     6   0.000000       0.468913    2    0.010428
    47     6   0.000000      -0.016421    3    0.049339
    48     6   0.000000      -0.011173    4    0.049691
    49     6   0.000000      -0.007744    5    0.049851
    50     6   0.000000       0.009284    6    0.049786
    51     7   0.000000      -0.472188    7    0.010359
    52     7   0.000000      -0.384772    8    0.012577
    53     8   0.000000      -0.497636    9    0.009851
    54     8   0.000000      -0.471078   10    0.010383
    55     1   0.000000       0.023459   11    0.000000
    56     1   0.000000       0.036670   12    0.000000
    57     1   0.000000       0.033996   13    0.000000
    58     1   0.000000       0.042848   14    0.000000
    59     1   0.000000       0.015252   15    0.000000
    60     1   0.000000       0.011285   16    0.000000
    61     1   0.000000       0.070876   17    0.000000
    62     1   0.000000       0.051465   18    0.000000
    63     1   0.000000       0.060826   19    0.000000
    64     1   0.000000       0.086529   20    0.000000
    65     1   0.000000       0.296764   21    0.000000
    66     1   0.000000       0.232912   22    0.000000

        Statistics of the fitting:
  The initial sum of squares (ssvpot)                      1.295
  The residual sum of squares (chipot)                     0.023
  The std err of estimate (sqrt(chipot/N))               0.00482
  ESP relative RMS (SQRT(chipot/ssvpot))                 0.13336
